0.001115678998758085
0.00047502700181212276
0.001321540999924764
0.0004278310007066466
0.0008580870016885456
0.000529240001924336
0.00046060699969530106
0.0006165689992485568
0.0005431699973996729
0.00044919399806531146
0.0004979549994459376
0.00043994800216751173
0.0007416759981424548
0.0005737660030717961
0.0020976230007363483
0.0005013279987906571
0.00044382899795891717
0.0004367770015960559
0.0004396599979372695
0.0010538210008235183
0.00048138500278582796
0.0004456710012163967
0.00042799400034709834
0.0005121389986015856
0.0004952710005454719
0.0006399630001396872
0.000667120999423787
0.0004975159972673282
0.0004525199983618222
0.00046101399857434444
