0.006898192999997832
0.015324595999999246
0.0004399809999995341
0.0005139060000090012
0.0004688420000036331
0.0004821880000065448
0.0007990849999828242
0.00044292100000120627
0.000469030999994402
0.000804611999996041
0.017722894000002043
0.0004580480000129228
0.0004700409999998101
85.373686889
0.00048349599998687154
0.00047214699998221477
0.0004583669999931317
0.0004579189999844857
0.0004536349999852973
0.0004748719999838613
0.00048216299998671275
0.0004909190000148556
0.012620289000011553
0.0005445479999934832
0.0004338229999802934
0.00045807499998318235
0.000480426999985184
0.0004653390000157742
0.0011868429999992713
0.00044524399999090747
0.015300127000017483
0.005768649000003734
0.0004830959999821971
0.0005028279999805818
0.014057060999959958
0.000487921000001279
0.0005132610000373461
0.007019438999975591
0.0005152489999886711
0.00044945299998744304
0.0005100619999893752
0.0004966230000036376
0.0004558740000106809
0.000539754999977049
0.0011912719999713772
