0.012093912000011642
0.00041095500000665197
0.0003869149999786714
0.00037339599998631456
0.0003502629999729834
0.00030300900004931464
0.0004037840000137294
0.0004294949999916753
0.016875314000003527
0.0007137879999845609
0.0003417280000235223
22.732125535000023
0.0003315980000024865
0.0004150320000348984
0.00040064699999220466
0.0003532679999693755
0.0007661719999987326
0.0011634260000050745
0.00035338300000375966
0.0003345439999975497
0.012349650999965434
0.0003519840000194563
0.0007503389999783394
0.0006338919999961945
0.0003155549999860341
0.0003584510000109731
0.0003179460000524159
0.0011105739999948128
0.0003306379999798992
0.0016369300000178555
0.0014377800000033858
0.0010165919999849393
0.00033182000004217116
0.0003743309999890698
0.00034223799997334936
0.00040218899999899804
0.0009000270000001365
0.00035165700001016376
0.0006551729999841882
0.0007686509999871305
0.0004135359999963839
0.012073291999968205
0.00037961700002142607
0.00039920099999335434
0.0003535729999839532
