0.00041997800002491203
0.0011451959999817518
0.0004598049999913201
0.0016783940000095754
0.013294078999990688
135.47177545700004
0.0004166239999676691
0.00043613000002551416
0.011519515000031788
0.0014941289999796936
0.011659458000053746
0.0013755930000343142
0.00043956800004707475
0.0004465560000426194
0.0005085779999944862
0.00126556400005029
0.011368424000011146
0.0006773250000833286
0.0003741340000260607
0.0004739529999824299
0.0004415189999917857
0.00038378300007479993
0.00047902400001476053
0.00040758699992693437
0.011757901999999376
0.00038285400000859227
0.000392821999980697
0.0008971859999746812
0.0004395500000100583
0.0015259650000416514
0.0004189410000208227
0.00046991600004275824
0.011968451000029745
0.00043594500004928705
0.0012984960000039791
0.0004358150000598471
0.000947494000001825
0.00048483599994142423
0.00048167099998863705
0.0004187370000181545
0.0005000410000093325
0.0004621019999149212
0.0004410349999943719
0.0018189620000157447
0.0004165920000787082
