0.01115152499994565
0.009883725999998205
0.0012428819999286134
0.00039843100000780396
0.000662993999981154
0.00036565400000654336
0.00041124399990621896
0.00039828000001307373
0.00043905199993332644
0.0021842060000381025
0.000422911000100612
0.00045923799996216985
0.010579648999964775
0.00045508200003041566
0.0013948719999916648
0.0004092829999535752
0.0020940939999718466
0.0006247449999818855
0.0075355320000198844
0.010780949999912082
0.0003894860000173139
0.0004245760000003429
0.0008007760000054986
0.0004166639999994004
0.0013917610000362401
0.0004594629999701283
0.0005193680000274981
0.011343667000005553
0.00050655799998367
0.00044973000001391483
0.0004427850000183753
0.0005094580000104543
0.00043635399993036117
0.0011033709999992425
0.0014206390000026659
0.0004286600000114049
0.001826658000027237
0.00040010500003972993
0.0008987069999193409
0.006114725999964321
0.00040152399992621213
0.0003829080000059548
0.008444247000056748
0.00041641099994649267
0.008262715999990178
