0.0010374920000000287
0.0012526649999999862
0.0013449509999998721
0.0018430999999998754
0.0017971339999998115
0.0018415130000000168
0.0018490030000000157
0.0025796680000000904
0.001874609000000138
0.0018449300000003
0.0019382850000000396
0.001835011000000053
0.0018531479999999156
0.004230393999999915
0.004253397000000048
0.004466834000000031
0.004419882999999736
0.004583640999999972
0.0015558699999997927
0.0017538660000000483
0.008309174999999946
0.008643171000000116
0.007978332000000421
0.0037006119999998255
0.0033457059999997263
0.003147481000000063
0.0031672689999999726
0.0031492349999999725
0.006381946999999943
0.006836718000000186
0.006434214999999632
0.0076162050000001535
0.007498302000000123
0.004340865000000083
0.004505631000000232
0.004182413000000107
0.004210308000000218
0.0015234519999998142
0.0029208180000002137
0.004707049999999935
0.004738750000000014
0.004633919000000208
0.002610475000000001
0.0024526200000001275
0.002479525000000038
