0.002451712999999689
0.0023696470000000858
0.002359951999999943
0.0025040299999998794
0.002564801999999755
0.002461732999999633
0.0025557510000000505
0.002636037999999896
0.00249112299999954
0.00298814299999961
0.00429297499999981
0.003377947000000159
0.0031831570000000475
0.0032117180000001966
0.003190000000000026
0.00500089899999967
0.00497013699999993
0.0051551020000002445
0.004221584000000167
0.0015285789999999189
0.003492038000000086
0.003750759999999964
0.0015048680000004921
0.001584579000000197
0.0014594789999997637
0.005961236000000092
0.001692773999999897
0.0015896109999999908
0.0016383529999997037
0.0017279530000000598
0.001526472000000112
0.0015947390000001782
0.0016003700000002397
0.0016300059999996286
0.0021519570000001487
0.002079509999999729
0.005232439000000255
0.003454233000000251
0.0044496829999998155
0.003564843000000373
0.00941035300000026
0.009170568999999684
0.008813136999999749
0.009326070999999825
0.003457642000000316
