0.0021285260000003525
0.005502614999999711
0.0006130510000001976
0.0004877880000000445
0.01182000400000005
0.0005458519999996803
0.0005921749999999726
0.001071714000000057
0.0006611099999997982
0.0008213900000000329
0.0008428380000000679
0.0007921920000000249
0.0008118089999999967
0.000767558000000168
0.005905836000000164
0.005965722000000007
0.0059138019999998015
0.005790091999999802
0.0011364500000001776
0.0011516469999999224
0.0006966450000001068
0.0008287219999996154
0.00048499899999931984
0.00047977499999962703
0.0008319740000004572
0.0007233790000000795
0.001211720999999777
0.0010783969999996756
0.0008099729999999639
0.0006956540000002676
0.0007025780000002868
0.0008355230000001157
0.0009646209999996103
0.0007983359999998996
0.0008086180000006493
0.0007575409999995841
0.0007582969999999634
0.0008315699999998927
0.001186541000000041
0.00119744399999977
0.001994372999999605
0.0012658660000006705
0.0012013469999994086
0.0012896590000002206
0.0010965560000002483
