0.03121494600000041
0.0012050900000000198
0.0013312500000006722
0.013821720000000148
0.013224429000000093
0.030041678999999988
0.01439383499999991
0.015244520999999622
0.01624795199999962
0.016762712000000235
0.09842153600000003
0.03020299599999987
0.050238294999999766
0.022920940000000556
0.024021180000000086
0.03277540000000023
0.03352587000000007
0.10744646099999944
0.05168518199999994
0.05053397599999965
0.04705146299999985
0.047136737999999845
0.004061587999999894
0.004108248999999731
0.018782272000000155
0.018288612000000093
0.030424629000000536
0.029343665999999935
0.0812776399999997
0.08433625999999972
0.08358845099999979
0.08144679600000071
0.07930982400000008
0.07881154499999976
0.07918511799999983
0.08179840399999971
0.0786511989999994
0.08016357600000035
0.10098452400000024
0.09873000499999929
0.0654217810000004
0.06425544100000025
0.06613322200000038
0.08196983199999952
0.08170830100000082
