1.1810380035496306
34.300721528894584
28.071238600310842
26.246492575012983
33.52948277885021
33.40561644490926
4.860586229753852
0.73353159711536
2.6788314887454687
2.018022525360954
35.87757156528136
35.29878360515828
1.6337421089021849
35.191639829138204
26.481407388215718
30.24395841804213
29.291832500299414
1.5823870229448491
27.447644199412427
1.2132666261475211
2.6876234648944206
29.378506745543067
24.691720692034497
27.243282729341935
3.1180603829674847
1.2297056557802533
2.1713289389474317
2.3254029480702068
35.977416395910495
33.764420323146716
29.452220880997025
1.8569535902469512
27.522603124080135
5.287559963770529
2.234333006457252
2.3239205330962673
5.4898523325352775
2.199620268670192
1.2489411239740151
31.6245103282475
29.67667907218653
0.725475095257454
30.635739446592204
0.7053324980761092
0.15129296304660983
