29.787537661291374
16.048080451836814
193.49490009737642
165.88736801653323
186.81596720438037
26.77116519301246
28.753427984860288
29.392888652734715
25.733222129529487
28.48106948108986
4.841035123062196
7.87214330814813
1.4923662323476157
24.413620997510662
1.6263520870938832
0.3394942240317795
6.22694592699666
0.5629593472152616
32.4322793720809
3.033211015088052
32.58316198888603
1.6808774108124238
23.668355787192343
22.177510281900876
0.684395125974416
30.94697086223072
1.5726336521978028
0.8822311924307773
1.8888443729620028
0.07548575168895363
2.352290238232649
0.6762589958493901
17.77816067530984
29.668376757149222
32.29074332338036
570.000333658602
2304.2825301870266
1905.1051586470487
2.4030788731478765
31.12125599237822
3.95586287587996
3.905509273387466
4.759704175673671
20.993120940565397
0.39111568293352
