0.0037146879999987448
0.004632990000001058
0.011314223999999484
0.004858061000000191
0.004472948000000088
0.014009348000001864
0.012505058000002123
0.008486881000003166
0.009421477000000067
0.020221069999998065
0.0036701410000006263
0.004414770000000345
0.010947082000001274
0.004980461999998909
0.004434170999999765
0.014300701999999887
0.012854167000000416
0.008686380000000327
0.0090269319999976
0.01909203299999973
0.0034901599999983546
0.004120259000000459
0.011184397000000956
0.004951276999999976
0.004205068999997508
0.013373524999998665
0.02722644299999999
0.020296338999997943
0.01991353899999737
0.037416137000001015
