0.011065608999999199
0.01884675800000224
0.017496760000000222
0.013144605000000809
0.013857971000000191
0.015852110000000863
0.026474891999999528
0.013422571999999633
0.018400815999999764
0.0024754880000017465
0.010758864000003143
0.01880562999999924
0.017022023999999192
0.013473183000002109
0.01316280400000025
0.015423188999999837
0.024636488999998818
0.013096639000000465
0.01846338700000061
0.0024748370000011732
0.010142595999997894
0.017422433000000126
0.0162900300000004
0.01332618200000013
0.013587687000001125
0.014644821000000974
0.024244021999997756
0.012387662999998383
0.017082235000000168
0.002579566000001421
