31.928341911051508
5.081204058549898
7.8561005943707505
7.456355110395883
7.886784466441628
8.845426154586304
8.626736339689973
8.08173293447254
4.769271523180393
85.39766877051196
29.399892625363947
5.682207446806574
8.296742543017823
8.11155389244685
6.697849664596144
8.729520482834378
7.9033963921515635
9.042372623573405
7.855769123253761
83.56069663608132
28.718445349197985
7.199232092865306
7.905191693867127
7.837976257778122
9.416762545742817
8.138914357647643
7.435027351394141
6.069318512622914
7.8488787744132
87.16803567862515
