6.08980490345086
5.2532131552359544
7.001597528529856
7.506390842516234
7.002779251620157
7.15245130960245
6.113874982663817
6.340544032627449
7.37214117463094
6.704355817967899
5.200497162250186
5.583261084529631
6.478276220381896
6.6193052956084175
6.651560934826597
6.6717244201833905
7.488891841367403
6.730128844528067
6.340999600939625
7.030602141046992
6.092369133606873
5.7610162642685045
5.850166526636111
7.242098587786293
6.276557944863923
6.0742905533654685
5.916381443034336
7.498677800085761
7.225608113789438
6.320748962387605
