6.8719075063224695
1.9442011654366542
50.76466932304654
45.49344064528664
59.69637897025555
50.52025518830426
64.27391152683994
53.86064842532468
49.962521312693774
52.006735884651
6.224973215395622
1.9888022959900178
48.42927262367623
57.148759958927535
57.3495996736489
60.723823114921316
49.14389801625411
50.37689121704929
49.781321267099955
51.031337350936845
6.91867196634033
1.9698024368048757
46.701839105160104
55.36865332393715
50.126388941655975
45.76128331152528
53.81323300149313
56.618400470859875
44.8536108419755
50.308151439299465
