45.756288519985965
0.6801249140992454
78.87306229606803
73.91117177133968
78.24094831131835
75.98284764981103
80.06008923789462
71.18631680091346
70.0900434634933
91.51230335032206
57.51462879232015
0.6611014665765658
66.43890650926815
86.97819172986408
80.54748452356095
59.224300115836876
89.57267675023083
84.49411289141096
71.22662274197774
80.232868964458
54.584902339903486
0.6786208334623115
64.89774421340917
86.19574337221063
83.61914281076854
66.88993928645303
88.53920495993707
89.8365588973327
72.95320769197909
90.25370715782128
