0.9999589889406844
90.2286562731997
23.51794403892944
151.17063989962358
42.3727000427899
111.65231431646932
151.1868365180467
275.2997987927565
26.87460815047022
24.510184287099904
50.67071935157041
58.65165876777251
71.31983568075117
19.771133460179396
31.38808777429467
31.93644859813084
59.63898916967509
25.939232409381663
20.46857142857143
106.29449838187702
209.5767766497462
55.002606105733435
268.453558504222
159.56606851549756
238.05443548387098
56.71691599539701
42.54159445407279
164.27316735822959
16.580310880829014
4.93100975329891
