22.85829596412556
2.582144579973813
12.38668120107026
54.49894736842105
67.91688584955287
11.272113943028486
2.1613309982486864
5.054548248309772
56.76496138996139
18.050501556554824
7.497136311569301
0.6764674350040204
9.095629313177785
20.156468346390007
2.8765572907527637
26.03409090909091
1.216564591286516
43.306517311608964
3.3779923646979566
9.101215905356556
50.083899233296826
3.2608159392789373
38.77772215269086
4.683212299134734
4.687133294769027
0.2580350260813451
49.020047732696895
18.066168623265742
28.689615105301378
68.1200495049505
