0.6136374368418567
12.028829497649097
94.86205414697035
4.243400377121307
20.97658175842235
109.4064346684176
82.73356064296152
23.01571621014818
32.56723779854621
31.780577427821523
26.268185406563664
141.87791601866252
26.960567823343847
17.463069376313946
10.596529284164859
197.54456054087277
10.890214592274678
49.30455337148545
11.942646516771102
23.2037558685446
6.882964838033462
27.73866090712743
37.403225806451616
102.26821705426356
27.384953322350356
85.13386727688787
19.234522942461762
67.4079754601227
0.3133379074851207
48.766169154228855
