32.364904125508424
18.039928057553958
20.616242038216562
46.56633849038912
31.96928327645051
32.08013810648737
49.52523020257827
10.248376003056935
12.236962268685412
30.50877192982456
67.32158234660926
8.831452872765144
5.570412660256411
10.164745336407462
15.540949616421315
39.31793206793207
68.03459972862957
40.18002812939522
13.011015325670497
15.148400173736789
27.112455985915492
10.485451473624929
6.916188014551024
51.4340878828229
3.614985569721989
10.576739562624255
8.074952958394313
13.4116087993639
8.133858267716535
16.536114570361146
