0.1562980950000039
0.05777608700000769
0.0003143309999984467
0.000247580999996444
0.13163155099999813
0.00023881799999969644
0.0003142289999971126
0.00032368700000517947
0.12972898900000018
0.054332163999987415
0.0002666369999815288
0.0002751920000036989
0.0002535220000083882
0.0003178169999955571
0.0002471490000175436
0.00029756699998984004
0.0002639729999884821
0.0002586279999832186
0.0002218040000059318
0.0002387840000039887
0.00027763199997821175
0.00024373200000127326
0.00027091499998732615
0.00023388899998622037
0.00022279600000274513
0.00023974900000212074
0.032798338999981524
0.09811576999999261
0.019379791000005753
0.04364174399998433
0.00022678300001643947
0.04218917599999372
0.07210768300001291
0.00022287999999548447
0.03061917600001607
0.00023564700001088568
0.0002644229999759773
0.00021445800001629323
0.0002255339999805983
0.04156006100004106
0.030522060000009787
0.0002886949999947319
0.0002668779999908111
0.0002541559999826859
0.0002557679999881657
