0.000403308999921137
0.00041953499999181076
0.00039568599993344833
0.05962884600000962
0.05892456399999446
0.0003211529999589402
0.05599061000009442
0.00036338599988994247
0.00040655099996911304
0.00035225499993885023
0.06290258700005324
0.0003677579999248337
0.0004079039999851375
0.00039751700001033896
0.02301988099998198
0.0003332070000396925
0.0003760449999390403
0.022313756000016838
0.00040783199995075847
0.0003459589999010859
0.056573681000031684
0.00046293499997318577
0.00030422499992255325
0.0003102199999602817
0.022553431999995155
0.00031492800007981714
0.00036304200000358833
0.02247734299999138
0.0003418150000698006
0.05807585200000176
0.00036931199997525255
0.00042291599993404816
0.0003817020000269622
0.00041175499995915743
0.0003318380000791876
0.00033326499999475345
0.0003893379999908575
0.10464238899999145
0.0003279410000232019
0.00034940500006541697
0.00034547099994597374
0.00036639799998283706
0.0003454929999406886
0.00040942400005405943
0.058422189999987495
