0.00041879299999436626
0.023446986999942965
0.024937218000104622
0.0005184010000220951
0.09123229800002264
0.0004969520000486227
0.00047786300001462223
0.0004458959999737999
0.02249253399997997
0.02646151800001917
0.08898441399992407
0.06983764999995401
0.0004190820000076201
0.0004343580000067959
0.08289170700004433
0.029082033000008778
0.0004951219999611567
0.0005108819999577463
0.00048466399994140374
0.0005305419999785954
0.05668975599996884
0.00041990800002622564
0.0005128739999236132
0.00043587499999375723
0.022517858000014712
0.00042759099994782446
0.08674052499998197
0.00040627099997436744
0.00047530300003018056
0.0004256670000586382
0.02637873900005161
0.0004936939999424794
0.00048539500005517766
0.0004912670000294383
0.0004466299999421608
0.0004265779999741426
0.00042083899995759566
0.07057390599993596
0.0004108609999775581
0.028317211999933534
0.0004005929999948421
0.0005051210000601714
0.00039100000003600144
0.06816793200005122
0.00042178399996828375
