0.0003632030000062514
0.0004039719999582303
0.00046028400004161085
0.08531471599997076
0.00044826199996350624
0.024282871000082196
0.000358287999915774
0.00042244600001595245
0.00038942200001201854
0.08912434399996982
0.0004454669999631733
0.0004384329999993497
0.000400420000005397
0.0004056929999478598
0.0004240949999712029
0.00040711100007229106
0.00039399999991474033
0.0004568870000412062
0.00040177899995796906
0.08321937400000934
0.0003634170000168524
0.0003768840000475393
0.00041432499995153194
0.0003837199999452423
0.21399979900002108
0.1174732210000684
0.000412306999919565
0.0004043639999053994
0.05007520599997406
0.0003878569999642423
0.0004070559999718171
0.0003792500000372456
0.0005030730000044059
0.00042382100002669176
0.09049597600005654
0.00037153099992792704
0.0004214720000845773
0.00039691100005256885
0.00039347400002043287
0.0519423129999268
0.00041255400003592513
0.11692048099996555
0.08422130700000707
0.11843100900000536
0.06724183000005723
