0.13614630600000055
0.5645495629999573
0.3604296580000437
0.37209600799997133
0.36873261300002014
0.40943157600008817
0.4016372930000216
0.4033601969999836
0.40702116900001784
0.40485743899989757
0.40954607800006215
0.3991879559999916
0.39585697000006803
0.40010409399997116
0.4078378970000358
0.40887684300003
0.4397316360000332
0.4056490819999681
0.4096866689999388
0.406739583999979
0.4062360840000565
0.3997393089999832
0.3984538109999676
0.3997590339999988
0.39721346500004984
0.24693640699990738
0.24379489700004342
0.2123718689999805
0.21260643499999787
0.215148408999994
0.21381927599998107
0.4641734430000497
0.46427871099990625
0.47195299500003784
0.46398783200004345
0.46081748799997513
0.26265302199999496
0.2633541369999648
0.15434123099998942
0.15337721000003057
0.15326208100009353
0.15309994200003985
0.2769663210000317
0.2768928320000441
0.2759032520000346
