0.9997769848349688
16.010830324909747
5.537001078748651
150.53748680042239
152.4245283018868
156.88299155609167
31.875777545113014
174.47096092925025
229.08412322274881
15.922798552472859
91.12440758293839
92.21109770808202
90.17654028436019
44.78846153846154
61.28279181708785
21.447260834014717
30.958530805687204
251.11097708082028
76.47867298578198
77.39324487334137
88.12914691943128
88.02653799758745
4.27141382868937
30.662243667068758
30.856635071090047
31.416164053075995
31.007109004739338
30.65741857659831
29.24526066350711
11.523863636363636
