6.6258373205741625
54.37795807978364
61.39312977099237
41.4031007751938
30.830534351145037
24.58359037631092
30.865396069088742
10.555555555555555
30.408242612752723
2.5025580120592
42.40124416796267
39.89895988112927
41.76049766718507
42.81723625557206
155.61508553654744
10.588386743357985
106.96034214618973
102.52005943536405
164.85458786936238
155.58320950965825
38.25222437137331
79.26002971768202
46.6712962962963
18.87133666904932
15.450824029771399
20.91400304414003
15.625929861849096
25.754961832061067
22.72093023255814
12.897736797988264
