21.850699844479006
18.37608695652174
10.619007919966652
8.478414948453608
15.558396281231841
37.15310650887574
21.090557275541794
26.4539052496799
96.45962732919254
93.54228486646885
83.88431677018633
81.0593471810089
20.869565217391305
16.633650793650794
57.95897832817337
6.580352469028093
1.2102756892230577
14.792648821414303
14.40602975724354
14.048109965635739
12.088832487309645
29.58385093167702
28.961424332344215
24.045094454600854
0.3889916409212552
30.36609907120743
69.49779411764706
34.932145305003424
37.84587020648968
28.90432098765432
