24.17555266579974
10.405385190725505
5.764053177012457
8.053168244719592
9.769507803121249
6.213519952352591
6.001864443957008
7.279045996592845
18.73718672386543
18.402728351126928
40.779076563413206
11.50837789661319
6.6294033069734
38.221774193548384
78.19354838709677
83.88091068301226
79.37763078773301
77.01809690601284
81.5832832230908
70.45709281961472
34.710707681963356
32.36946386946387
6.454194905351717
24.498909725250762
32.35621301775148
18.935092508340915
12.089327392319117
33.59207459207459
11.108663729809104
119.91601392515231
