37.11484123562749
157.6196713963055
146.4407463473554
164.5184170845215
37.99872284758423
18.556159744492437
130.46119756029952
142.56574721015906
30.39075501161763
143.8479383396321
139.16092090723055
139.96555569428733
167.9325351471834
130.33951518374514
169.9332229654058
147.3836893703313
147.0780136701636
150.64823819432127
135.95971210846747
137.39003193059742
132.68819404693912
150.50387395656392
46.40209421850566
142.9829621115752
143.7869017557018
132.28669455682538
13.914748913670513
29.911730541979257
33.806627086774505
144.83391257932962
155.7752625464361
130.21603032053082
62.324056061020904
18.427963231967105
128.74448960049207
112.26397197375593
102.27908127293851
108.47264204205796
110.64650938347289
103.54025684227075
104.78397686256001
103.22350838901976
109.43931381594247
116.69332590395787
12.912877925188004
