139.0280324756918
95.31265017561054
89.28957292765499
91.8037094796325
61.69013295599906
136.197554077001
139.24989577911356
143.67486954643684
165.7707235754735
143.31865570325493
146.49258061935427
147.59409418237163
97.68626952641029
160.91024256984258
141.13123059091714
169.37971631197314
132.96398497931924
143.65270755081897
72.13396479575131
137.0554562524625
150.538084504251
147.63406295437392
107.18799822126607
8.909162599032765
123.97141902933696
191.4475637289319
159.63035798461843
16.958914539129825
0.05382584473398093
112.20585361033177
151.70531298890285
107.96583096691856
38.47303673626364
39.57998321300984
135.09637233663778
127.76212202935817
142.912736382402
199.25982794663273
0.853601498723106
174.66951638251712
37.94296247205256
103.56967005642105
108.73409089614627
104.1672790899018
10.31600485891101
