0.06641286100000005
0.03038068500000002
0.01993212199999994
0.01742917799999999
0.01888583399999999
0.016663601999999944
0.017125049999999975
0.017225349000000056
0.01869826099999994
0.018981417999999972
0.01810332200000009
0.014763787000000028
0.018091331999999904
0.021094316999999974
0.019785947999999998
0.021260033000000123
0.019871406000000036
0.02056537199999986
0.020076231
0.02201786699999997
0.020912030999999942
0.018270983999999935
0.018597504000000153
0.019224630999999937
0.01925753299999977
0.020638914999999924
0.018917010000000012
0.01917024300000003
0.019049996999999985
0.02049572199999994
0.01865513399999985
0.015835070000000062
0.01580273099999996
0.01574246800000001
0.016049285999999885
0.015509975999999925
0.016053191999999994
0.015886925999999857
0.0182138329999999
0.018846609999999986
0.01920059899999993
0.01654927599999989
0.016755404999999834
0.014475291000000112
0.013980642000000154
