0.0004771400000436188
0.00040595500001927576
0.00144833000001654
0.0031315479999989293
0.0005137779999699887
0.0008593549999886818
0.002188156999977764
0.0006363159999978052
0.0007978870000329152
0.0032077270000172575
0.0004340309999975034
0.0013145130000111749
0.0005930400000124791
0.0010209719999920708
0.000655859000005421
0.0005969599999957609
0.0004816160000018499
0.0032730799999853843
0.000442115999987891
0.0009422119999840106
0.00045371399994564854
0.000459714999976768
0.0004103779999695689
0.0004448299999921801
0.000561050999976942
0.001658754000004592
0.0015908010000202921
0.00044312599999329905
0.10692199300001448
0.0036030199999572687
