0.001497990999951071
0.0006919850000031147
0.001593274000015299
0.0005551539999828492
0.000898158000040894
0.00041155100001333267
0.00032630399999789006
0.0004940049999504481
0.00042154199996957686
0.0009232639999936509
0.00043788800002175776
0.019342468000047575
0.00040985600003295986
0.0005065500000114298
0.0012181890000420026
0.0005200449999733792
0.0005103999999960251
0.0010195840000051248
0.0005611240000007456
0.0006241689999910705
0.0003691140000228188
0.00042646699995430026
0.00101764299995466
0.0006280629999650955
0.0012068099999851256
0.0004319650000184083
0.004433035000033669
0.0003703060000361802
0.0004063210000140316
0.0041159570000104395
