0.9997769848349688
15.984356197352588
16.17208182912154
15.702767749699158
15.421179302045728
44.31889290012034
44.8892900120337
45.170878459687124
44.88688327316486
44.32731648616125
30.552346570397113
31.49338146811071
47.416365824308066
61.46690734055355
62.5956678700361
63.3898916967509
168.4259927797834
134.32851985559566
61.05054151624549
62.38628158844765
62.848375451263536
52.5489404641776
63.789410348977135
63.03850782190133
63.41395908543923
95.92539109506619
59.21005251312828
92.05568720379146
31.758745476477685
2.1274198840643117
