15.271383315733896
20.841234010534237
29.708527131782947
6.816634832436187
30.89113530326594
30.190936106983656
5.892211305709811
30.930015552099533
29.096296296296295
22.45313398504888
29.579494799405648
31.145412130637634
29.0148588410104
16.76827371695179
15.902674591381873
13.94861038280021
20.138930163447252
38.415241057542765
37.39524517087667
23.095174262734584
4.500565995019244
31.279160186625194
29.622962962962962
33.42068429237947
31.687407407407406
33.93856920684292
32.33185185185185
33.43157076205288
32.65777777777778
33.83203732503888
