0.002366835295122156
29.141509433962263
43.84233261339093
45.38063763608087
19.98631710883643
87.23595505617978
14.171900826446281
13.438044530493707
19.541967337637676
8.14169629253428
4.434506353861193
7.815224063842848
17.256040695209833
2.72777446300716
57.68607954545455
54.16267776621575
3.966399506781751
6.398790810157195
2.1887863733144073
27.619883040935672
11.34656301145663
5.756588404408242
3.1172941663218867
66.09615384615384
4.578817733990148
11.413052457662124
5.30898049319102
9.46618516086671
0.6461965235538136
30.522211253701876
