14.348922753547031
49.64420706655711
19.140949048391228
6.192063246008371
378.13939790575915
224.57993504150127
19.87646023363738
747.0990163934426
303.1009090909091
2.8687833037300177
5.419095477386935
142.20236939211497
12.54419329696025
5.192416903290463
35.33654857944581
10.213991116751268
42.317975340687866
6.7996468132926635
114.61177415652972
1.0713122171945701
1.5713022433212325
20.8299147268956
3.3308727746417714
1437.4094720145026
41.16309314586995
2170.8893948017453
19.384482011270048
5.006326758466692
37.0423695566889
5.2757568359375
