1.1306840367222528
4057.009613122644
2315.5901087426287
2221.6125071395886
4302.150793019674
7002.574924226521
5579.993904322748
3405.3808518999017
1593.0006035343536
234.03202150350694
3517.1134004508517
1731.3846522610038
3085.7030957091433
5495.025858410194
4983.701237480019
6317.075254679709
3226.951476895174
5217.46982600792
7113.701130534035
3872.0403069286654
6777.292163646124
3087.1027016001435
5505.943075412552
5796.27983560024
5312.479527762673
4582.857030168179
3146.5162200092777
3657.9410617315657
2602.1827878741456
629.7380680335274
