4231.934721056819
2258.6854809767915
2623.261685744559
3036.2917470595416
3156.3235507808886
1300.3861379956709
237.17268629284078
775.7766806647262
2791.8737855660474
745.5114656249183
1740.2308433449443
657.9074820151208
3605.826092333026
2647.2042432017047
2755.7445115175124
1527.8301721290597
3629.3082222714315
249.44607204449707
2069.2255068096456
1875.943175789923
138.16724195193197
13.042803281266542
322.4326336261025
2246.809037480611
783.354773839066
3732.3351376172063
4262.495348397975
2382.4308756175155
1822.9703896577605
1986.8998926215752
