2312.5834419866783
1919.869098718726
3494.825584277105
1348.9071979794696
3777.9149866538087
3566.3267299503314
4723.265045131418
2278.1071278386667
804.5967146992282
2007.7213962779938
4291.270458761485
4199.190543080305
0.0895635008540771
1757.347959260075
717.4377158108967
3678.5126032798457
1912.146988182372
2726.2022704942538
4584.986334392349
2544.540521875778
4806.679566317172
212.38050373967124
2873.014504392598
1081.114594377127
1128.050046322193
2285.118142441358
2775.8228768218305
3259.3725226763077
651.7510491362303
4894.516997648739
