699.0849591738223
3413.3926208309967
3992.4737867488006
3211.9684170179457
3674.936691637727
855.673604105945
1625.1006177358595
1867.3226834149305
1869.43349776466
964.4230354592344
1573.6357312731523
1461.1352896466394
5039.848009532996
2786.240291417885
3350.69984175088
683.8073734941036
1316.4354433447859
1966.8256130265884
1164.3061853004476
3040.865212753873
516.6846236686574
3309.4409847511756
1792.4634152380938
3579.1195952755397
1475.981012119306
5084.030270049904
2423.8573440101386
511.5787081801557
966.5852670210375
1782.4066658664192
