0.24796171100000208
0.23467705400000227
0.23482530600000473
0.2328900640000029
0.2349639130000014
0.23756613199999776
0.23673297699999551
0.2608431929999995
0.25973444899999976
0.24596137400000373
0.24121777300000247
0.24475630100000245
0.241691239000005
0.24386967800000292
0.2439301779999994
0.24404237399999573
0.15255078300000235
0.15168730199999914
0.2756556260000025
0.2560722400000017
0.2564339569999987
0.2550372629999984
0.2667757449999968
0.2781110259999977
0.26471573700000306
0.265543528000002
0.3284668929999981
0.21760742099999675
0.27096814799999436
0.2730742640000017
0.2701614849999956
0.25380921699999703
0.25794652500000126
0.2668233200000003
0.25697480299999853
0.2626500569999948
0.27344581899999554
0.3292241649999994
0.2759225340000029
0.22134792599999997
0.27724850700000303
0.2751384029999997
0.27741440600000544
0.27221121099999834
0.2695429980000057
