0.20023212800001033
0.2094024319999903
0.18418815000001132
0.18032726699999557
0.183255434000003
0.1804346269999968
0.17876712199999645
0.18310493900000324
0.18282173900000487
0.11246238600000424
0.21651410200000498
0.2181531829999983
0.211653455000004
0.21039650400000198
0.22123893500000236
0.2130561869999923
0.21287760900000308
0.23229981600000826
0.22828464900000256
0.2231312849999938
0.244218091999997
0.24292099100000542
0.24053121400000066
0.21148178400000006
0.22655070400000454
0.21888533100000984
0.16154561900000886
0.15622664500000383
0.18870604199999264
0.23817955900000243
0.23272145200000693
0.25888258799999164
0.13668930999999418
0.13441644399999575
0.2029142010000129
0.2011059080000024
0.20234429799999987
0.20709102200000018
0.21758273000000372
0.20464909700000078
0.20080876400000136
0.20878148200000624
0.20536878800000125
0.11937375300000497
0.20435248500000114
