0.15035997200000395
0.15037294799999756
0.151428408000001
0.1476900549999982
0.14645181299999877
0.14952721100000588
0.1495340940000034
0.15357413400001008
0.14808651100000247
0.15139703299999496
0.1528746009999935
0.15452138599999898
0.15172982500000387
0.15190063800000075
0.15180351700000472
0.1521889600000037
0.1536769410000005
0.15666842100000622
0.1521109789999997
0.15143253499999787
0.14473786300000313
0.14711943499999336
0.15123026700000253
0.1532526719999936
0.14942211299999997
0.14983299899999736
0.14564191999998854
0.14708026400001017
0.1482317110000082
0.14688108500000396
0.14732418300000916
0.14565413900000124
0.1371649549999887
0.13871242100000813
0.13767081099999245
0.13721310200000403
0.14410727399999246
0.14020452100000114
0.14036902799999496
0.14309807300000443
0.14494400099999893
0.14659496699999863
0.14493679500000667
0.15059581799999933
0.1500436549999904
