0.0835340970000118
0.08478082499999573
0.08511753799999155
0.08445857699999237
0.0834842030000118
0.08825570400000515
0.08733564299998875
0.08053070399998319
0.08041086400001518
0.08138658799998666
0.08241387800001121
0.08199533300000894
0.0817715790000193
0.08366683599999192
0.08141365500000575
0.0829661870000109
0.08244274199998358
0.0844144520000043
0.08489370300000587
0.08427116299998261
0.0872931190000088
0.0866704029999994
0.08686284099999853
0.08621013800001265
0.08621077200001537
0.08616318100001763
0.08881486399999972
0.08974728000001164
0.08652088499999877
0.08402128999998126
0.08351275199999009
0.08214209899998082
0.08327355299999795
0.0867815230000133
0.08170832500002234
0.08295336500000872
0.08210023000000888
0.08160137400000167
0.09116891400000782
0.09262177799999449
0.08670774600000186
0.08651312599999983
0.08631210799998712
0.07838469600000053
0.07814231000000404
