0.07758083099997748
0.07822514599999408
0.07678295399998092
0.07188848500001654
0.07364696700000195
0.07361638000000426
0.07279712700000118
0.07182754699999805
0.07244901799998615
0.07235443999999802
0.0723755120000078
0.07614413599998215
0.07184011799998302
0.0717285620000041
0.07169203600000174
0.0781490440000141
0.06586239599999999
0.06847713799999156
0.06665689999999813
0.06718174799999588
0.06763197399999399
0.0688447629999871
0.06753834200000597
0.07696818200000166
0.07702253000002202
0.07476327599999877
0.07606565599999726
0.07338347799998246
0.07452529200000413
0.07326880599998731
0.07317666000000145
0.07882643299998904
0.07854355599999963
0.0782846740000025
0.07897213699999384
0.0794820849999951
0.07900698799997485
0.07793065699999602
0.07901673099999584
0.07786320400001046
0.07775967099999548
0.07878356800000574
0.07818556000000854
0.07841193800001633
0.07821642700000098
