0.10145433000002413
0.10317212299997891
0.10257032199996274
0.07383092099996702
0.07402452199994514
0.07204849300001115
0.07039157499997373
0.07186483399999588
0.11964507599998342
0.110786064000024
0.10602258899996286
0.1030274739999868
0.08952881399994794
0.06842179999995324
0.06715144199995393
0.07118281300000717
0.07089227800003073
0.0704446689999827
0.06676535299999387
0.06702151399997547
0.0645907379999926
0.1329528269999969
0.11221486800002367
0.1112853210000253
0.11095010799999727
0.10237217399998144
0.08973652600002424
0.10588890600001832
0.09159098399999266
0.08699011899994957
0.08601620100000673
0.09640276200002518
0.09655098199999657
0.09525298799997017
0.06815552099999422
0.06707068200000776
0.06810060099996917
0.0692165320000413
0.07384981399997059
0.07375713900000846
0.0704365259999804
0.07043516599998156
0.0699710600000003
0.07092525399997385
0.06893033199997944
