0.000346061999998426
0.0015678569999977299
0.0005407740000009653
0.0025660689999966735
0.0006605960000030109
0.00041118299999709507
0.0005571230000001037
0.002588539000001333
0.0010588799999950993
0.0004456559999965748
0.00037987099999980956
0.0015891030000005912
0.00059141000000551
0.002692640999995888
0.0006987900000012814
0.00045042100000358687
0.0004966289999970286
0.002560853999995061
0.0010909829999974363
0.00042977500000063174
0.0004008919999947125
0.0015953019999983553
0.000520887000000414
0.0025786829999958627
0.000763569000000075
0.0004697589999977936
0.00046416500000390215
0.0024681279999967387
0.0011715290000040568
0.0004157850000012786
