0.0005498650000035354
0.0006521580000011795
0.0022790189999994936
0.013258618000001832
0.0004967309999983627
0.0007376320000034298
0.0006276929999984304
0.006233950999998683
0.00043754000000006954
0.0005455630000028577
0.0006258110000061379
0.0006599479999991331
0.0023018290000038633
0.013735750000002156
0.0005543619999954785
0.0007135269999949401
0.0007065149999974096
0.006946229999996945
0.0005351890000042658
0.0005915490000063528
0.0006274839999989013
0.0008459909999984916
0.0022122469999956706
0.013470911999995394
0.0005655910000044173
0.0006510059999982332
0.0006614899999988211
0.006190562999996985
0.0005357280000026776
0.0005736640000009174
