0.0003968249999957152
0.0008344690000043897
0.0016110030000007214
0.004143917999996916
0.0014246920000005048
0.0006972310000037396
0.0011678279999998153
0.0012581439999976851
0.00042112900000290665
0.0019415940000016008
0.0004515289999957872
0.0008283190000000218
0.0015390020000012328
0.004394771999997715
0.0014687080000044261
0.0008704540000010752
0.0013835130000003915
0.0014225509999974406
0.0005264759999974444
0.002145415000001094
0.00042801299999695175
0.000780183000003376
0.0014972920000033696
0.004165441999994357
0.00136991299999778
0.0007323039999960201
0.0011795770000020411
0.0012859160000004977
0.0004191060000025004
0.0019501290000007998
