0.0006880129999942142
0.001527979999998763
0.000363143999997817
0.0005725609999984727
0.019785133999995708
0.028111491000004207
0.0011634669999978087
0.0069071799999989025
0.005520213000004048
0.0013693939999939175
0.0007360310000024128
0.0015359470000007036
0.0006317090000038661
0.0006448149999940256
0.021874535000002027
0.029456215000003283
0.0013816879999950515
0.00789200000000534
0.006007279999998616
0.0015614369999994437
0.0006274249999975723
0.0015794279999994387
0.0004070990000002439
0.0013373239999978637
0.026519030000002886
0.029209184999999138
0.0013021239999986278
0.012285481999995795
0.013125340999998514
0.0034258410000020945
