1.7298162273071949
2.5243364151506116
1.2036983780052917
66.37970353477765
4.6578280829507674
67.10034207525656
4.876658039469428
2.289235951615373
69.37819025522042
2.1780609989686166
68.59628770301624
67.4230330672748
68.59628770301624
2.237408184679958
1.3444822982367295
5.12552752968888
4.7817947062621045
67.5667046750285
1.374417055296469
63.24629418472064
63.17865429234339
2.2051989602079582
1.423983749667497
2.2275009509319132
1.405385387298705
64.57012542759406
65.69373549883991
2.157318376068376
65.59048723897912
2.434476801579467
3.164822947356718
2.273435938436938
0.6712662337662337
58.52320185614849
66.30900798175598
66.28886310904872
4.735969709718132
65.14699074074075
4.354850915695475
3.128888393354889
2.2069497763881745
2.1937900252280227
1.3960685284214696
2.1745550782448606
1.3763968383755791
