78.1626195732156
0.7198621644025183
3.005152741994847
0.704907496354451
75.27527675276752
5.492950308919047
2.26958629752141
74.54157468727006
0.7098799164880126
74.77785977859779
2.8569274108641833
67.20299625468165
2.8668441323062983
2.7397248876809583
2.937981605766841
1.9530974003034018
2.6841191622802105
1.1181262013032676
2.720629421105818
2.824223185712811
78.44659498207885
1.1644458103747284
2.722643553629469
74.00075131480091
2.592983401067424
0.7010003258852034
0.7256406712590836
77.04562178072112
78.19641523525019
2.903441123284757
1.789243277048155
72.86441947565542
5.3376186272346064
72.46367041198502
71.3940959409594
2.0488001989307474
2.558940737884047
0.6990151380583023
0.710654890538382
2.713560885608856
2.620810874150457
2.690580228277853
5.46217353766458
2.6188746789799993
75.84898572501878
