3.206978665500316
1.6999222441533584
49.57151162790698
8.31667839549613
1.3253330133205328
64.28405122235156
6.556715542521994
0.9271377725716345
0.987277494673919
0.8297328705449564
1.6519328670483557
3.0220334412081984
2.288055184448019
0.24019196082644736
42.81717933836332
42.20480549199085
6.305944055944056
0.9669058559884103
6.052353329906748
1.6761394754457495
2.814666606717324
70.61590524534687
71.6258581235698
5.268705683141073
31.414494660660964
50.17796610169491
51.63662790697674
1.277400097117884
5.332198937249985
1.277829584592239
6.5188534753117935
0.8826558727168893
1.844406437749419
1.5570919458303636
6.245690798196764
6.936253070517045
2.4832179475944263
48.74311926605505
1.2057635198001504
64.91060171919771
1.9558428929028076
62.30981067125646
17.44613925765375
5.74356145988202
69.50609402205455
