11.220514642740813
2.8961424332344214
65.65588615782664
67.39232270657125
4.259158222915043
6.535416105575007
0.9071618037135278
52.752941176470586
53.20500988793672
52.752941176470586
53.20500988793672
2.4797609259376383
1.2092805833865714
1.6736421792030773
1.7861411339407576
6.430068565694855
3.281426985008329
28.63052153570937
1.204883417016301
71.28298153034301
31.38558008410681
2214.8096497025776
0.9391719513084044
4.71893991604536
48.34338896020539
6.157334891876096
15.200896627899422
2.495515902366864
1.5834503894777168
64.16558861578267
1.9891907612515451
53.91968911917098
1.8610746107461074
2.3755962171052634
74.74062095730919
2.580550002437954
59.858179419525065
1.2492966140455433
1.9593117675459772
1.820220580712488
2.8488264113484263
58.223821989528794
1.3419153820924894
7.017186250999201
1.5370093962784483
