0.0003343030000007019
0.00036730200000079094
0.0003303149999993593
0.00036002000000046053
0.00031283200000054023
0.0004038140000002244
0.0032525040000006555
0.0023278519999987424
0.000814306000000542
0.6724709129999997
0.0003071109999996935
0.007811007000000814
0.0003033410000004011
0.0002930740000000043
0.0021069799999988703
0.003589766000001049
0.00035489499999918905
0.0020624189999995934
0.0024908739999993657
0.0024277729999990783
0.00035211900000042817
0.0003175449999996971
0.004597398999999669
0.00033732200000002877
0.00032930000000064297
0.002788072000001307
0.0012943439999997253
0.0007905380000003959
0.007412476000000723
0.0003639670000001871
0.0012813020000006503
0.0011108190000008733
0.0011909960000000552
0.00033798499999981857
0.00032377200000155426
0.00036642200000081004
0.001190465000000529
0.00033655500000051575
0.00035870800000026293
0.000325453999998615
0.001225996999998813
0.0003157399999995647
0.00030647600000044406
0.000440617999998949
0.0003550159999985425
