0.0009502690000005032
0.00040610900000004335
0.0004014160000025413
0.00035430200000163836
0.00034981499999986454
0.00037657999999751723
0.002520390000000816
0.0036628199999988453
0.07531098299999783
0.0004107090000005087
0.00034917599999673143
0.0036239279999996654
0.002444849999999832
0.002160102000001274
0.0007193759999992722
0.0003617760000018677
0.016012291999999206
0.002572229000001869
0.003162134000000094
0.0004040849999995544
0.00040151800000032267
0.0020763789999982407
0.0003952940000004901
0.00213528700000154
0.0008711440000013226
0.0003717720000011582
0.00040629600000130495
0.00032781399999848304
0.002509641000003171
0.0003475050000005808
0.00038344600000073115
0.004462058000001434
0.0003503330000000915
0.0022431200000028184
0.0003395319999981439
0.00036071299999917983
0.0011282299999990641
0.0030307080000007147
0.002046980999999448
0.000404892000002377
0.0003591249999992385
0.00039390699999941603
0.0003485259999997936
0.00033872699999903944
0.000631263000002491
