16.137604579480406
6.2604055496264674
7.340553549939831
7.340553549939831
8.200962695547533
8.199759326113117
8.199759326113117
7.918170878459687
4.998539435248296
10.52593486127865
10.338862559241706
10.52593486127865
9.59952606635071
9.773220747889022
3.6783575705731395
5.174488567990373
0.4284204458109147
5.934131736526946
3.899403239556692
31.155470249520153
37.09747292418773
18.7280385078219
7.456077015643802
7.522262334536703
7.522262334536703
6.507821901323706
6.823104693140794
7.714801444043322
3.303249097472924
66.32495667244368
16.137604579480406
6.2604055496264674
7.340553549939831
7.340553549939831
8.200962695547533
8.199759326113117
8.199759326113117
7.918170878459687
4.998539435248296
10.52593486127865
10.338862559241706
10.52593486127865
9.59952606635071
9.773220747889022
3.6783575705731395
5.174488567990373
0.4284204458109147
5.934131736526946
3.899403239556692
31.155470249520153
37.09747292418773
18.7280385078219
7.456077015643802
7.522262334536703
7.522262334536703
6.507821901323706
6.823104693140794
7.714801444043322
3.303249097472924
66.32495667244368
