0.356151548866897
4.087640449438203
4.230232558139535
3.498197548666186
3.8229007633587786
4.003100775193799
3.8827067669172934
3.253745928338762
8.003091190108192
3.6813353566009104
3.7496136012364762
3.6813353566009104
3.6290571870170014
3.5629742033383915
3.399536321483771
3.0485100485100487
3.5310077519379846
3.291358817860585
3.54199066874028
2.2688888888888887
2.3818040435458787
2.3266666666666667
6.508627156789197
6.426666666666667
6.746500777604977
6.426666666666667
6.989113530326594
0.40612637462345297
6.47154046997389
9.18
0.356151548866897
4.087640449438203
4.230232558139535
3.498197548666186
3.8229007633587786
4.003100775193799
3.8827067669172934
3.253745928338762
8.003091190108192
3.6813353566009104
3.7496136012364762
3.6813353566009104
3.6290571870170014
3.5629742033383915
3.399536321483771
3.0485100485100487
3.5310077519379846
3.291358817860585
3.54199066874028
2.2688888888888887
2.3818040435458787
2.3266666666666667
6.508627156789197
6.426666666666667
6.746500777604977
6.426666666666667
6.989113530326594
0.40612637462345297
6.47154046997389
9.18
