12.579912315663611
19.721485411140584
14.141694725028058
6.080623306233062
10.29946524064171
10.36111111111111
24.643689812468324
3.22529132498921
5.126193724420191
0.43419035263592404
3.391524643021649
3.9273870783304745
9.41710875331565
6.244942832014072
9.41710875331565
9.652768284347232
4.779840848806366
5.6254272043745726
1.4796685295818077
2.7740793201133145
4.241424802110818
24.396454265159303
64.58996655518395
67.13122476446837
84.57926421404682
11.55114401076716
11.846822742474917
12.409152086137281
12.334448160535118
11.136608344549126
12.579912315663611
19.721485411140584
14.141694725028058
6.080623306233062
10.29946524064171
10.36111111111111
24.643689812468324
3.22529132498921
5.126193724420191
0.43419035263592404
3.391524643021649
3.9273870783304745
9.41710875331565
6.244942832014072
9.41710875331565
9.652768284347232
4.779840848806366
5.6254272043745726
1.4796685295818077
2.7740793201133145
4.241424802110818
24.396454265159303
64.58996655518395
67.13122476446837
84.57926421404682
11.55114401076716
11.846822742474917
12.409152086137281
12.334448160535118
11.136608344549126
