1.7298162273071949
92.82815734989649
103.76620370370371
103.76620370370371
103.76620370370371
96.88425925925925
96.88425925925925
96.88425925925925
96.88425925925925
2.2205327722418517
6.315121644295302
68.66704675028507
69.86194895591647
68.66704675028507
69.86194895591647
68.66704675028507
69.86194895591647
68.66704675028507
69.86194895591647
68.66704675028507
69.86194895591647
1.3509497882637629
64.61574074074075
2.194759093809828
63.83642691415313
3.3352527545540114
69.7199074074074
69.7199074074074
67.27777777777777
67.27777777777777
67.27777777777777
66.87847222222223
5.345646437994723
70.34722222222223
70.34722222222223
70.34722222222223
70.34722222222223
70.34722222222223
70.34722222222223
70.34722222222223
70.34722222222223
70.34722222222223
2.17327533522666
70.20533642691416
69.00456100342075
