66.9731884057971
69.02389843166542
68.00809418690213
69.02389843166542
68.00809418690213
69.02389843166542
68.00809418690213
69.02389843166542
68.00809418690213
69.02389843166542
68.00809418690213
2.8349458085848998
69.5679939894816
71.27893601725377
74.49211119459054
71.27893601725377
74.49211119459054
71.27893601725377
76.21187077385424
72.92451473759886
5.421581621382814
70.37562724014337
73.7595792637115
70.37562724014337
73.7595792637115
70.37562724014337
73.7595792637115
70.37562724014337
4.939156509963243
73.20573476702509
76.72577009767092
73.20573476702509
76.72577009767092
69.90250896057347
73.26371149511645
69.90250896057347
73.26371149511645
0.7070768173739003
0.7021349435853358
71.13948339483395
72.20524344569289
71.13948339483395
72.20524344569289
2.594791555031615
72.763335837716
