4.483189241114313
49.51032942490229
50.93222286042504
49.51032942490229
50.93222286042504
49.51032942490229
50.93222286042504
3.549032847440124
51.14710933028048
1.6777448389170655
53.961516369902355
2.0614603748932105
4.249865735767991
53.709841628959275
54.480206540447504
53.709841628959275
54.480206540447504
53.709841628959275
54.480206540447504
53.709841628959275
54.480206540447504
53.709841628959275
5.88397385620915
63.612775579423406
64.52465596330275
2.023472463238652
49.61926091825308
51.1662817551963
49.61926091825308
51.1662817551963
49.61926091825308
2.9864524435984996
61.03775743707094
60.17710095882685
61.03775743707094
60.17710095882685
61.03775743707094
60.17710095882685
61.03775743707094
60.17710095882685
61.03775743707094
60.17710095882685
3.235869945227829
64.49941927990709
61.80745687256539
