156.7055789517257
13.867803306120047
459.3732002815173
487.4788597043649
201.47755753315388
350.07594615734547
14.954742940075661
116.82530403316646
0.904735725112265
0.9703491598123617
530.6066472599274
187.06058679044617
316.85121350361925
81.13537476626817
0.8856522800302066
34.85629215148747
374.88688253363057
22.97718729435648
481.0385910998484
116.70579288108814
36.32590393669821
458.9997535879477
20.48260138072822
336.2479268908825
17.919973082013268
220.85318328959434
31.873679631230495
100.93486680307623
6.538058389629395
154.52421650612467
209.0563056115324
49.03996742219385
26.47133744813514
216.3936883006104
429.56597224788953
415.8458116282692
23.91738013316064
120.64954775596846
16.083634671124432
395.6965487529935
12.750736415538158
292.6509083214539
19.218620464947307
90.39326442269855
0.9055641155545942
