48.30646565557599
319.5501951720984
46.92745192420952
209.9607819868089
13.89857487918897
243.95472236496676
5.661461109117769
312.2663278408547
71.87557721512356
22.638031248851032
189.13482994173987
5.754849399015221
358.5783463258198
3.6185102887500413
11.96253389287907
0.9767195931344249
216.7740430790656
26.844806108127845
218.6213423770608
27.575507477349454
20.27877743758734
79.79476902250386
83.21761862947879
59.891391508539904
195.83460174515548
310.3937272685929
32.78629040115269
46.87819756593596
9.992925546197496
121.46473548267397
116.45269727129751
57.44999692883073
304.2393203790883
329.0382483860687
31.344643241118828
236.71484536310305
248.47514692990282
318.14766285211266
4.557432352371232
109.88125744788566
266.04999291760174
204.68612988845317
10.399374576567658
100.16769381259085
102.29833468632565
