0.37705629465448276
206.57507698889216
14.21957732204392
2411.7350418169876
187.32455953093893
20.961866298958334
192.15754803474138
213.47944537993573
5157.002299414674
1924.5277683290467
8660.262663303463
7.472980343539955
1083.4305232290585
0.3448417036145431
4.176762777069995
49.800260603647146
193.43452423484138
54.20582223329576
212.71607173982613
36.32306150534531
191.45951386998976
105.37528632412835
12.063585633526957
3.47145943254986
90.15416988033734
144.69524232326782
40.535302558521614
177.25078233141747
36.02624959238079
176.55799117129303
170.19227562967194
17.65657522005051
13.767667086277674
16.51363984415519
38.025548723014936
201.24473125304795
166.50534360022573
191.58921919887163
1.421583702043417
122.18689838182401
11.46271511675697
54.83644144498114
157.53723537194142
155.64493929720246
104.11974839698205
