0.037809890000000124
0.03733990499999962
0.03760037199999999
0.03769378099999976
0.03767203199999969
0.03894678099999993
0.040266939000000335
0.042045855000000465
0.041366509000000384
0.03903550399999922
0.03896386499999949
0.039808324000000006
0.036451497999999916
0.03631234699999908
0.035794252000000526
0.036638676000000814
0.03557653000000016
0.036030044000000316
0.03647434500000024
0.036614688999998535
0.035863621000000734
0.03833505799999948
0.038858192999999375
0.038047036000000034
0.03820404100000019
0.039688237000000015
0.03778485200000148
0.036902339999999256
0.037509167999999704
0.03716010700000005
0.03711670499999897
0.03678538099999962
0.03728181799999852
0.03597630599999846
0.03644452700000045
0.03691750000000127
0.03609637299999946
0.03816484899999928
0.03716075799999885
0.03905392599999935
0.03646101200000018
0.036461515000000944
0.035907815999999926
0.036423190000000716
0.037131456000000895
