0.6290724029999986
0.25740468499999736
0.017793050999998172
0.018565583000000885
0.019198811999999066
0.024936871000001304
0.02742940399999938
0.027327622000001384
0.018286511999999533
0.018087101999999078
0.017942417000000432
0.027489152000001127
0.027457747999999782
0.01886431899999863
0.018518055999997785
0.01892906599999833
0.01760958799999912
0.02580248499999982
0.025514978000000355
0.025703117999999137
0.026105172000001176
0.025892787000000084
0.01936461900000097
0.018497985999999855
0.017806210999999905
0.018109098000000046
0.017805432999999482
0.017972830999998024
0.018020012000000918
0.01785548400000181
0.018403937999998732
0.024848584000000784
0.024997745000000293
0.025447198999998477
0.025291861999999554
0.019537090000000035
0.01953207900000109
0.024871676000000065
0.024727905999998967
0.02493906999999851
0.0245958989999977
0.024779786999999942
0.02481008299999843
0.023911097999999242
0.018275333000001837
