588.5485781990521
73.60909763313609
159.7248538011696
77.66466308130339
7.454701364551488
37.26904496469714
49.363590772316954
143.81146304675715
9.226560812270469
165.76749435665914
37.10611735330836
1.7610035211267605
89.29633933759442
160.9930629669157
0.9720923002728195
91.6095265259555
29.094739901191513
337.8098946404031
25.43156817600409
115.50177235131942
27.88653683319221
27.115508021390376
125.93640967923467
10.63817957166392
10.268993443887389
16.708011135168576
1.7419795221843004
51.48977987421384
15.651248581157775
52.71769590036326
