115.16659162539396
138.98666031443545
25.295589692765112
123.38443113772455
54.37629246676514
134.76038461538462
94.09803921568627
10.806611927398444
12.913115909527775
39.795767918088735
10.785796948974225
42.28938356164384
18.26054497946995
29.514891762312946
32.85777777777778
55.4834628190899
35.6890482398957
35.77696889477168
66.39174560216509
66.03573792190602
61.736483780536645
134.30633882246786
162.27887559142778
230.11739338763775
89.77566964285714
133.44925946242458
321.3990672884743
112.47554347826087
25.682313278008298
27.32716637192219
