0.06265776300000003
0.018743152000000096
0.018020317000000174
0.018151483999999884
0.018045428999999835
0.016763507000000066
0.01724467499999971
0.01788518000000039
0.018980318999999746
0.018754404000000058
0.017915445000000307
0.01820093200000006
0.017912871000000052
0.01770455999999987
0.017876935999999954
0.01791551300000016
0.017895924999999924
0.018054758999999976
0.012052940000000234
0.011899572999999997
0.011927766999999978
0.012523960999999861
0.011743189000000154
0.011778418000000013
0.01187713300000004
0.01263468000000012
0.012420177999999726
0.01226186799999951
0.0123204600000002
0.011802521999999982
0.0119292849999999
0.011184805000000075
0.011564082000000475
0.011606130000000103
0.010951055000000043
0.011587450000000388
0.012681321999999717
0.012084544000000363
0.012117944999999963
0.012908870000000405
0.011635260000000258
0.011835560000000633
0.012254514000000327
0.012496279000000499
0.012329796000000393
