0.010667785999999957
0.010553645999999972
0.010628584999999191
0.01023878300000014
0.010276250000000431
0.010408689000000138
0.011042970000000096
0.011003874000000025
0.01033649900000011
0.011188938000000093
0.01079857500000081
0.010632628999999838
0.01035258100000025
0.010708816000000176
0.010629531000000192
0.010555080999999689
0.01070106799999948
0.00947755199999989
0.008802980999999654
0.009481981999999611
0.009150857999999928
0.009074110000000246
0.009335026000000468
0.009155758999999541
0.011177785000000107
0.010449382000000007
0.010581622000000124
0.010519908999999217
0.010864784000000682
0.010787630999999465
0.011052799999999863
0.010048169000000051
0.010545422999999943
0.010093217000000543
0.010754380999999924
0.009603339000000766
0.009286475000000571
0.009158053000000166
0.009717875999999848
0.009461421000000136
0.009449202999999962
0.009461466999999502
0.009245038999999622
0.009522011999999691
0.010768757000000129
