0.008689892999999671
0.05583100299999977
0.057755709000000266
0.009900719999999197
0.01057057700000108
0.010472669000000323
0.01049641899999898
0.07751192000000096
0.010926839000001465
0.011312281999998675
0.012618877999999611
0.0124807330000003
0.012425962000000013
0.010681324000000103
0.007962301000000949
0.008567170000000957
0.008478251999999742
0.013387983000001213
0.013013236000000816
0.008213668999999868
0.008203254999999743
0.008109388000001161
0.06134666099999997
0.008500699000000722
0.009200548999999114
0.009832532999999088
0.0588752630000009
0.06013926800000036
0.008541646999999486
0.008333697999999501
0.012369074000000424
0.012301986000000653
0.016153930999999844
0.007098765000000284
0.007078661999999625
0.006992879999998536
0.0091172059999991
0.008394302999999326
0.3054384309999989
0.011207001999999022
0.011288035999999835
0.007503802999998754
0.006902437000000816
0.007343570999999827
0.007504108999999204
