22.62348178137652
10.838463008984897
8.151072124756336
3.5049911920140926
8.56360902255639
10.874536791953414
42.7957671957672
13.082583377448385
2.1379771151758122
11.11333684765419
14.008465608465608
10.72641012124407
11.107407407407408
9.66329346826127
7.399730215827338
10.748815165876778
7.917023554603855
4.381993569131833
2.6969517022961202
3.2586542201478026
1.5899199246349505
8.708793300342595
12.346560846560847
9.023821339950372
4.941211225997046
3.3243660418963614
36.36149732620321
38.66164241164241
28.14050822122571
17.052616690240452
