17.531472359058565
16.527299925205686
32.08346213292118
16.669938650306747
27.687402799377917
10.542710997442455
35.77838258164852
34.45839524517088
9.575488454706926
0.27971142893304646
2.120317320405465
12.46888888888889
64.85229540918164
5.774129353233831
80.93157076205287
76.36106983655274
80.37091757387248
4.8065683400513
112.32737169517885
102.40962962962963
63.84516129032258
25.2518573551263
26.432348367029547
1.3659358537341184
17.220416455053325
31.099554234769688
35.814152410575424
2.159039256198347
23.835640138408305
7.391424875254112
