30.371317829457364
19.784764207980654
15.962074303405572
16.025075987841944
3.1165092217723798
6.998590887740724
11.660979228486648
8.276850886339938
12.257418397626113
11.912267080745341
31.980712166172108
26.599378881987576
71.55044510385757
7.785794664724962
45.26009316770186
60.432432432432435
27.888
19.00148975791434
39.92835365853659
41.60139318885449
34.36157826649418
11.102896341463415
6.896189224704337
11.445845697329377
22.82919254658385
0.33383882855558816
2.153647469458988
14.847930702598653
23.68017686072218
27.959761549925485
