8.728524590163934
7.133029843196763
22.185747663551403
23.03378778897451
23.335280373831775
24.10254890337878
26.38785046728972
99.36395969176053
34.96553738317757
27.19902036607373
3.601713335890551
24.527927927927927
14.950525552736499
26.865743527995182
22.59214501510574
2.0064351789784154
20.462356067316207
21.992990654205606
5.368701837581505
5.244742990654205
5.18375815056313
5.016939252336448
18.98043864848844
21.757009345794394
7.346840886536553
26.42805538832029
20.00138217000691
47.903823870220165
41.29439528023599
25.37185628742515
