0.018691323000000093
0.007370760000000143
0.00024855900000009257
0.00026382500000021736
0.00027141099999994367
0.006261097000000326
0.00025994299999965165
0.00024037099999985045
0.016369874000000006
0.00024552400000033003
0.0002551200000002751
0.00023289599999998245
0.00034420900000009524
0.0002252410000003202
0.00023294400000040127
0.0002496140000003422
0.00022974299999978243
0.00022775399999996893
0.003545837999999968
0.0002526270000000608
0.00022612099999985702
0.00024020300000016093
0.003582870000000238
0.004870891000000377
0.0002768029999997701
0.004259176000000142
0.00565169600000015
0.00023345799999985317
0.00022294100000008754
0.00941121700000025
0.00023843799999978543
0.008534200000000158
0.00026064400000036514
0.0002536119999998476
0.005028084999999738
0.00028982400000021613
0.005231772999999329
0.0002428120000006473
0.0055661929999999415
0.004117478999999591
0.002268571000000108
0.0002648330000001309
0.00023868700000040377
0.0002314720000002879
0.0002535430000003558
