0.012487818000000317
0.0004945540000003135
0.00044286299999996004
0.00048094799999987004
0.3599758770000001
0.0173082339999997
0.00048106900000011166
0.0004437189999997315
0.00047437699999974825
0.0005125950000000046
0.000476900999999863
0.0004359870000003596
0.0005344809999998645
0.00042329600000012846
0.0004463089999990899
0.0004330149999995925
0.0004392299999995686
0.0004976750000000862
0.0003915979999993269
0.0004822359999998582
0.00043559099999956885
0.0004939039999998229
0.015165398999999802
0.00044597999999940185
0.0004486200000002327
0.0004452430000005947
0.013542901999999302
0.003502837000000092
0.0005700110000006475
0.000598069999999673
0.0005458770000004165
0.0004291610000004553
0.007121703000000146
0.012989707000000017
0.00046048500000051007
0.00044986900000054675
0.000419825999999901
0.00045507899999996937
0.002848044999999466
0.0004369730000002292
0.0004995499999997932
0.0004232889999995493
0.00042936000000004526
0.0004544829999995059
0.02081187399999962
