0.0003147329999997339
0.00035042200000034995
0.00035692199999992624
0.00038505199999860906
0.0003320799999997348
0.02321623800000161
0.00039944600000119124
0.00035811799999940774
0.0003222469999997202
0.00034953799999826174
0.0003541699999995984
0.003554172999999494
0.0003796270000009372
0.0003432189999994506
0.0004323809999995376
0.0003947059999998004
0.00033646800000042276
0.02512453800000003
0.00033273000000022535
0.000347217999999927
0.023384295999999694
0.00043846500000022104
0.0003247650000002267
0.007591038000001049
0.002930630999999906
0.0074460619999996425
0.000324558000000863
0.0003345269999996958
0.0002991500000000258
0.006462637000000271
0.00031927499999895304
0.026782776999999314
0.0003601529999990305
0.00042251300000017977
0.0003246399999987659
0.00042886900000027595
0.000349251999999467
0.00041875400000002116
0.011017380999998494
0.0003352819999999923
0.006978543999998976
0.00040854599999917696
0.00032102900000019474
0.0003878610000001004
0.0003705360000001434
