0.004199192000001517
0.004240953000000047
0.00046500800000082165
0.0003796180000001925
0.00041799799999964193
0.0004173719999993608
0.00039906599999994796
0.0005112240000002544
0.00045391299999941737
0.0004480490000009496
0.0003981789999993879
0.021434689999999534
0.000420652000000743
0.0004199909999993423
0.008887814999999577
0.00039187499999826514
0.016195391000000114
0.0004160859999995381
0.0004083710000006846
0.0004248469999996729
0.00045742799999892725
0.000523330000000044
0.0004389170000003162
0.0004322089999995171
0.00044695199999900126
0.010103069999999548
0.00040426400000015406
0.003632189999999369
0.0004613940000002259
0.000427372999999065
0.009701183000000668
0.0004343760000011798
0.0004821059999997601
0.0030999129999997876
0.0004264810000016439
0.02433125299999972
0.00040252899999870806
0.0004626610000002529
0.010277649999999028
0.00037844200000236583
0.0003844840000013505
0.0003989299999993534
0.00047169800000190776
0.0004251780000004146
0.00047904100000195626
