0.004077932000001283
0.008797273999999078
0.0003778919999994912
0.0003830799999988699
0.0032454909999977133
0.00037708500000022127
0.0003959110000018029
0.0004211309999995194
0.00045783300000223903
0.003972108999999335
0.0003627269999988414
0.014431167000001466
0.0004096079999982294
0.00038075999999875876
0.0004050490000011564
0.0003623650000008638
0.00040392200000383127
0.006222878000002652
0.003879996000001995
0.00042136800000491803
0.00034486199999861356
0.009368369000000598
0.00036583499999665037
0.0004430199999987394
0.0003596259999980589
0.0004227760000006242
0.01894535899999994
0.0004055309999984047
0.00039350800000192976
0.0004308449999967934
0.00043176599999839027
0.002711752999999817
0.0003650060000026656
0.0003640200000063487
0.0035469789999993395
0.009790021999997123
0.00425923199999545
0.00793119600000125
0.008239899999999523
0.00048088699999482287
0.011916980999998827
0.01581880900000243
0.00046045999999932974
0.008587721999994358
0.017966600000001165
