0.008368321000000012
0.0002670580000000422
0.00045469500000000496
0.00025959400000002963
0.00028126699999997395
0.00020831999999998407
0.0002623669999999856
0.001025182999999985
0.00023572899999996233
0.0002452040000000544
0.0002651849999999456
0.00023488599999998971
0.0005303769999999153
0.0008172690000000093
0.00034277099999990845
0.0004431649999999676
0.00023983000000005195
0.00037051799999998636
0.0009073000000000553
0.00023495400000006494
0.00023252200000001277
0.00039675799999994155
0.0004532990000000181
0.00031326700000000596
0.0002417780000000258
0.00046015999999993173
0.00023308399999999452
0.004166066000000024
0.0002410700000000654
0.0007122520000000243
0.0003301919999999514
0.00023854700000003337
0.00024148000000001613
0.00021554999999995328
0.0003401330000000202
0.00026184799999995345
0.0009336159999999705
0.0003253440000000607
0.0005387719999998541
0.00020655400000002544
0.00022181899999984545
0.00021222000000009622
0.0051497990000000105
0.000349589000000039
0.0010806339999998027
