0.0006921380000000088
0.02486502300000004
0.0008190560000000957
0.0007799139999999927
0.0004469089999998843
0.0004892539999998835
0.0015753880000000109
0.0004556930000001458
0.0008315789999999712
0.0004897649999999754
0.0004631340000000872
0.00046994899999996953
0.0008711690000000605
0.0004383759999999626
0.006676000999999987
0.0004690030000000789
0.0005494139999999703
0.0004161069999999434
0.000874215000000067
0.004621772999999996
0.0004960929999999752
0.0004196799999998113
0.011966482000000056
0.075578476
0.02847301999999985
0.02019435599999997
0.0008805429999998449
0.0008028950000000812
0.0012419889999999434
0.0014934300000000178
0.04294403299999994
0.0004333990000000565
0.0014630959999999416
0.00042159699999988476
0.00046066899999996913
0.14132442000000012
0.00041577600000008985
0.0004335229999998802
0.0004225020000001578
0.001877042000000273
0.00042759500000011386
0.0010457030000003975
0.0016989910000000386
0.00109942399999996
0.0004533220000002558
