0.00033427799999996566
0.0008904410000001306
0.0016587279999997762
0.0013010250000000667
0.0004459549999999979
0.000850384999999676
0.0003150530000000096
0.0007020799999999383
0.004446397000000157
0.002234168000000203
0.0006229669999999743
0.0003784160000002146
0.0003373369999999376
0.0013914139999999797
0.0006221739999996423
0.0019035280000001542
0.0002951910000001945
0.1287981010000001
0.0003886049999999308
0.001743605000000148
0.0005193850000000388
0.000871803999999976
0.00031281100000013495
0.00032576499999992237
0.0004228649999999945
0.00044061500000003306
0.0011135399999999684
0.0011237309999998502
0.0003378960000000042
0.0009429519999999414
0.000298015999999901
0.0007559999999999789
0.000411160000000077
0.000335218000000026
0.0012516590000002381
0.0007496949999996616
0.0003667619999996319
0.0003092350000000188
0.006067577000000046
0.0004048709999997513
0.0013561229999998758
0.0007512020000000064
0.008371762000000338
0.001265580999999738
0.00032764500000004304
