0.002241403000000197
0.0005666130000001601
0.034395219999999505
0.034939111999999994
0.0004527720000000457
0.08876722299999962
0.0003792990000004437
0.0005526019999999576
0.0004382319999995943
0.031543896000000515
0.0008457149999996361
0.0017568190000005757
0.0013366409999999718
0.04117985699999949
0.0005327600000004651
0.0030750309999998393
0.0011972169999996396
0.09137977799999941
0.0648049369999999
0.004206728999999854
0.044830313999998594
0.027646529000000086
0.021816972999999962
0.0035750270000001194
0.04529661000000118
0.061384895999999856
0.0008778410000012116
0.09412908600000058
0.002729221999999254
0.0003405010000001596
0.01474837100000137
0.001012306999999879
0.0508423269999998
0.00041887200000090274
0.04544743099999948
0.014626029000000429
0.03257155800000078
0.0007047929999988156
0.0003794450000000893
0.0014491989999996235
0.00206270700000033
0.12694585600000075
0.00902275500000016
0.0003688070000009702
0.0004100620000002664
