12.61344537815126
11.464949928469242
1.9056235586304773
4.144609762464109
5.073036792970895
7.156934306569343
1.392135276762517
10.054485415520087
7.923669467787115
1.2189843582601243
9.358301784748512
16.231995884773664
7.558238034731046
4.470121778532993
6.534547152194211
1.4969380403458212
4.8735135135135135
17.862850971922246
6.302044921220248
3.422007722007722
3.419115464529534
3.6754530477759473
0.9439966058549003
1.3920053745381256
6.797004991680533
5.7738166927616525
4.919033543246369
27.38335100742312
2.5465346534653466
6.048821957736216
