15.936784469885515
15.5337528604119
5.584824182603331
7.229411764705882
0.3195669747987768
5.557086614173229
0.37033283334009
3.28656518861681
7.267549137585239
0.7867631094808771
31.06964856230032
6.43206106870229
5.097739361702128
6.134069400630914
5.714285714285714
12.064341085271318
1.1906477834576386
6.775272161741835
8.410557184750733
4.9875968992248065
5.363358778625954
3.950387596899225
50.91068702290077
8.958785249457701
23.369465648854963
22.10542635658915
7.654875366568915
18.17389186556259
2.7570799244808057
3.5036112934996715
