2.031304959549771
311.7640987836344
51.41314837153197
5.567608476286579
4.333911034084345
10.456908344733241
4.186552406064601
5.214783074450991
457.60815253122945
17.991133799032777
152.5546827794562
0.8795056900787086
12.223692918596957
7.03471231573942
2.7871029836381136
7.079730488489613
230.5206847360913
20.417611159546645
38.39641608391609
94.63762781186094
144.15881561238223
109.18528428093646
31.488906290785696
342.044370029301
112.08924989971922
141.6407894736842
27.426530821216467
310.3683155080214
31.27710027100271
1.2251928943118608
