4.000586270351452
2.719577975807095
155.2709586510456
2.6886986721313852
2.9971713121188133
144.0762345908546
4.382183486344571
115.80972288956889
4.86086927277348
4.706074602805353
5.030774813425927
1.2871836534194614
97.85508502957033
108.58356823777073
93.50097489480835
2.386372410705973
98.91577460020365
2.3072949167579746
2.2254823035111877
85.14871301430931
82.86337276742228
4.9899501542766185
2.2577533067246587
93.73883324433959
1.9250016432481514
5.32810187367079
5.021990883220199
3.1460557470506587
4.5260867310355835
108.90590287261
88.12859439910522
92.6637180351168
115.00479773427271
104.15402041501832
81.14523171470802
2.159970470302515
101.60063707324014
2.201561199483394
3.31023535836938
2.1669796180606564
3.5468292151761354
5.2280241857724
100.21341352480722
4.684887485603957
87.05398307468158
