2.153868382722102
1.3877878153899323
6.563826218916178
7.75996641477438
123.66796577996665
7.407215200524008
125.85718228672863
130.61077782544967
132.8676305899158
2.4703630534968406
106.04754736944662
73.36918545200062
7.996215999591477
138.55688665490237
138.0195669040696
1.3615789475747258
111.07216367373846
5.608677303311198
82.80301018795788
2.5425940307481834
1.6350899108308306
98.22488969354828
7.022749608184018
134.17203849069114
1.3197907079417917
1.0524734173874786
94.83453056386251
96.21887095276038
89.96750222340786
1.6917410626456233
4.176713931201838
71.30619536460914
87.18731985789707
3.024930666173727
99.72632844601272
118.71217751564629
2.2563773629582538
2.662975443268143
2.530631170546048
137.2397201002244
110.15988309235713
3.3461314519202077
106.41692296391093
1.3989896175732015
115.32203356702455
