113.67334048237399
1.683114475116817
112.36085045724666
1.071043882459351
1.5264276797112388
99.23544155071397
116.02082100932897
113.63256716164103
3.3321902597578603
1.865485402260584
150.68673579917058
2.764827425153916
2.7489767422429496
1.3626729548976362
84.14522500709538
8.058422798202315
8.341337567806862
1.2026535799826072
126.03892151230765
1.1942528985668033
129.99040474947762
1.5094782371598898
113.53951947344606
1.424013215423628
109.03248137478741
1.483596710393731
2.779978521039041
2.2950351942883476
1.4631043005377442
103.09293474021817
123.01199294356394
118.29643484528614
7.266256914569059
8.444539960772403
1.107030596913908
113.35639623577138
1.4509346455738947
1.6379856505916148
2.9377209270052465
133.35530467985063
121.98294674223153
91.13662265972545
89.82732461179796
1.3234647411008333
1.3643862668964328
