0.6816861199999948
0.552812786000004
0.5494146889999456
0.6008914850000338
0.924345819999985
0.9102621439999439
0.9844197209999948
0.7766415759999745
0.578666779999935
0.7374933400000145
0.9077971720000733
0.818701274000091
0.8480534919999627
0.8360337130000062
0.811720171999923
0.7962488330000497
1.0191446370000676
1.0330682530000104
0.5887072429999307
0.5940892139999505
0.8765329800000927
0.5061408099999198
0.5947575420000248
0.5454118479999579
0.49333607800008394
0.9794909410002219
0.6513585930001682
0.6709497670001383
0.8581574039999396
0.8439509600000292
0.8340602250000302
0.9521221809998224
0.515564372999961
0.9121348439998656
0.6186405559999457
0.6166472449999674
0.5765919620000659
0.5828673350001736
0.7553605660000358
0.6377237439999135
0.495843437999838
0.4569254829998499
0.49672592799993254
0.6324234740000065
0.9789237110001068
