0.0003370939999998157
0.0003109510000003368
0.0003322919999995122
0.00038844799999981916
0.00035023999999950206
0.0003293520000005046
0.0016479990000002331
0.0003781889999991961
0.0003733599999993231
0.0003700889999995738
0.01268166299999951
0.005179757999999701
0.0003335639999999529
0.00034986999999997437
0.000361410999999201
0.00035897500000015015
0.006540084999999252
0.00038984700000010974
0.00037252999999992653
0.0003408980000001449
0.0003505930000002877
0.00040902799999997796
0.0003740179999995874
0.0004151280000002089
0.003962663000000255
0.004839578000000344
0.009039354999999638
0.0003650000000003928
0.002347184999999641
0.00033250099999992955
0.00035755499999989837
0.00041067699999963736
0.00039033600000060176
0.00035208500000027954
0.0003636409999998591
0.0003351049999995581
0.0003335340000001352
0.0003687140000003808
0.0003459110000001431
0.00039473599999961806
0.0003595900000004093
0.00033244700000079064
0.0003897749999994815
0.00034098099999990694
0.000410956999999712
