0.011755702999999507
0.00035584200000027266
0.00045576800000013407
0.0003258600000002332
0.00034995499999990187
0.0003433209999998965
0.0003515649999998871
0.0016268770000005262
0.0003449700000004441
0.0003620789999994045
0.0003735819999999279
0.00030502200000004365
0.0003438850000003768
0.0032045719999995725
0.00035273399999979915
0.00034814899999968674
0.000406972000000394
0.0004084879999997071
0.00033358700000007957
0.0003362450000006234
0.5362426650000005
0.002162342000000095
0.0003452319999990294
0.0003330049999998863
0.00035088000000094155
0.005156208000000717
0.0003302590000000549
0.00034282900000093264
0.007172059000000175
0.0003292489999999759
0.0003528179999996439
0.0003445720000012642
0.00034036499999956504
0.0003890569999995819
0.0003458849999997682
0.00035374699999835
0.00037033299999933433
0.0003100089999996669
0.0004091370000001149
0.00033705899999958433
0.006678323999999236
0.013433791999998945
0.00036504299999862155
0.00032063999999998316
0.003414636999998777
