753.5046658934003
304.38858121549316
1104.4092282138567
1129.4967271247394
732.8175424317728
92.26277648223652
1357.259585344857
1090.471497234901
1058.0569570815214
1075.4898655693544
1021.0609876030487
491.4799546709947
1200.8261597433411
1210.5073353765686
1046.7338335933794
556.554934257801
969.8499165079111
533.408180652229
1236.668581849341
1146.1711034471587
1135.7244217077957
1084.7108232409462
251.81521604892254
1230.7709128434226
1161.4847607656438
1029.9148504173768
250.58262468696628
1223.120166102105
500.03323156948665
1030.7944573214818
