371.9379440336657
917.7404407239678
330.44561767280396
977.1551344122161
486.616664949401
784.7014690645597
924.6623157754265
698.7760372779054
793.4246829947888
907.9008930628405
845.9653090514341
989.8452222805636
661.8873419531059
741.0395487388635
199.27979806351902
831.9143036212935
945.7605540189555
970.7953039000021
943.4199107145369
395.20779304501286
885.9288397640479
931.9495768552091
958.7782320951665
848.7965263123259
905.6586000566949
682.0105723388821
667.2663135882427
932.6036098294544
998.0325701284894
932.9873351519886
