0.9999918282405112
232.34175691937423
0.6429246287326342
252.30896686159844
135.0092850510678
35.52905569007264
354.23401688781667
27.300101541585896
138.45829428303657
118.98784440842788
46.27095576863594
60.324487334137515
59.85900473933649
125.26537997587455
75.75
954.1194209891436
287.8483412322275
235.05548854041012
638.8436018957347
562.9508340649693
232.468009478673
267.3227176220807
72.3157132512672
122.4815734989648
52.73277661795407
58.656398104265406
84.91360136869119
49.12773536895674
71.87270051508462
26.865051240302652
