92.96985645933015
36.68269230769231
54.48929098966027
74.67381656804734
125.09867172675521
130.7533512064343
151.97600619195046
147.0067643742954
22.166938553561717
88.64508393285372
76.90949554896143
76.06211180124224
37.30506566604127
21.69723618090452
20.89046079223929
14.808095515433896
3.7834772812617348
27.000540248514316
17.05018494807227
453.54658385093165
24.345401202875166
56.77511415525114
22.7027027027027
63.75360501567398
2.9620732501035443
70.54350828729282
103.67515923566879
148.11996904024767
218.9657012195122
589.2123176661264
