773.4848035581913
517.2534043812907
95.5225155279503
106.19848566792861
7.03514287710473
43.9737747205503
33.726067136344795
37.509784244857
120.85038542396636
22.83859649122807
78.31218372907746
155.27882465665922
287.0064139941691
16.33622291021672
17.369380108991827
33.2999400119976
31.985434007134362
34.276155717761554
110.45082156908123
35.743340069814444
87.42840444184688
117.27461447212337
45.537740947577014
9.62834413293129
63.95391508427566
59.491379310344826
149.30990654205607
32.59731934731935
245.04639435199192
23.06153846153846
