0.9999599503384197
88.3221906116643
43.74055595153243
147.10856453558503
165.2405063291139
17.922457891453526
353.33655006031364
113.47759433962264
59.33172496984319
21.48757497857755
27.41614255765199
30.75117924528302
30.262905162064826
29.266509433962263
117.56782713085234
117.69811320754717
122.0672268907563
118.48938679245283
81.47208538587849
72.22085445329472
680.0336943441637
120.01110340041637
238.55142857142857
271.7189384800965
558.181279620853
109.6984318455971
370.67122436295836
665.0505415162455
71.22818311874106
19.83290653008963
