21.306027820710973
19.65806451612903
20.3548632218845
20.815586419753085
17.990384615384617
19.96439393939394
20.546296296296298
37.66439393939394
37.972993827160494
35.739255014326645
37.67705167173252
31.592833876221498
30.451959544879898
194.09621212121212
55.36692307692308
180.5030303030303
37.72769230769231
37.63030303030303
39.24
38.21666666666667
39.02307692307692
37.98257575757576
38.652307692307694
38.18333333333333
24.537564162389174
59.31133540372671
54.73299195318215
56.917956656346746
167.6234756097561
16.79311856234933
