21.89664694280079
17.473856804518128
1200.9809885931559
1643.1140408701385
130.3659370725034
2936.0098879367174
1632.796853625171
114.49044166117336
89.43980848153215
81.9564930784443
84.55540355677155
68.79499011206329
11.614224623002476
550.1908655201579
307.5841018884497
32.31578177563259
2.618467550825261
139.38410153640615
260.58346466238334
24.875626423690203
51.5650433622415
31.714121699196326
37.156980627922515
20.972862957937586
2.6208287495416207
3.321235899950956
27.23853596970972
12.291047942299533
1315.6086666666667
40.542567567567566
