0.9999594413725039
86.57882069795427
40.731929425156515
84.61371841155234
84.67027677496992
140.08303249097472
139.24187725631768
142.65342960288808
115.65222623345367
116.90854392298435
116.37906137184116
117.12996389891697
102.98504273504274
145.09820359281437
123.56996935648621
147.27075812274367
20.922229869236062
146.90108564535586
146.2772511848341
146.2195416164053
28.777251184834125
29.20627261761158
29.149289099526065
30.05307599517491
3.8864295527400397
12.564051638530287
3.15979175010012
46.364294330518696
9.647458078253926
10.9777406147281
