111.05038167938932
47.229598445595855
108.85798816568047
75.65605590062111
92.24630177514793
97.43555900621118
138.36993006993006
57.02244582043344
55.796493902439025
57.3328173374613
55.56707317073171
7.885813148788928
15.013341419041843
19.442724458204335
20.72145328719723
37.84704968944099
36.751479289940825
26.77014602487831
36.95710059171598
38.43111455108359
24.884985563041386
165.80137931034483
256.8833841463415
265.37074303405575
130.2987804878049
130.74303405572755
74.65343915343915
134.0890092879257
134.5419207317073
38.852963240810205
