12.393237610004633
32.666267225883765
10.949003984063745
32.841028638223264
14.646524064171123
32.01110461718294
32.03795966785291
20.184971098265898
33.828402366863905
21.680303915838692
28.72662721893491
27.511396843950905
25.085798816568047
23.216832261835183
4.25764192139738
19.668804664723034
19.73309608540925
19.448979591836736
20.777580071174377
7.513077487166952
18.1517805020432
19.08518296340732
18.49503794512551
18.74745050989802
79.25802685347344
53.554296875
56.828141407070355
94.14454976303317
91.92922899884925
79.23222748815166
