1.8426066582558769
11.59982461268635
20.620198422793184
19.442753293957292
21.11116764182142
17.88641526578828
21.594759603154415
16.36937755565652
21.77130501144747
19.4418446160836
21.533960824217758
18.30599727396638
18.70847112693971
19.4418446160836
20.620198422793184
18.413902771467516
21.03179852454846
18.491140390731484
20.620198422793184
19.446388005452068
21.589926227423046
19.442753293957292
21.77130501144747
18.4815992730577
21.77639277537522
18.7626079054975
21.77130501144747
17.540436165379372
19.95370134825744
18.769877328487052
19.369117272958533
18.301453884597912
20.461460188247266
17.397319400272604
21.77130501144747
19.284189004997728
19.70847112693971
18.097001363016812
21.589926227423046
18.491140390731484
21.760620707199188
18.413902771467516
19.95370134825744
19.4418446160836
20.620198422793184
17.710586097228532
20.46654795217502
19.442753293957292
23.22665988298143
18.603816447069512
21.77130501144747
19.4418446160836
21.77130501144747
19.442753293957292
20.701093869244467
19.4418446160836
21.584838463495295
19.35347569286688
21.254388196387687
18.787369377555656
21.77130501144747
18.98023625624716
21.77130501144747
18.396637891867332
20.625286186720935
17.812358019082236
19.800559654032053
18.769877328487052
21.77232256423302
17.851658337119492
21.77232256423302
19.329395729213992
21.254388196387687
17.818718764198092
21.254388196387687
19.442753293957292
20.493258712795726
19.446388005452068
19.48181124395828
17.620399818264424
21.010684304248283
17.734666060881416
21.563978631391503
19.296456156292596
20.578224370389215
19.442753293957292
21.313151869753245
19.4418446160836
21.318239633680996
19.3284870513403
21.594759603154415
17.82326215356656
21.584838463495295
19.442753293957292
21.594759603154415
18.49204906860518
21.671330450267106
18.090186278964108
20.493258712795726
19.24011812812358
20.580259475960315
18.413902771467516
19.680742813533453
17.464107223989096
21.77130501144747
18.413902771467516
21.77130501144747
19.446388005452068
21.010684304248283
18.98023625624716
20.257695242940727
18.193775556565196
21.387433223098448
17.397319400272604
21.143729330959044
18.578146297137664
21.01017552785551
19.328714220808724
20.706690409564995
19.446388005452068
21.594759603154415
18.98023625624716
21.418722971254134
19.442753293957292
21.563978631391503
18.791004089050432
21.318239633680996
19.442753293957292
19.867209361485628
18.029532030895048
20.706690409564995
19.4418446160836
21.533960824217758
17.628123580190824
20.16204528109896
19.432303498409812
21.77232256423302
18.787369377555656
21.760620707199188
18.91163107678328
20.620198422793184
18.02498864152658
19.90435003815823
19.442753293957292
21.760620707199188
17.682644252612448
6.982786885245901
17.726387738193868
18.98979365431551
17.726387738193868
18.979587308631018
17.31234465617233
17.864876858220544
17.726387738193868
18.993343687597072
17.73053024026512
18.332149988906146
16.79328914664457
17.186598624362105
16.86371168185584
18.878189483026404
17.30095277547639
18.579986687375193
17.726387738193868
18.332149988906146
16.611019055509527
18.98890614599512
17.726387738193868
18.806079431994675
16.789975144987572
16.167073441313512
16.61847555923778
18.589305524739295
17.72721623860812
16.309518526736188
17.726387738193868
18.325493676503218
17.726387738193868
18.375416019525183
17.73053024026512
18.98890614599512
15.748964374482187
17.66918127357444
17.726387738193868
18.98890614599512
17.353355426677712
18.588639893499
17.026304888152445
18.993343687597072
16.638152444076223
20.258264921233636
17.726387738193868
17.328156201464388
17.22410936205468
18.427335256268027
17.726387738193868
18.326381184823607
17.726387738193868
17.31195917461726
17.726387738193868
18.878189483026404
17.132974316487157
17.325937430663412
17.175849212924607
17.475038828489016
17.305509527754765
18.878189483026404
17.72721623860812
17.878633237186598
17.73053024026512
17.735966274683825
17.726387738193868
18.993343687597072
17.73053024026512
17.954071444419792
16.900372825186412
18.98890614599512
18.911350455675226
18.98890614599512
17.718516984258493
18.993343687597072
15.322700911350456
18.98979365431551
16.78914664457332
17.526292433991568
17.726387738193868
17.076103838473486
17.10708367854184
18.43199467495008
17.519676884838443
18.98979365431551
17.574565037282518
18.902595961837143
16.747928748964373
18.542489460838695
17.726387738193868
18.061238074106946
17.72721623860812
17.55047703572221
16.78914664457332
18.878189483026404
17.726387738193868
17.984912358553363
17.353355426677712
17.984912358553363
16.66072908036454
18.98890614599512
16.85956917978459
18.34967827823386
17.582642916321458
18.98890614599512
17.726387738193868
18.98890614599512
16.85956917978459
18.993343687597072
17.582642916321458
18.61792766807189
16.78914664457332
18.835810960727756
17.73053024026512
18.98890614599512
16.686205468102735
20.259152429554028
17.726387738193868
18.064788107388505
17.25
16.495451519857998
16.76636288318144
17.666962502773462
17.582642916321458
18.019968937208787
16.981772990886494
18.332149988906146
17.726387738193868
18.98890614599512
17.107912178956088
18.138451297980918
17.726387738193868
18.879076991346793
16.969552609776304
18.98890614599512
17.582642916321458
18.98890614599512
17.644987572493786
17.925893055247393
16.86371168185584
18.98890614599512
16.369096934548466
17.668737519414243
16.79328914664457
18.98890614599512
17.305509527754765
18.538939427557132
16.19573322286661
18.613490126469937
17.354183927091963
17.984912358553363
17.644987572493786
18.98890614599512
17.264084507042252
17.821832704681608
17.297431648715826
18.83936099400932
16.37241093620547
18.98890614599512
17.73053024026512
20.260039937874417
16.78914664457332
17.95229642777901
15.240886495443247
17.917461726203683
17.31234465617233
19.706900377191037
15.774855012427507
18.82627024628356
10.811698508243914
19.274836674926785
16.332806011469252
19.27979274611399
16.26062883132292
19.27979274611399
16.824995056357523
19.191259292633475
16.3343879770615
18.612975895471955
15.59561004548151
18.074791619734174
16.923670160174016
18.542239243072764
16.923670160174016
19.284298265375085
16.77872256278426
17.216940752421717
15.459165513150088
18.822031989186755
15.874035989717223
19.27123225951791
16.33241052007119
18.250957422842983
16.927625074154637
19.28069384996621
16.923670160174016
18.2518585266952
16.927625074154637
18.603514305023655
16.927625074154637
18.206803334084253
16.927625074154637
18.8740707366524
16.165710895788017
17.317639107907187
15.938501087601345
18.34151835999099
16.787225627842595
18.60621761658031
16.923670160174016
19.127956747015094
16.33636543405181
19.284298265375085
16.923670160174016
20.282946609596756
16.522641882539055
18.337012840729894
15.134862566739173
19.123451227754
16.755388570298596
18.136066681685065
16.593039351394108
19.27979274611399
14.976863753213367
18.610723135841404
16.92446114297014
19.27979274611399
16.927625074154637
18.60621761658031
16.571485070199724
16.98040099121424
16.028870872058533
19.284298265375085
16.927625074154637
15.837125478711421
16.353964801265573
18.60621761658031
16.77872256278426
19.27979274611399
16.923670160174016
18.822933093038973
16.37255289697449
17.87925208380266
16.33241052007119
18.337012840729894
16.33636543405181
18.898625816625366
16.77872256278426
18.8740707366524
16.573067035791972
19.27979274611399
16.927625074154637
18.337012840729894
16.19339529365236
19.27979274611399
15.668380462724937
18.34151835999099
16.908641487047657
19.27979274611399
16.740162151473207
18.613876999324173
16.92446114297014
18.148006307726966
15.037176191417837
