0.4661204760050168
0.5381156319999718
0.4223068850042182
0.3985276699968381
0.4358462710006279
0.415478681003151
0.42963166700064903
0.4195220289984718
0.41732064300595084
0.43303669900342356
0.4300187199987704
0.4263315860007424
0.49952686399774393
0.4749221639940515
0.483718757997849
0.40372573000058765
0.4169957060003071
0.3969006810002611
0.4117076719994657
0.4667109489964787
0.41858364300424
0.4082055440012482
0.44735620400024345
0.5402995240001474
0.3950341629970353
0.40218636200006586
0.4428112120003789
0.3930523480012198
0.40174790500168456
0.408969434996834
