0.39993154499825323
0.4301029100024607
0.4532864540014998
0.4353505379986018
0.41706022399739595
0.421274510998046
0.4667817189983907
0.431556076000561
0.4306770840048557
0.42284483200637624
0.42511504700087244
0.4495843379991129
0.45706090699968627
0.45891602100164164
0.4103393490004237
0.4117366549980943
0.4185591409986955
0.46017448799830163
0.47747205599443987
0.43911349900008645
0.46607757799938554
0.419173096997838
0.4174047080014134
0.43117599599645473
0.4291798429985647
0.42476396600250155
0.43176858700462617
0.43129487699479796
0.4438394209937542
0.42582771200250136
