1.9043717840000003
0.010560439000002475
0.000989457999999388
0.0002679319999998597
0.00023524099999860937
0.00026727400000226
0.00022261899999875823
0.00025664200000363735
0.00023069300000599924
0.010801494999995498
0.00025621000000342065
0.00025414299999937384
0.00026383299999821475
0.0002405590000051916
0.00023226500000106398
0.010424407000002134
0.00023972000000327398
0.01089816700000057
0.0006982940000028748
0.00027465800000925356
0.0002655290000035393
0.010474211000001787
0.0003704429999942249
0.00027713399998674504
0.0002859809999904428
0.0011153640000003406
0.0002522190000036062
0.00031393499999410324
0.00027822900000273876
0.0006356490000030135
0.00077221100001168
0.0002607210000036275
0.00028941700000473247
0.010339145000003214
0.0003533820000001242
0.0007122189999932971
0.00022289800000407922
0.0002627960000012308
0.0003033299999941619
0.0002475139999944531
0.00024081700000522233
0.0006177770000022065
0.00024394199999733246
0.00029467299999907937
0.011272227999995721
