0.001225398999963545
0.00039156700006515166
0.0005335959999683837
0.0114370170000484
0.0013127450000638419
0.015472004000002926
0.0003585990000374295
0.012273719999939203
0.0016910660000348798
0.0003708760000336042
0.0006496610000112923
0.012320509000005586
0.0003992450001533143
0.00113941400013573
0.0008771579998665402
0.011902707999979611
0.0003388880002148653
0.0003408909999507159
0.0008047209998949256
0.0002923060001194244
0.001610973999959242
0.014294371000005412
0.0004050100001222745
0.0014038209999398532
0.0007400360000247019
0.000308913000026223
0.0003711189999648923
0.00034364099997219455
0.0013495250000232772
0.010225880999996662
0.00041123100004369917
0.00039618200003133097
0.00034292599980290106
0.012483912000107011
0.00036627599979510705
0.0005617890001303749
0.001550453000163543
0.0007296399999177083
0.0004120980001971475
0.00041759300006560807
0.00035287500008962525
0.012386461000005511
0.0007926270000098157
0.01177046399993742
0.4831516419999389
