1.8217501809704117
1.9823377739521675
1.9740972690051422
1.799754836014472
1.9853733039926738
1.707331458979752
1.843571126984898
1.8817424839944579
1.8347583319991827
1.8012883799965493
1.8005146130453795
1.861432222998701
1.8554563280194998
1.6820709420135245
1.7060246390174143
1.7078558450448327
1.802326243952848
2.3870400820160285
1.847083063039463
1.8981213480001315
1.8425255520269275
1.8133503110148013
1.876513765018899
1.8491008650162257
1.8354624029598199
1.8715485670254566
1.8366408860310912
1.7754620760097168
2.1082240769756027
1.6360951809911057
