1.3634491710084997
231.06283276828322
27.661230891917803
210.58696284375378
23.551936364773326
349.12117385518064
25.57580615825618
102.03292536588312
259.4296896518275
178.419511936117
287.48990532588016
280.6423424751944
276.46077565314124
210.8209223873813
171.34384245739685
17.362196081567568
215.88172071439936
275.59100295693275
64.8119313413387
24.32488252283732
231.67013671329067
262.46971077484403
156.3210919135579
232.08060050779346
98.13374075827228
296.3568139549275
248.7774873069402
27.557547246539386
295.4828991297921
21.48777309906042
191.25244782055046
24.36084496728263
65.63678494339895
179.67093901378246
178.97077656028463
142.48352676814733
24.00817307450159
323.4926962226243
161.27325284266828
108.15085475454151
168.36772771257938
139.36361346005114
25.646879815294373
141.9924502256326
112.92359597327213
