33.53703980461734
0.9126658497562637
119.11041124659587
17.905113806915214
8.847016969424118
63.61781252112485
0.5514599763982826
130.40861618783012
0.512362114581812
34.651749821759616
129.25640583425084
123.5740002880754
133.9951374558276
0.8670271409498823
91.36838073219569
10.359178932680946
14.001567820012994
8.457144043175903
0.07002594746862248
10.152446705360006
92.72151893817654
13.250216239311914
0.00028725021493835034
118.23179143524338
39.846179203642805
0.3895584472555602
97.92196072040348
16.67732418190015
19.847029722293403
114.91265734875134
26.81276825108722
103.41163539683768
11.341037188957973
93.43731516482362
87.4649417690038
26.17855585493888
95.11827112021587
81.07051555521234
12.144567168337261
9.827948822635706
31.80637996513009
78.82678147630627
79.61878631665473
0.13557117236207078
0.14586750065189874
