124.76097581985351
18.768570927514393
40.48233347041538
98.259565600707
106.49059843229166
0.7790200471207637
34.97458123117844
39.732266662335526
62.1253849735878
108.49168189230957
0.7966162952434543
77.04047894121156
28.383809477169866
6.850557248944171
61.23263147606778
4.229739178490294
51.92381583945861
11.658862381302823
43.67317265338516
48.8659888429148
92.04622241838588
4.323135761177128
91.39225987070054
28.912567484934005
2.4099809118840367
0.9823752973628942
15.89697660584488
92.33626168818634
139.89924681963052
59.80504225294779
3.1618036163365324
81.22436401039525
28.37689042802199
71.3388633666673
80.39005039053704
22.49890294528326
16.08486560478059
7.55321376688136
78.39125021004656
77.21778743764067
30.214867788307405
3.4438701444662523
8.214465267858646
12.30464496438539
99.46435446280336
