15.447955480446119
7.6908595386691045
18.275714653214674
16.914127363809154
3.411622831947009
13.715654851206759
7.001237275886128
2.4596391904260444
2.5927321028177563
4.587513554168842
0.629386779176935
0.584438793484404
0.9131289844165892
34.80059729764944
143.63817160488608
173.3582611418056
0.9650723531970824
85.71743514264979
40.71277245487277
3.7499769044341504
0.5415462815187057
7.533026248940237
8.00667611673412
0.6936066743371235
0.6854786586548542
5.771387791418587
28.25191128406852
9.650406307700777
0.22480838176485654
5.09870387578356
31.815042419014418
13.061474147527504
0.45821605157306255
0.3101327081000938
15.170456523249046
42.77773347530635
7.098481843076036
32.9770355857269
1.0552918868346564
12.54100082725015
5.946979865439953
22.92580793757034
0.3352467762132985
18.182661529512313
21.46365160122648
