0.018537765001383377
0.000527489999512909
0.000673411999741802
0.0002837530009855982
0.0003293589979875833
0.004175338999630185
0.00028581099832081236
0.00029333799830055796
0.00024561200189054944
0.0006371359995682724
0.00028595099865924567
0.0002478629976394586
0.0003433480014791712
0.00024130499878083356
0.00027934500030823983
0.00026794400037033483
0.00029894199906266294
0.0002457490008964669
0.0003700200031744316
0.0005297090028761886
0.0002892279990192037
0.0005584999998973217
0.0003652280029200483
0.00040724899736233056
0.000280032996670343
0.00031070800105226226
0.0006137239979580045
0.00028805399779230356
0.0004788070000358857
0.0008370100040338002
