0.0011290839975117706
0.09918551900045713
0.0006086259963922203
0.0004985129999113269
0.001990568001929205
0.0005099229965708219
0.002812651000567712
0.0005705450021196157
0.0006238360001589172
0.0006537200024467893
0.0007491840005968697
0.0005384910036809742
0.000476435998280067
0.0004854159997194074
0.0011812839948106557
0.0004920549981761724
0.0031646079951315187
0.00044018399785272777
0.0004698109987657517
0.0009918110008584335
0.0009614959999453276
0.0004778340007760562
0.0010010179976234213
0.0005894479982089251
0.0005800799990538508
0.0005125210009282455
0.00047343400365207344
0.0011552459982340224
0.00048647200310369954
0.0005398529974627309
