0.00042264700459782034
0.0003697749998536892
0.0004073659947607666
0.0005307219980750233
0.0005130610006744973
0.0003582819990697317
0.000337981000484433
0.0026366609963588417
0.027661959000397474
0.0006396639946615323
0.00042227299854857847
0.0010473069996805862
0.0006266429991228506
0.0003902489988831803
0.0022006010040058754
0.0005758309998782352
0.0031418549988302402
0.0004363490006653592
0.0005079020047560334
0.0003710569944814779
0.0010114010001416318
0.00038812600541859865
0.0003932589970645495
0.00038607600436080247
0.0013910349953221157
0.0005261800033622421
0.0003987780000898056
0.00040350200288230553
0.00032670999644324183
0.0011089079998782836
