1.0018724166523885
36431.54070981211
40772.67873831776
40772.67873831776
40772.67873831776
181.24834005335902
2169.8243645924626
14189.273878020713
2131.7717953289357
13759.617951668584
13944.569086651054
13703.868814729574
13944.569086651054
13703.868814729574
13944.569086651054
13703.868814729574
13944.569086651054
13703.868814729574
13944.569086651054
13703.868814729574
13944.569086651054
122.71911100989607
13881.916861826698
13642.294591484464
13881.913348946136
13642.294591484464
15231.259953161592
14968.349827387801
15231.259953161592
14968.349827387801
15231.259953161592
14968.349827387801
15231.259953161592
14968.349827387801
15231.259953161592
15191.99079401611
15458.829039812646
15191.99079401611
15458.829039812646
15191.99079401611
15458.829039812646
15191.99079401611
15458.829039812646
15191.99079401611
222.88583398795495
