8877.401486988847
8633.481561822126
9025.022675736962
95.18476606676626
319.3816918891794
8718.632299927902
9103.597127739984
95.1782606426212
9647.8238851096
9229.258857556038
312.4722724906418
9114.11352133044
9528.486016628874
9115.102675343456
9528.486016628874
9115.102675343456
9528.486016628874
9115.102675343456
9528.486016628874
9115.102675343456
9528.486016628874
9115.102675343456
9528.486016628874
9115.102675343456
9528.486016628874
82.58771389609818
8514.587301587302
8121.696467195386
8514.58276643991
8121.696467195386
8514.58276643991
8121.696467195386
8514.58276643991
8121.696467195386
8514.58276643991
8121.696467195386
8514.58276643991
8121.696467195386
8514.58276643991
8121.696467195386
8514.58276643991
8121.696467195386
8514.58276643991
8121.696467195386
8514.58276643991
