2.838601436145225
6.500674581759309
6.313362743702861
23.23939235201676
7.401052463721895
0.38892961876832843
26.647360328036903
27.40590405904059
0.19212310082393955
6.673584089926503
23.506598984771575
24.131318394997393
0.26052038584923465
3.4703969251238083
25.01385189131593
5.021743905117505
24.375266524520256
2.275736352297803
25.287846481876333
0.83093067442955
1.9919861722187304
0.7866301246914768
24.22455242966752
1.2213932584269662
0.36278024457708546
4.317958412098299
23.90580847723705
23.58492514197212
23.90580847723705
23.58492514197212
23.90580847723705
177.86727757414195
0.798943527746011
2085.3493110809236
5332.90570719603
5602.609489051095
1028.6838470260798
5316.602024507192
2.129803586678053
0.5192894372460065
0.7319730337078652
20.86929779600205
4.5249436440262665
24.13382122320962
24.159079016221874
