0.8077971757620153
14.584864070536371
2.212800939518497
0.6512788083192805
13.260371959942775
1.6529228371005456
15.814317673378076
2.0373881932021467
0.6540747028862479
4.147167034584253
12.459837877671333
5.163692307692307
12.047379755922469
12.589647411852964
0.6601161404453332
0.6489884393063584
13.238025055268976
13.43605086013463
19.77745025792189
20.073298429319372
19.77745025792189
20.073298429319372
6.2708276797829035
34.4186284544524
74.03896669779023
1.9812489809228762
188.49364248317127
69.79928825622775
9.493848500254193
13.843503230437904
4.506759906759907
0.6613976705490848
17.24382946896036
19.416359616801767
0.8081269950823915
1.1640946155401308
25.459100957995577
1.8668142038024345
7.2824332712600865
5.234573119188504
184.91548242333582
2.394215210355987
161.4122199592668
853.410624551328
891.8237059264816
