4.820132743362832
14.092496765847349
14.056129032258065
14.092496765847349
14.056129032258065
14.092496765847349
1.834850348503485
1.0705762201677058
0.862556790007639
208.9655844155844
212.27374670184696
1.4937724550898204
1.9639869333120867
2.410007683442182
6.814228021124573
14.336601307189543
0.2699461065347361
1.708893045400442
1.3748166771422585
12.725274725274724
12.891944990176817
1.8583513488109784
12.947609692206942
1.920096180523444
5.150801862390067
12.699617346938776
13.161269001982816
12.699617346938776
2.538216560509554
15.852522639068564
15.945348080676643
49.12283785033762
687.910621761658
82.3325887103703
619.0368217054264
612.3124600638978
18.681015228426396
1.4378837978271137
2.3606366047745357
14.27132777421424
14.69550858652576
14.27132777421424
14.69550858652576
14.27132777421424
12.571085164835164
