20.567210012912803
480.7359419751758
395.6477265026076
502.46097763312173
590.6540823049595
427.312729137876
571.4508866980761
444.8925488836813
743.8215598839969
608.6182534264233
36.74992966165334
529.3440893693999
108.4993848062409
812.771806738631
130.99408279117375
856.2569590700111
286.5289067287941
65.01105002808724
240.00207293388684
781.5744838382966
304.9839422139176
629.8140940664131
39.22611675678761
684.6372752567848
80.51687321490716
934.0659397929328
482.7697445475455
487.14814440544444
423.44123913283363
847.8238257785569
