0.0036499099996945006
0.00033352999980706954
0.0008416030004809727
0.000263429000369797
0.00025212999935320113
0.00026546600020083133
0.00033917299970198656
0.0002568709996921825
0.00033367800006089965
0.0002848049998647184
0.0005749179999838816
0.00028582499999174615
0.00039083299998310395
0.00036366299991641426
0.0036258459995224257
0.0003368759998920723
0.0002876409998862073
0.0003237900000385707
0.00043263800034765154
0.00025144400024146307
0.00028326000028755516
0.0007358270004260703
0.0002896610003517708
0.003121026999906462
0.0005360229997677379
0.0014021840006535058
0.0003559100005077198
0.00024337699960597092
0.00047289900066971313
0.00041895000049407827
