0.0005456869994304725
0.0005518890002349508
0.0005353340002329787
0.0004083070007254719
0.000695905000611674
0.00037864600017201155
0.0007666560004508938
0.0005270799993013497
0.0004847070003961562
0.0003980649998993613
0.0003458319997662329
0.0004384460007713642
0.0015127879996725824
0.0003590749993236386
0.0035052009998253197
0.000430639000114752
0.0018530930001361412
0.0004160710004725843
0.0005836269992869347
0.000536431000000448
0.0005090840004413622
0.0005258840001260978
0.0009647739998399629
0.00042976900022040354
0.01239126899963594
0.0006720179999319953
0.00038019599924155045
0.00045933399997011293
0.00039691799975116737
0.0004212379999444238
