0.0008171480003511533
0.0004085629998371587
0.0022910600000614068
0.0010818920000019716
0.001090398000087589
0.0005355710000003455
0.0015584200000375859
0.0004981130005035084
0.0021624619994327077
0.00040724100017541787
0.001422965000529075
0.001426112999979523
0.0024713620005059056
0.00038639600006717956
0.00042918599956465187
0.0008155519999490934
0.0006804670001656632
0.0005165800002941978
0.0019121820005238988
0.001765804000569915
0.00042003999988082796
0.0004826849999517435
0.006734792000315792
0.002716986000450561
0.0007836250006221235
0.0005994829998599016
0.0013088830000924645
0.002029259999289934
0.0003803570007221424
0.0003850390003208304
