725.4224073138301
594.6475323635852
773.5713071577044
611.4204883233608
710.9045698559813
683.5864978263697
738.4659298636361
121.33099316777863
735.7186936216946
755.6138452738857
755.4723013887069
782.5740700306317
657.1911307316135
679.0265741490651
704.7092617758824
697.409385396206
24.37776423728535
418.6637023828535
330.1648526816013
480.28433814760297
690.3462769580964
1.0450734861240696
46.853997538035344
588.3843154549432
732.2075755547115
675.9533146826292
898.8946531568229
103.02308518995034
103.75747610707616
734.5326468787238
831.9880172907222
124.03208737240324
875.8022212033076
701.6311762161226
789.8119725152064
504.93895555534436
797.1809449070782
1064.7095548598766
776.0769938170866
94.78074804467634
247.61206638643353
829.3546435547639
43.850549470655466
899.3158312433602
832.6552615534157
