4.112600871908517
2.6253335714080452
136.41154498134094
98.55712065922457
113.66917452796969
106.63835579218947
95.4158991776611
109.28131174666746
105.31371865562166
89.30486730243756
101.59697845622694
2.2845491966071094
5.340078680346016
112.63747461974876
1.398894869080617
108.3854670120935
88.67458968475437
106.17246106618559
95.49700842717748
81.78558808674943
106.27907682684801
90.47027238993014
121.93422859911877
2.3385301478299647
3.2917192332483567
89.57755728582129
107.11757979871197
2.1577876916033087
1.3652858419898115
86.37318094643452
93.68989954792605
119.14972313116117
118.01878020865303
115.62308658647487
1.3078081758654159
105.86535356400391
94.24300583120811
105.9395468540722
87.72803017295169
97.10016296028736
112.40952640537611
103.37343897094654
89.97552733845635
94.11407515139594
1.3186639347256377
