1.2401590978764434
138.85830337754206
5.59101361677147
156.7476613587914
144.86933534619124
138.1089223970277
145.34176950426416
151.9549001731961
146.53934530669807
169.923973574446
161.44537194172045
149.30386562959853
154.52246051834712
155.01620400354105
7.846703102439845
173.90460218643068
177.39181753405987
5.077920779264508
188.8311227022827
169.45647854590803
164.42811546103678
174.994270399739
5.020701776864574
172.16778783096234
157.67527617404014
1.611389482563771
0.09542667645663411
2.9678034065841
7.30733161395083
169.80212210235635
192.88262615093944
169.39667323971267
180.95847612479966
157.69888706899042
2.446310518864062
190.39008899665626
9.359534555345427
163.36025935816977
169.81455550666522
154.95990930442616
11.258583152796657
153.7937966202531
1.7372113955656363
1.9234761890334926
4.940851690031847
