118.74102262461048
111.61152629183148
102.16089722302266
100.4301570085893
7.583292725445048
137.8590738334534
7.572804484248586
103.34127252721055
112.59130935624496
104.08934464988465
6.8520775858659615
119.53856074702948
122.34307608745254
0.7304052179476873
123.6010855874295
2.6784424246563425
2.580613894995499
2.2907698013297697
93.33133140899938
88.85653109997716
0.6833934445878861
81.28600895317801
82.60511078144391
85.62322768626466
89.65196511965331
97.04736549239487
96.27233996339753
101.32897989775911
92.57571460525791
94.6406476193349
99.14648055817507
117.3969974599605
114.45147513411338
112.53757574551325
118.81181366243818
1.7940525891028023
86.38348604004817
1.4063654039782543
104.62048230231001
87.82892239519336
100.27023854952341
2.824185961329234
124.4976656061961
100.9898493123141
2.6602159380996704
