0.15171368500000426
0.15331949499999098
0.149091595999991
0.15015551099999414
0.1510598109999961
0.15102036999999768
0.16169197100001043
0.15708755800000063
0.15854151000000627
0.16050430199999255
0.1555170540000006
0.1541248799999977
0.15321497700000464
0.15379475900000728
0.15424298899999656
0.15393758700000149
0.15657789400000865
0.15589708000000257
0.1554441500000081
0.15432140199999367
0.15460266499999875
0.15511256000000628
0.15588743100001068
0.1564995840000023
0.15477416100000596
0.1544454400000035
0.15442243700000802
0.15571025399999883
0.16115260799999476
0.1623557580000039
0.15930690100000788
0.15846092199998907
0.16051492799999778
0.1589622239999926
0.16173837099999844
0.16130549400000405
0.16129672900000003
0.15439413800000068
0.15881612699999437
0.15406065000000524
0.15183968300000572
0.15050554100000113
0.14798976999999525
0.14823484900000494
0.1483928450000036
