0.10063590400000066
0.0933131170000081
0.06360632900003793
0.06364725800000315
0.10948779699998568
0.10939196099997162
0.11027094999997189
0.1106182749999789
0.10993347999999514
0.10760448700000325
0.10327354899999364
0.10501532800003588
0.08821865199996637
0.08740029599999843
0.09879640600001949
0.09895559200003845
0.0973036890000003
0.06930754200004685
0.11105022300000655
0.11321649699999625
0.11231819699997914
0.11366863599999988
0.1152500030000283
0.11581357899996192
0.06799786800002039
0.06746344300000828
0.0668046359999721
0.06680052199999409
0.06583190700001751
0.06671445499995343
0.06678096299998515
0.06619613300000537
0.06694433100000197
0.11164440099997819
0.09587780700002213
0.09463023799997927
0.08702433799999199
0.09671043200000895
0.0956812040000159
0.06682670700001836
0.11446722800002362
0.0919202159999486
0.09394930299998805
0.09396257000003061
0.08633564699999852
