0.06897560599998087
0.16892775400003757
0.16786168800001633
0.16828906200004212
0.1698963499999877
0.17429087199997184
0.17071694099996648
0.17307587400000557
0.17154150599998275
0.17640843899999936
0.17824006999995845
0.06573630999997704
0.06539972899997792
0.0666633950000346
0.06618567800001074
0.06733516999997846
0.06468291999999565
0.06690993099999787
0.06409592099998918
0.06425328000000263
0.06374468400002797
0.06571937000001071
0.06568023899995978
0.06453853800002207
0.06501191199998857
0.06629465399998935
0.06535228600000664
0.06465924700000869
0.06847561800003632
0.06888883400000623
0.06856679300000224
0.06876467099999672
0.14429447700001674
0.1436580569999819
0.15861823099999128
0.16059601199998497
0.15603340199999138
0.1580920149999656
0.15831032599999162
0.160500184
0.15837687700002334
0.1442181969999865
0.09738854099998662
0.09578159900001992
0.07500349599996525
