0.9999478351591028
66.99759326113117
22.084235860409144
17.9926267281106
23.25868263473054
26.79760479041916
59.0414798206278
36.74048913043478
69.46320868516284
72.75947867298578
74.0832328106152
36.39336492890995
35.547647768395656
8.770142180094787
9.117008443908324
8.954976303317535
8.152289669861554
8.885071090047393
13.419188191881918
8.824703087885986
91.52834740651387
13.120283018867925
13.235223160434257
12.662735849056604
16.331724969843183
15.965801886792454
16.331724969843183
15.965801886792454
16.331724969843183
92.98318240620958
0.9999478351591028
66.99759326113117
22.084235860409144
17.9926267281106
23.25868263473054
26.79760479041916
59.0414798206278
36.74048913043478
69.46320868516284
72.75947867298578
74.0832328106152
36.39336492890995
35.547647768395656
8.770142180094787
9.117008443908324
8.954976303317535
8.152289669861554
8.885071090047393
13.419188191881918
8.824703087885986
91.52834740651387
13.120283018867925
13.235223160434257
12.662735849056604
16.331724969843183
15.965801886792454
16.331724969843183
15.965801886792454
16.331724969843183
92.98318240620958
