2.612847965738758
22.917022574740695
6.0020746887966805
17.558097531607466
58.19827586206897
6.654425045153522
63.18563218390805
47.02046959662854
43.234051724137935
15.33910694422374
38.48679471788716
0.49372957696723485
4.750989432453385
0.8968390439810273
6.277615429573349
6.420521945432977
3.2342667871123156
2.9792882147024504
3.4761742682096664
6.510940272028385
2.447585394581861
8.589591957421645
2.098136173449981
3.2220923436586792
4.403321470937129
5.111630625365284
4.296225513616818
5.732293505983912
99.42564720048163
3.4798387096774195
2.612847965738758
22.917022574740695
6.0020746887966805
17.558097531607466
58.19827586206897
6.654425045153522
63.18563218390805
47.02046959662854
43.234051724137935
15.33910694422374
38.48679471788716
0.49372957696723485
4.750989432453385
0.8968390439810273
6.277615429573349
6.420521945432977
3.2342667871123156
2.9792882147024504
3.4761742682096664
6.510940272028385
2.447585394581861
8.589591957421645
2.098136173449981
3.2220923436586792
4.403321470937129
5.111630625365284
4.296225513616818
5.732293505983912
99.42564720048163
3.4798387096774195
