13.820735785953177
36.25748502994012
209.69579719813208
201.13020134228188
131.4089392928619
140.88255033557047
73.26017344896597
176.30872483221478
139.79452968645765
168.26040268456376
154.16210807204803
39.1904662345808
121.16447368421052
109.6616297895305
39.6376427743751
211.70656634746922
191.48311847759362
242.026369168357
259.34038199181447
237.31304935767412
243.32946793997272
9.958680681406307
204.03819918144612
0.9371635642976647
221.22962483829238
188.58549567531603
155.10219922380335
139.53559547571524
136.9482535575679
120.68130405854957
13.820735785953177
36.25748502994012
209.69579719813208
201.13020134228188
131.4089392928619
140.88255033557047
73.26017344896597
176.30872483221478
139.79452968645765
168.26040268456376
154.16210807204803
39.1904662345808
121.16447368421052
109.6616297895305
39.6376427743751
211.70656634746922
191.48311847759362
242.026369168357
259.34038199181447
237.31304935767412
243.32946793997272
9.958680681406307
204.03819918144612
0.9371635642976647
221.22962483829238
188.58549567531603
155.10219922380335
139.53559547571524
136.9482535575679
120.68130405854957
