0.003373443000000087
0.00382703799999895
0.00424447499999836
0.0036421180000001385
0.0033960499999992066
0.004322859000000179
0.005034589999999284
0.004537543999999727
0.00460248499999949
0.0038394220000004253
0.0031069110000006006
0.003589478999999507
0.003491651000000928
0.0036103650000001153
0.003274292999999595
0.003858613999998539
0.003784063999999532
0.0038557790000002257
0.004208612999999417
0.0036167240000004597
0.003293395999999227
0.0035551720000004394
0.003535484999999561
0.003268937000000527
0.0034941039999996093
0.003885442999999711
0.00400162599999998
0.003997535999999968
0.004381741000001327
0.0036312800000004586
