0.010810126000000864
0.009125513000000751
0.005512946999999713
0.004643199000000209
0.004228727999999293
0.004291739999999322
0.0033165830000001506
0.003177500999999694
0.003208940000000382
0.003348871000000031
0.010353541000000632
0.00880956700000013
0.005705830000000134
0.004391297999999821
0.004555763000000823
0.0043560429999995876
0.003336401000000322
0.0032534020000003494
0.0030973120000012955
0.0031618830000006426
0.010375508999999283
0.008926809000000091
0.005246402999999233
0.0042702370000000656
0.004308524000000702
0.00412479200000071
0.003071112000000653
0.002963789000000716
0.0028679519999990077
0.0030315800000000337
