0.002167598000001547
0.0023327300000008933
0.0032082410000011663
0.005689204000001169
0.003374602000000948
0.003533230000000387
0.002717961000000102
0.005191087000000039
0.004576466999999695
0.004572824000000253
0.0021912450000005634
0.0021878530000005725
0.0033719940000001003
0.005916106999999116
0.0037433039999985596
0.0036767500000003395
0.0028725090000012443
0.005677393000000919
0.004974157000001256
0.004999341000001323
0.0021765639999991038
0.0021560569999987678
0.0031721159999982262
0.005746699999999549
0.0034872369999998654
0.003496880999998453
0.0028157330000002645
0.005366565999999295
0.004466843999999526
0.004589831000000544
