4.0194690265486726
9.646884272997033
4.63691073219659
0.80415809267012
3.1997084548104957
11.393283823054569
2.0712605042016805
1.6363346104725416
6.186201780415431
1.3402657423454651
0.5599512025095852
3.0057586379569354
2.3394720687538366
3.7826393789696544
2.685068349106204
8.21413659409484
0.19365592136916626
3.0822130299896586
8.759083286752375
9.920158550396376
1.4071793067042055
1.1110615521855487
1.5310236220472442
12.158385093167702
1.114036740461611
2.5136270140555363
2.3788587464920488
0.7213618157543391
1.2668269230769231
4.2351703828355065
4.0194690265486726
9.646884272997033
4.63691073219659
0.80415809267012
3.1997084548104957
11.393283823054569
2.0712605042016805
1.6363346104725416
6.186201780415431
1.3402657423454651
0.5599512025095852
3.0057586379569354
2.3394720687538366
3.7826393789696544
2.685068349106204
8.21413659409484
0.19365592136916626
3.0822130299896586
8.759083286752375
9.920158550396376
1.4071793067042055
1.1110615521855487
1.5310236220472442
12.158385093167702
1.114036740461611
2.5136270140555363
2.3788587464920488
0.7213618157543391
1.2668269230769231
4.2351703828355065
