2.338353091957706
2.0480176723636787
0.5377140527317206
2.370919881305638
30.13562005277045
2.282358820589705
1.26117928957679
2.411764705882353
3.7882128471486114
6.8263613415073925
3.190336031395634
5.953929539295393
0.9307540412999097
8.193548387096774
3.7895229186155284
9.625766871165645
4.611666666666666
2.8820418954647145
2.2765793528505394
23.25988837660762
0.21401406015904115
4.923318385650224
0.7804684608470365
2.5074599850024564
0.5692576080635782
1.1868946630151627
3.1443298969072164
0.5526021429412458
1.7873027259684362
0.23537127797851154
2.338353091957706
2.0480176723636787
0.5377140527317206
2.370919881305638
30.13562005277045
2.282358820589705
1.26117928957679
2.411764705882353
3.7882128471486114
6.8263613415073925
3.190336031395634
5.953929539295393
0.9307540412999097
8.193548387096774
3.7895229186155284
9.625766871165645
4.611666666666666
2.8820418954647145
2.2765793528505394
23.25988837660762
0.21401406015904115
4.923318385650224
0.7804684608470365
2.5074599850024564
0.5692576080635782
1.1868946630151627
3.1443298969072164
0.5526021429412458
1.7873027259684362
0.23537127797851154
