0.4202493793726021
4.262642740619902
0.6139100778026462
1.0816664144852979
1.5779079861111112
3.3576594345825117
2.6403478057889824
11.014189615303764
0.38484621155288823
0.6373187440993489
0.4431203342236833
4.322251949678374
8.862519936204146
7.644226273959794
0.8481781376518218
16.19656652360515
0.1365977011494253
2.6091954022988504
4.4980787704130645
2.575721961047683
3.5037406483790523
3.2700873978009586
1.8476881233000906
6.226227795193313
0.9783612233121755
0.18190863862505655
2.6896288764616165
7.499535459894704
1.6403374233128833
3.2424639580602883
0.4202493793726021
4.262642740619902
0.6139100778026462
1.0816664144852979
1.5779079861111112
3.3576594345825117
2.6403478057889824
11.014189615303764
0.38484621155288823
0.6373187440993489
0.4431203342236833
4.322251949678374
8.862519936204146
7.644226273959794
0.8481781376518218
16.19656652360515
0.1365977011494253
2.6091954022988504
4.4980787704130645
2.575721961047683
3.5037406483790523
3.2700873978009586
1.8476881233000906
6.226227795193313
0.9783612233121755
0.18190863862505655
2.6896288764616165
7.499535459894704
1.6403374233128833
3.2424639580602883
