3.10978573006406
22.216641104294478
24.462962962962962
0.8200884868467402
0.9195972392363082
0.9455567181199375
0.6162935515413515
0.6403876116783138
0.887689807526281
3.629548306148055
67.57219906839912
0.5516357985804881
2.7814155031295136
12.131081624447125
23.092217723796672
35.172359761830144
22.200814111261874
50.68138586956522
0.25941853610102705
12.01280104144066
0.9235127478753541
21.308433734939758
0.402951566951567
0.3550154681622933
4.014830508474576
20.26598924088464
58.345098039215685
0.7587081195291276
106.71494932432432
13.988630980577925
3.10978573006406
22.216641104294478
24.462962962962962
0.8200884868467402
0.9195972392363082
0.9455567181199375
0.6162935515413515
0.6403876116783138
0.887689807526281
3.629548306148055
67.57219906839912
0.5516357985804881
2.7814155031295136
12.131081624447125
23.092217723796672
35.172359761830144
22.200814111261874
50.68138586956522
0.25941853610102705
12.01280104144066
0.9235127478753541
21.308433734939758
0.402951566951567
0.3550154681622933
4.014830508474576
20.26598924088464
58.345098039215685
0.7587081195291276
106.71494932432432
13.988630980577925
