1.8747231639604085
189.4066808059385
187.2227463312369
1.7379766356751856
1.855938469066983
8.412031571881583
0.09941992890412141
179.91342664593054
5.491743201603494
190.32918610679107
192.92958486600105
7.569928233852617
4.551250782988818
1.88956084296397
1.8549338062569032
2.290310539962274
2.336349355522476
1.8565996000242408
188.8181818181818
188.52769230769232
1.7859913718552487
1.814743060727441
189.11012060828526
184.94
189.11012060828526
184.94
1.8672296736151481
191.17743589743588
2.8488125809780205
2.4143582783227426
187.5447284345048
178.33367088607594
183.21512247071354
174.2167088607595
183.21512247071354
2.2793887556065506
186.17678381256655
4.661197451550129
1.1642207613801607
182.5911718339464
179.7573719606829
4.831218204693397
183.90317542946383
177.1705115346038
183.90317542946383
