2.541860269663461
2.7940742316847746
2.7055264833734807
149.6218547807333
156.36664162283998
149.6218547807333
1.1339453358076188
2.8807510552073254
154.41096919609316
5.412728701313279
144.48539325842697
142.35276752767527
2.8255172718048263
1.1993132472619763
5.380563589362954
157.47116104868914
144.89667896678966
147.06741573033707
2.006296554581931
2.1841503517062653
147.59970566593083
144.24943820224718
141.7019867549669
1.9533838979038871
2.7896800046460304
1.9925991206125389
6.025896168108776
151.45468164794008
149.21918819188193
1.1577548221752618
148.09273903666428
154.76859504132233
158.57800143781452
1.132836792624808
2.0102109335862974
1.9512957909204995
146.75205992509365
2.8962944577468903
149.04057099924867
2.931617461519051
148.38918106686702
141.98849748382457
148.38918106686702
141.98849748382457
148.38918106686702
