2.2181841063862513
119.00150037509377
2.2300993807919713
7.236387349201173
7.114815101945887
2.9101008600340053
129.5304922850845
131.46234153616703
2.202010659597868
135.40044085231446
2.609821804405781
139.536384096024
0.6672977517593572
6.765424739195231
133.81282240235814
2.607923175912217
140.9663425579656
2.3711887225786015
138.0558412931668
2.5809916535589283
6.891418628757589
2.629096443581831
133.32408102025505
2.7441318155318952
134.18454613653412
8.40727023319616
0.1500946709333561
134.94178334561533
2.195955940430543
112.68312453942521
114.36873597606582
112.68312453942521
0.11195353437034872
135.82756079587324
6.256687844841999
3271.937361827561
2.7527872246044653
8.036392956764296
5.384361913915013
117.32834704562453
115.59911569638909
2.091802570471973
1.2532664781978275
2.651661246185366
138.84321080270067
