2.142148160499034
1.342606167303599
6.6851437846445965
7.51732444561774
132.13747099767983
7.1851056338028165
135.83236658932714
132.00394588500563
135.83236658932714
2.4497656823443057
122.01293588301462
97.51851851851852
7.727984285282563
144.14825253664037
148.32888631090486
1.3166295742274436
125.15895953757226
5.4290192703691185
102.22453703703704
2.4013296444646324
1.6250017768048783
127.5186837702175
6.942911438538033
148.91401451702959
1.3117531960309665
1.0722197694383124
125.04118993135012
105.74695298897272
104.2345537757437
1.6596373230277581
4.116408904093317
98.00452488687783
99.41021227768216
2.920238684628814
130.08705745792224
128.22654462242562
2.2108282738261016
2.725188142599724
2.510929657379792
160.54767441860466
133.2204058624577
3.140200792818319
132.1783256880734
1.3524773760411224
129.36473291211948
