132.64739517153748
1.6866798310295699
131.4525974025974
1.0880431725129445
1.4924149299757703
138.82220753469926
133.95280612244898
138.82220753469926
3.1445569225977263
1.8446712629511228
152.81812380344607
2.841789361568824
2.6187188562380666
1.365990170797163
95.62667517549457
8.118815355463541
8.601805378680051
1.2000177714590368
133.23416886543535
1.187587168758717
151.76074025115665
1.4816905474602282
128.64709762532982
1.4007122381026957
135.96166556510244
1.4505428057149286
2.767372093338944
2.270685225502234
1.3973446138381638
109.38688524590164
136.03337612323492
138.97704918032787
6.617205017877704
8.226951103601225
1.0748078196971331
138.33906146728356
1.3916963490650045
1.6095842795569357
3.00566515057728
142.9065898912348
147.53170409511227
104.80294305822137
108.19484808454425
1.3303899804512773
1.3651324468365786
