2.4840532124799606
2.1949553837001785
176.59795788130185
2.272125303398058
191.16592214422462
106.5935653315824
2.069568242433613
170.84173580089342
2.5581996697346354
126.80456852791878
1.8138892184435869
6.6013087079413015
110.7090909090909
112.46174142480211
110.7090909090909
112.46174142480211
118.26688311688312
0.4455222492541422
191.07275047862157
3.089539737649109
2.090608548117468
1.248243012911812
102.35035098915124
105.30728824688116
5.763846318340581
8.973436243769095
11.098761446348908
247.97180327868853
10.700099265435774
1.2536896933176944
148.0827314510834
143.92469687300576
1380.5223425643687
67747.53023551877
69882.71175311884
1.4906690218106815
8.574952738091548
176.12221514958625
181.5538057742782
176.12221514958625
1121.7484198785476
2.5738148326935306
21914.040803108808
21619.98658146965
21914.040803108808
