0.44377813699975377
0.43886295199990855
0.43031113100005314
0.42917862000103923
0.44248161999712465
0.4362951669972972
0.45484446000045864
0.4487964039981307
0.4550888070007204
0.45825605600111885
0.45651539000027697
0.4510748840002634
0.4569634129984479
0.4572580790008942
0.4413687979977112
0.4561288199984119
0.4515058239994687
0.45738426100069773
0.4645175890000246
0.4585485690004134
0.457359500000166
0.4556564409977
0.4487280620014644
0.4599649550000322
0.46578984200095874
0.45929674099897966
0.4725241259984614
0.43254897000224446
0.4238762669992866
0.4300462239989429
