0.42225045099985437
0.43231853600082104
0.4053005170026154
0.4188783780009544
0.4697338469995884
0.41908843900091597
0.5140688560022681
0.4174881010003446
0.4297520510008326
0.4394462319978629
0.42476239499956137
0.42473058800169383
0.47185503500077175
0.4518012849985098
0.46310435800114647
0.4530162359988026
0.4477089089996298
0.4452198050021252
0.46148885400180006
0.4399165159993572
0.4390597040001012
0.4286994139984017
0.4349606739997398
0.43502089899993734
0.44108777699875645
0.4390485840012843
0.4512354079997749
0.44346056599897565
0.4448750659976213
0.449408857999515
