13.901547024684705
49.20810205682716
42.97529696307017
6.532611925915554
24.206425057961486
78.06574879841246
18.87039507035811
52.08534083971618
19.630478859071168
4.855481265611936
23.034976469059103
46.48090661441889
22.457288696669156
1.5745487365695745
51.54698235051418
3.3941165302147893
43.99584282091279
40.04322346430712
46.72325594257208
46.31325731367986
52.160534406989164
5.6641166370419045
82.39945146719768
9.148509017664056
0.09839544917689856
53.90562319281856
7.651532583785189
46.258289050078204
103.91748163490139
22.671864870714153
