36.67188354460407
74.0454935657166
23.58798687784262
15.717710607018232
18.226542279835932
38.29693986808412
9.102489769296136
45.429130785591326
20.00909820631012
5.988569983973648
19.539841557284944
4.888367088313226
41.850558101026394
57.34366483972139
61.067489928450144
30.122210360195982
95.50499695336802
36.92885365968235
64.62995430868503
18.16195800247401
61.78865911787263
26.66087135925242
15.328391226754874
24.92120045623441
3.9071900771108727
20.01531875836587
12.551656368062865
42.41156171409413
38.74637430763306
8.598430701456651
