34.08921955501913
44.955267067641294
25.237229937866548
17.382531449161498
16.315824652221306
5.8752192712457365
21.242418028346137
15.821274511766118
21.854290178931404
24.86820345294306
19.048051258183936
58.50410012438713
48.78834779607566
40.89327338555923
4.48832890120002
10.69617268360319
32.602821431488906
29.36719603656033
82.73230380794666
25.64777417720894
24.407674433362935
34.99964716876062
33.62235302058791
55.451361312273534
42.061212012112755
64.14986195423693
35.32496245389409
78.56446606565116
2.362782545580945
17.910464934663096
