0.00032123999999811303
0.0004103469999989784
0.0004239649999995265
0.0004261889999988
0.000386281000000821
0.003322965000002398
0.008988086999998757
0.0004187069999979087
0.00037654300000156127
0.0003780169999991756
0.0003897369999990019
0.0003865310000001898
0.0004310650000007854
0.0003629710000012665
0.0003688269999990723
0.008949343000001164
0.00875508400000058
0.0003884489999990137
0.0004175129999985927
0.0003776090000044974
0.00032704999999566553
0.0003840610000054312
0.00043221299999629537
0.00038475699999906965
0.00038728599999870994
0.0004137270000015292
0.00046993800000194597
0.00042551899999665466
0.0003849759999994262
0.0003713529999984644
0.0003634460000014883
0.0003687490000032767
0.0004355810000049587
0.00036326000000030945
0.0004384450000003426
0.0003356779999990067
0.0003822919999976193
0.0003678090000107659
0.0003611710000086532
0.0004022829999996702
0.00035196999999698164
0.00033668900000805024
0.00036456300000509145
0.00042421799999203813
0.014795104999990372
