0.031553607999999955
0.0016751409999999911
0.0002809280000000136
0.0003152680000000352
0.00023150199999999455
0.0002177570000000406
0.0004205449999999944
0.00022965099999994187
0.00023036999999992425
0.00024079499999996035
0.00028652900000003534
0.0002554359999999978
0.0003478969999999304
0.00048512400000000344
0.0003713359999999444
0.0018169890000001576
0.0002482430000001479
0.0002568149999999658
0.0003475889999999815
0.001441400000000037
0.0005625630000001269
0.0006518820000001035
0.0018627810000000355
0.0004500900000001806
0.00021525200000005462
0.00025700299999975584
0.0002676859999999337
0.0003409760000001594
0.0004756400000001104
0.0005815789999998877
0.00024780099999999194
0.00023642900000009348
0.00025991599999986015
0.0002632149999999278
0.0003166789999999864
0.00032744899999981314
0.0002441739999998749
0.00028108699999984665
0.00022951800000003963
0.0002396049999999761
0.00022688500000001
0.00037579200000026347
0.0015560469999997828
0.00021830900000008313
0.00026334999999999553
