0.003877570000000219
0.0030238730000000658
0.00045696200000033826
0.0021402369999998783
0.00045324999999962756
0.0016749250000001048
0.0019705100000000364
0.10456648000000035
0.01392281800000017
0.08586360000000015
0.00048320000000012797
0.00046255800000016833
0.00042418999999993545
0.0006765609999996869
0.0013764220000003213
0.0004605559999997233
0.0009495539999999636
0.0023341439999997604
0.0019233430000000773
0.0021678920000001156
0.000400882999999741
0.0020858900000000347
0.0004766219999998711
0.0017794169999998388
0.000375352000000273
0.0004841490000000448
0.000409472999999938
0.0028472360000000307
0.0008393340000001359
0.00780931099999993
0.0004683029999998922
0.011493043999999841
0.0005347059999998294
0.03445084600000037
0.00047815499999970257
0.0007563209999998932
0.000451472000000841
0.010078559000000098
0.00038552200000019354
0.0008814479999994518
0.0020621769999999984
0.0016265819999992104
0.00048135900000012555
0.0005319889999997329
0.008760872999999947
