0.0003546469999999857
0.0003408309999999304
0.0003312419999996763
0.0003120240000002994
0.0003544160000004126
0.0002885939999996978
0.0014893969999993928
0.0005375049999996051
0.00032321900000020776
0.0014530359999991305
0.00030675799999979603
0.00035376999999936487
0.0005722790000000089
0.00033810700000014293
0.00034571200000055313
0.00038768299999958344
0.0003551019999994409
0.0018455749999999327
0.00034542900000023025
0.0014950570000005214
0.0026324089999993916
0.00033737600000005585
0.00037107399999936064
0.00032650999999983554
0.0027033379999998886
0.017792221000000552
0.00036300000000011323
0.0009025889999998427
0.00037072800000004236
0.00031281299999985634
0.0003904309999995803
0.0033868169999999864
0.00033396400000018645
0.0004938489999997131
0.0014676969999998235
0.004803202999999812
0.00906237899999951
0.0005594470000005458
0.01934752900000003
0.00033880800000041233
0.0004524059999999608
0.0008918470000001122
0.0003341990000000905
0.0014280289999994977
0.0008636140000000125
