0.0009669670000000963
0.006298956999999383
0.0007285869999993366
0.015357643000000643
0.011445132999999608
0.014892048000000102
0.00034446400000032185
0.000880686999999547
0.00033030700000047375
0.0005694240000000406
0.00030663600000035984
0.0008966519999997757
0.015552249999999823
0.0009158099999995173
0.001224331999999606
0.0013019789999999531
0.0025864189999991183
0.00856558700000054
0.0021949139999994927
0.00041011500000021073
0.006138417000000729
0.00044645000000009816
0.0005553960000002078
0.0011271010000006854
0.00036244100000004664
0.00037884500000018306
0.0009365340000000444
0.0003894559999997327
0.0032828130000002176
0.001321535000000651
0.0010017919999993907
0.00030526499999972145
0.001522034000000616
0.0007902969999999954
0.0003456119999993845
0.0004052579999997974
0.0012240639999996361
0.000703620000000349
0.00034509099999979753
0.0011836250000003545
0.0003748599999999769
0.0005335329999995864
0.0036398189999999886
0.0004030139999997573
0.0003567730000000324
