0.0040483579999994745
0.0010708609999996455
0.0003995149999997949
0.0003891659999997188
0.0003904310000004685
0.0038715270000002633
0.0004494620000006222
0.0005020509999997813
0.0004967699999998132
0.00043091499999992067
0.04237745399999948
0.003321644999999762
0.06248296999999958
0.00043362499999943793
0.008535328000000675
0.0018708209999989123
0.007844978999999697
0.0036538470000007095
0.00041067000000083453
0.003199954999999477
0.002247210000000166
0.0017190830000011204
0.00036562500000059117
0.0003674940000006899
0.0014085749999992458
0.0009646189999994448
0.006864333999999417
0.001436011000000903
0.00044435200000059183
0.0005206669999999747
0.027658416999999602
0.0013631109999998614
0.00043020000000026926
0.0004625130000004418
0.0015937919999995387
0.0006882409999988681
0.00044816899999844395
0.0004579120000016701
0.002671187999998992
0.0004101290000004809
0.0004279130000011122
0.002339714000001436
0.0012249969999995614
0.000503975000000878
0.001594547999999918
