0.00036273299999933784
0.003185894999999661
0.0003923900000000202
0.0015114399999998085
0.013610142999999297
0.0004026179999989665
0.0020971450000004666
0.009623532000000878
0.019912042999999713
0.00041777500000073076
0.001809314000000839
0.0004188179999999875
0.023579589000000567
0.0017501230000007695
0.00267614000000016
0.0007720360000007531
0.00036812499999960835
0.0016099389999997271
0.0004452520000004512
0.002536293000000356
0.000386795000000717
0.00043873599999955104
0.0005222820000003736
0.009114484000001255
0.025699033000000426
0.0009281080000000941
0.0015518580000009052
0.00039796299999927953
0.0011952930000003192
0.00046641000000136046
0.0006149400000001748
0.0004613070000001329
0.0004288090000006406
0.0016211390000009374
0.000367509999998461
0.0003748489999999549
0.0016014570000013606
0.0006036329999989931
0.016130206999999785
0.0029583259999999
0.00038329700000083733
0.0009999300000007594
0.0003970490000000382
0.0003735350000013682
0.017011613999999398
