0.06870825599999897
0.06965701899999921
0.07941789200000038
0.0677606940000004
0.06994858100000023
0.0691611640000005
0.06938552699999967
0.07039468900000045
0.06686829200000055
0.06644120500000028
0.06904650000000068
0.06740181300000003
0.079935214999999
0.06428579499999998
0.06507779700000071
0.06423909700000152
0.06692196700000075
0.0673545260000008
0.06451084400000084
0.06664914100000097
0.06717605200000065
0.0678323970000001
0.07611010699999987
0.06270546400000043
0.06439223199999944
0.06381166200000088
0.06554669099999977
0.06270387100000008
0.067641956000001
0.0653851250000006
0.06618548199999985
0.05806397899999993
0.06522661200000002
0.05371209499999985
0.057592044999999814
0.05271523200000061
0.0531296870000002
0.054008419999998836
0.04791668800000082
0.05002009100000038
0.049635121999999754
0.049447053999999824
0.04716429499999997
0.05424395899999901
0.04898639700000018
