0.05038547099999846
0.050133239000000884
0.050645246999998506
0.05058035400000094
0.049208734999997006
0.01720215699999983
0.017327399999999216
0.017691028999998082
0.01829936400000065
0.017690872999999385
0.018436152999999678
0.05424306300000126
0.05657328299999875
0.018895607000001036
0.018514242000001957
0.01837006899999949
0.019139660000000447
0.05385578699999982
0.053896476999998555
0.053418937
0.046660435000003275
0.04708251200000291
0.05599716500000085
0.055178725000001094
0.052467782000000796
0.04508820699999916
0.04564774500000013
0.044154832000000255
0.04295711400000002
0.03792555099999717
0.037287135999999776
0.035272550000001957
0.03543589999999952
0.033735924999998446
0.03466638599999783
0.03367657900000154
0.03449978499999773
0.034966883999999254
0.044808125999999504
0.04574874400000084
0.035368887000000626
0.034802442000000156
0.0369348219999992
0.04858898500000208
0.04896060799999802
