21.850591393355018
1.8475409754281347
2.36665176248068
1.8339152952056936
1.902826139768487
0.5665471364901709
2.4624209484989708
2.175856267447813
1.784231405610032
2.379514498951951
2.2405375236654654
2.419395357321799
2.327464855172142
3.1241618049047104
1.8974489331835025
2.6203683283401933
2.4835474648959006
2.55255071907454
2.484367178948168
2.2664497044984735
2.3646139485697635
1.5807688406494942
2.2823576105383787
2.265161936807916
2.3811867913954283
2.1846881211923583
1.5361572108656867
2.074714505648073
2.3850459290426715
2.4886633156166713
2.217870835525853
1.9529450327443645
1.9737097221721804
2.1029815529562432
2.270595224859921
2.162381666507294
1.8286885719105095
1.9809488322466233
2.0294922896174103
1.7474185581709407
2.21801132389817
2.0761788310789555
2.3768928341115987
2.255630613670328
2.2308035762531713
2.2644743034686066
2.2580835607787106
2.1559578709301617
2.7474160025395515
1.9454442714628317
2.144349985247437
2.8468856611627884
2.379253450474201
2.1726554298970115
2.547261111308757
2.7134753953724924
2.426265373848866
2.258224082238206
1.4123902821107774
1.730385310921897
2.277941591679593
2.6465664142069407
2.4592018378611393
2.026476036748254
1.6943345075881433
1.5620163760481798
2.2539323832250235
2.1143732709652716
1.8764226086018767
2.6197375587165035
2.331876037296939
2.420091649694487
2.456255090609474
2.308454429767786
2.3827050176482616
2.8770009263659415
2.1534209288463355
2.761075878321255
1.8417099156397316
2.8470662824948576
2.185788379835514
2.745565557734668
2.484370367688892
2.4904794007201065
1.6996007755128233
1.3566750582037221
2.2279510045275535
2.8499117477706104
2.3166055527825473
2.452995507976238
2.6778416628539827
2.381503243288169
2.193571836666726
2.2714135393898394
2.3901888642288034
1.5032305660860745
1.8172967762272032
2.3187951067155126
2.351004132823556
2.118920967597762
1.816804808389049
1.8769316281153638
2.4728695315840534
2.3702252230967247
1.974141027483154
2.0421629152598473
1.9018715060414104
1.9762616735870984
2.442576142937129
2.7052917770228517
2.009415720894104
2.129722815461013
2.006877931851217
1.9221202445999166
2.071176191783732
1.898528528629132
2.1720970644119166
1.7156609586673035
2.100352912523675
2.004975392256051
2.3797059541679975
2.207480625942155
2.3509310230020586
2.4742289520458565
2.3609569593142465
2.4581564686667385
2.6170472260282156
2.165346560792074
2.030085546685764
1.5326758499876807
2.06697463269771
2.3727390059054945
2.440628416324146
2.415425332894054
2.191902722513443
2.4197654379947857
2.6235138723425058
2.1456159210502994
2.2105344943586975
2.54508633018035
2.127136874907116
2.034919286519748
1.35131633457981
2.440483877857997
1.9313707268732851
1.7823820032596607
1.8757285417149498
1.6079210170911435
2.465378759090827
2.4410545533419867
2.6005928376516207
2.656193430719801
2.2271976200409607
2.6148345216053785
1.9393362100644174
2.6590963763823177
1.8311235055635247
2.5864176433397064
2.510522082927272
1.8502614801119295
2.167034567836298
2.326810154416891
2.8558813992105914
2.5715217868364615
2.133533369319402
2.1754810006403726
2.079510855253247
1.876129517586947
2.2251328966495985
2.3298398102190716
2.3660177134557174
2.0581180494303752
2.0170158405742544
2.3234205233680036
2.0635650597160575
1.7700389095180293
2.1173680705949676
2.172133341765687
2.367182461328987
2.792207774843765
2.316794891132421
2.9015833810207354
2.3158311393479676
2.6252727519015426
2.6318091196444393
2.3118357366467555
2.456472871120604
2.3324888928033363
2.5540923860025084
2.110745269692748
2.134866710909029
2.2292405827250947
2.2711450903453674
2.556420379092649
2.2807225913846745
2.156693832779726
2.2376477929857046
2.689405079923884
2.5600511828530714
2.7265266847666707
2.74786173251877
2.44985253750619
2.008817814976549
2.755541293426718
2.1244373573129733
2.332289880700591
1.9479136822148235
2.6500087823418603
2.1183921211529673
2.31287425149922
1.5500647888512036
2.001053927696069
1.7667012056716571
2.3603900594230516
1.9170436342150075
2.11913622379769
1.9358082344198766
2.231424302552849
2.1102742961953482
1.9568142240696331
2.1427594999770045
2.2210019886477057
2.2581691155124517
2.547228630477497
2.1519991272865804
2.0470036484389484
1.6827644439322673
2.4071231382620417
2.048957228896875
1.9941689140510852
2.4139548357729628
2.5588069113817724
2.5698643833414243
2.264449256607981
2.0130291217321057
2.1366099890283503
1.2831788435614757
2.2540167890424083
2.0977510646234494
2.6146480813433914
2.346131045920033
1.8842389922104927
2.5168015182751833
2.5392889019464646
2.176197441462324
1.9401159455657078
2.08808588850736
2.088961219690153
1.9321477196136487
2.0901934657257644
1.6855414937364963
2.0903174055565654
2.264776753042028
2.372192346759085
2.5974225420474233
2.315362408287193
2.0591347467687933
1.9575793775883477
1.893227959067151
2.0681090187624713
2.264071960761116
2.004971796315012
2.1683531495100437
2.1544229136697983
2.100300189904274
2.3662502520890496
2.0727016885559735
2.0941566045608218
2.2951185931928952
2.4178517925786096
2.1932725777594637
2.1704997172328864
1.387049190022992
2.424208282662446
2.2751710090469586
1.8212283654528567
1.9006884178730885
2.228090325793655
2.716894770704593
2.4824870712934977
2.0518729206368587
2.128452606781692
2.1542599449380573
2.132284486723794
1.9683626373628498
2.1788509784557695
2.1375750675655363
2.2512102534611897
2.280060327518968
2.1852035278083926
2.0030447946047034
2.396558696583716
2.1849612135441245
2.5122155182318764
2.152448066980085
2.122314929213265
2.311713103423341
2.4177377140367504
2.2296434736163695
2.5872210385516956
2.5010292034701602
2.817539738447813
2.3215567602509077
1.8359910318840202
2.3036732078950983
2.63835357066449
2.0132304415969715
3.0281754380333874
2.54729689005027
2.593667165423031
2.492222259306322
2.110768285801241
2.1944752797084783
1.9061484387565122
2.4907611815527684
2.5837845468718106
2.341090036187112
2.454850087342075
1.8480916144200585
2.0976839568291052
2.2205460096970384
2.1341635674397623
1.9864789405619645
1.5086672200084235
2.196120747826723
1.933729385386949
2.357058931295105
2.596897697423349
2.131085991973075
2.1002545500967713
2.00694550085742
2.1279537090295433
2.472431162466785
2.0297401791294196
2.274070969541176
2.38942639045669
2.383704634605208
2.2826059813401027
2.1061523385556624
1.9169007921500487
1.8962512696057463
2.689882371025618
2.4451289011363246
2.3881888868453847
2.703734378251355
2.7783546759255735
2.3165165043632503
2.070374750540208
2.426677170909682
2.4719693645516747
2.13839405436024
2.3712822019195476
2.2901347197542363
2.4953736654883736
2.202981306414157
2.1441604571615236
2.4250954037143826
2.7179556056354754
1.9435343553570286
2.5524184176743727
2.360412560977383
2.344024204946628
2.349379939276356
2.308430120263753
2.0796268814484633
2.3687007376185067
1.1377106060368358
2.253630977516797
1.8250596234345762
2.17477711595112
2.256505306265863
2.348254439810911
2.3016878669240795
2.0899737077680944
2.26158718925165
2.0766294058603467
2.725490468708551
2.196604411247253
1.8603152198944346
2.3902799202609653
1.9912395561305318
1.94106039130266
2.207557446400003
2.4096953036714046
2.3675129692722368
2.2209837146037854
2.6510133364530417
2.2031448249012824
2.078891203010853
2.5537485455757043
2.05526518529338
2.5742333211682857
2.7572461052218373
2.6103455640892737
2.38249425244697
2.120574041800042
2.163652176747746
2.440137281162232
2.3741485993397595
2.5264421756839073
2.22940135525544
2.495924967661493
2.1935917847846356
2.3200826489147257
2.4578562080035793
1.5705092392204152
2.0255884272510474
2.128414789379316
1.5963227943201843
2.1387345456208204
2.467931368444506
2.378095759855713
2.343613572226617
1.9102695243870653
1.7074045184401163
2.1428117245298997
2.0533552918308025
2.833115340385856
2.4068372192417926
2.5327939468278524
2.3065560652722144
2.3312636691839383
2.4891636488960662
2.4102486269972827
2.6945962602080455
2.610523969044774
2.33804487051465
2.608010457848756
2.3215737261816574
2.3234036233989994
2.1583155145029105
2.5330880532421247
2.367933515220884
2.5213780999936986
2.2933434238461077
2.6391709302904722
2.290000720269412
1.848836956572172
2.3902075304508874
1.7120725351670893
2.0956755114693495
2.376659727956266
2.341415265186437
2.352469506945105
2.4190661219286724
2.0297207411066314
2.681310329196023
2.3526169807489135
2.1007144645027505
2.2854635659244886
2.6665237618732025
1.9068111537801142
1.937026716890918
2.3027329096034252
1.9929022733877795
2.310375909445273
2.6435046634795203
2.3381136940701523
2.2883253518404314
1.5932496876285362
2.1818912245963564
1.8645905397352045
1.7464210368513782
2.0305906428996394
2.263900742795151
2.0399433888166296
2.4342778469139823
2.5301763791558454
1.9847259051230821
2.0764033997745486
2.1426864646751453
1.8249807601895345
2.3163703191133567
2.426834707242486
2.525188008649962
2.557957863586213
2.7214611751202815
2.660608784742904
2.385706348751837
2.8489874464350677
2.5830540140987748
2.184667677013056
2.225397612511836
2.4325792404724154
2.4421034562906083
2.836006719146439
2.439659226029457
1.9207290186080863
2.16249113549591
2.328288837529342
2.0195934406270126
2.1059806224459834
2.0674178417420372
2.0686755955601503
1.9472615342060504
2.178144531909283
2.077269322578272
2.156053331046977
1.8426145621809373
2.2082725468821933
2.331425769592436
2.461566410150881
2.5011812636969877
2.4179647175070906
2.617955457681157
2.483751912227033
2.4759592041534524
2.6023495218938106
2.247173956783455
2.5322863557915603
2.327825170746887
1.9461559078120994
2.1487633829655715
2.008421040642231
2.420766094446673
2.514545088969535
2.3793096998480268
2.165206675171623
2.4388772277926933
2.4977686918795503
2.190730686247975
2.0094750918339264
1.787457736119024
2.386095049084912
2.2050530013377982
2.079548432294734
2.4599755890855586
2.737278319360326
1.7375589011572947
1.909057177221963
2.2471352629937638
1.978036199240635
2.160297508221991
2.070698951357502
2.19707623912571
2.4556281325722713
1.9740052009826816
2.1976124942316875
2.3835273186020047
2.6480280828055145
2.216080148521687
2.0510506341528782
2.1336910315838495
2.090751770631677
1.9486360951389985
2.1618478350450854
2.027349070876465
2.0866155366930186
2.1493180594886288
2.508297507843142
2.0548483832079025
2.4623330839311017
2.2413425940280187
2.5110117032599413
2.2076850523337233
2.9095311204978107
1.9286759331880468
2.556780743529109
1.960609386940156
2.4298743750236045
2.173337169724465
2.069863621431367
2.239522527455483
2.5827886212075546
2.3706900768904307
2.037134055749525
1.9928305094032917
1.8380648605217487
2.637778183916351
2.697399144579457
2.5604522348172227
2.9247719468130113
2.2130930939508375
2.2589274977502742
1.7608081004077107
1.8137618436015075
2.2642060431054403
2.1613063830616412
2.311093350684173
2.0470053907739496
2.264280546854907
2.576621598541934
1.9079933269626945
2.7831292697233483
1.7434255234845053
2.21713778480383
2.3216513674986956
1.8015048870056083
2.250469245386044
2.7351399159624967
2.280696417354112
2.0091500499341515
2.10689433147559
2.5366738995400757
2.2907921274970082
2.4133664580037806
2.2579927416679006
2.373806941628299
2.04473972515062
2.418418656117644
2.249838542928823
2.5984005869312705
0.4840014257336729
2.134068265196342
2.1930401272274835
2.6753042367897497
1.9766193784606374
1.5850035739884114
2.024348893872088
2.3417499515896756
2.289414474607771
2.2683504192326263
2.29604504331122
2.1741513376965425
2.2173241601503593
2.10207518033397
2.0339129963049234
2.230343125021271
2.556219993062924
1.971034894533564
1.6643771566631431
2.3011367092349624
1.8710833618476146
1.9305123322024835
2.2773864436772535
2.2148020120374046
2.571448441105233
2.1341103304332982
2.5309673476503822
2.0683352941119875
2.656746186158632
2.0918080197568
2.4045272265629936
1.934237554825818
2.4306307996756313
2.1028435189236925
2.3142287556641885
2.3247440846123575
1.9257369276754965
2.1405623482300404
2.3226298183310488
2.2791459216635572
2.295593609672533
2.022653690534931
1.9677286356015726
2.369375018710417
2.2301550680771216
2.1843390312550306
2.42223092469471
2.4204672235322375
2.414183377721637
2.2805898468003276
2.4307560779479553
2.2561849695112097
2.417012490963798
2.5215414968188146
2.3707070707035682
2.3002177654624334
2.4567237080863102
2.228468283785741
2.3243996390800357
2.2447350484594093
2.1760392170356115
2.177393622126244
2.5402187584357554
2.457638490370909
2.4376090755554265
2.2369197789863207
1.8129422487735682
1.8516766498572428
1.8587536591272722
2.3091614041793513
2.4480132888974295
2.335604653345041
2.375135632490532
2.329024355101943
2.5012379041380126
2.2794370750304203
2.33034306577358
2.3138385125428034
2.6137584965048477
2.221076314730751
2.307699531829923
2.405442957373238
2.3104365463796834
2.1079034293561483
2.4080547976688433
2.156075617261675
2.6429242958307966
2.0717010111001146
2.5594858988678197
2.256721228456876
2.036700571035096
2.185686429155607
2.5886362120790563
2.3086891490029653
2.3751394012188016
2.4045472987314365
2.513623675791793
2.3890530158722347
2.714027913350512
2.5546981737934
2.655122496688062
2.074953454782043
2.251009615547705
1.8795020031753238
1.9102113077484737
2.1142521670429337
2.003235176355782
1.8577474189772032
2.711078343270602
1.7232186280469217
2.162523058187965
2.3642701671157536
1.9545400754583717
2.0813212060667077
2.161312960508444
1.972308270171603
2.3728918990132777
1.5945482655907959
2.5334173466001153
1.8644155626376406
2.455620961297624
2.409414179397777
2.3562525895085242
0.976672749821275
2.3254360520175434
2.143761818488119
2.1687228208853093
2.1740447297799546
2.7306367214737803
2.4072830865784467
2.423850271943714
2.1375221426612434
2.0861794035713945
2.311367015951496
1.7824708647746155
2.42368630178728
1.9813918239532406
1.9999435571079074
2.6548765390847073
2.1986466185559967
2.0700972613364614
2.3560795848062748
2.150554334858624
2.6387619844220658
2.663822627224779
2.5835094891014654
2.1526539443257895
2.661905453978638
1.7689568200758012
2.434844431001593
2.494863305826123
2.3365971030763033
2.369810812321775
2.6805265598866233
2.3974661360170257
2.27326398376457
2.201858941343409
2.783267445729014
2.6593161186063567
2.6613733283978647
2.361132828485787
1.9158037157751835
2.0940389900402803
1.5520533433231332
2.449600195639572
1.9091379172411442
1.7403447698862842
2.1326022618005536
2.187546878812782
2.334079257457458
2.1290185975060587
2.1103180198263223
2.364019814665709
2.5409265720883525
2.2827120188469157
2.6082609653124167
2.343821201240776
2.7969911008910393
2.2697469744500918
21.6334009864107
1.7854716882548156
2.6067399905597326
2.1478745126343664
2.10405344354356
0.5364814288008921
2.2645699969337603
2.046550146115797
1.912753943741974
2.403000422963198
2.543993493030736
2.4596810220987684
2.447711075718731
2.6209176860224903
2.1997397408121944
2.3280757461556023
2.68149391892286
2.1610131974239684
2.4677579394186093
2.108385370205945
2.2485117205033087
1.6223278430501384
1.9443254157188943
1.9281910594627372
2.262943233811627
2.179655062681049
1.5064608707340184
2.068026416158576
2.4001652608685715
2.487802940541776
2.1039566789183253
1.8248765030808989
1.9170812045502355
2.122827936277632
2.4193187054113263
1.9880462906907534
1.6533263206692086
2.3000224170781776
1.9929001706568923
1.7108950562590368
2.0508068054566766
2.0177462850540717
2.195076034814678
2.2880514236657787
2.0794671225889454
2.2408568363968424
2.297980123569735
2.323528405087415
2.4383259204091643
1.5764561379581925
2.390162020730804
2.608078097109778
2.273252355878684
2.217998913636959
2.33071448230284
2.5053256390521077
2.2880052798479094
2.391531432480969
1.4035875493710603
1.8714075423673577
2.232925241012624
2.524306852340659
2.192426353503289
2.179936350718321
1.6023606223728495
1.7533725214575975
1.9799873393742295
2.278154929785039
2.3588630474975716
2.5628033678004383
2.521414431901134
2.0736195966336415
2.08528152329569
2.4188856971683013
2.772436265782518
2.650974608946566
2.3405955340121496
2.5042288207085064
1.908452545670829
2.7265750125979884
2.4016420236336002
2.352165363405825
2.617582244196902
2.0327781643496916
1.7932454534205273
2.3052003037711795
1.8868486909919575
2.6572225716202365
2.3547215651305233
2.647674534352302
2.286430554305704
2.3017877434084943
2.203050287229941
1.7467433934069896
2.5545910809510213
1.4163736777712683
1.9899273414253333
2.4364902101450294
2.511113663081399
1.9420810588123412
1.7519433825368327
2.031719362199471
2.2986498999941216
2.3822763899432102
1.947994332041128
2.369541292481641
1.9628180039154774
1.8446419455394842
2.4321766485079523
2.672467168777433
1.8255096630027987
2.052385556306201
1.829302165202368
1.7800729619386317
2.11779435218969
1.9308725057796714
2.087861207117499
1.7997549259070877
2.140207060029548
1.9134055111101917
2.346464598711142
2.2701060573462883
2.608135342491723
2.280310093255735
2.153802269928685
2.315181135300552
2.5315637684902694
2.0923702377865374
1.9001282883944473
1.355012445141694
2.1728687627782883
2.1705635082139603
2.59888734722734
2.338934321335413
2.0159642358265724
2.2600346372652114
2.435156315406122
2.2611973010339583
2.3498786514058443
2.1750899569059423
2.3274751070482385
2.2967680723252353
1.24819770119319
2.456352408621011
2.0424149194196817
1.7122241399175229
1.7620739240014123
2.3483656645248665
2.3160221347611714
2.3961380924503293
2.5154416338953776
2.420460426718168
2.2339678959975657
2.415707228204006
1.991842382064458
2.3480208979672357
1.7969505208807564
2.353583476206334
2.244119288778723
1.9379074903944593
2.1495010151504514
2.5016103456761782
2.101909754133975
2.3716839816988213
1.9675970522473543
2.0655430779008004
1.8786372778096447
2.019720633614171
2.1914345408383094
2.36286580090273
2.1485989060375807
1.8759522125578327
1.914858027105729
2.5855839805640066
1.9783875364767867
1.6971766866476423
2.148740461507366
2.1453095049121016
2.3502388841761217
2.3209424438075277
2.1279132595700223
2.70266554922237
2.698982134154793
2.7166378617183957
2.45788875985632
2.0207765297375238
2.405664209709423
1.4862277494679823
2.439234931389726
1.8897383294215586
1.9361764690060463
2.440073355097587
2.158069589387376
2.64217500096956
1.6824579172433092
1.8402045172594754
1.8949801467782819
2.301244241881764
2.4196558195923217
2.622195063990501
2.553228913961932
2.56805363257694
2.104750006624833
2.667904024709287
2.015138601471875
2.2503869426966068
1.6986724411122922
2.6769003029171605
2.0974471236074095
2.2717778882895883
1.710304360160906
2.3230942509476074
1.7338764974481953
2.5783336383723827
1.7482702826331076
2.231182284553933
2.116632744182908
2.254799235353772
2.185841664284833
2.2537584395328816
1.9640613899800066
2.0202722947898133
2.3166425189001183
2.6668254733278447
1.9687570311523404
1.9812869848531378
1.5760126580140297
2.285659687035701
2.570667053509811
2.00843059379668
2.331728502080288
2.5969634129672
2.328145829011712
2.2094967387939115
2.2898114671336964
2.0447423313134743
1.2750068482279258
2.060134696287147
2.343442396935235
2.6337602637466544
2.116800249373227
2.0684541313495424
2.451915942503001
2.720453115532112
2.3020636317814356
2.175422299806825
2.093682002307523
1.8352866692532175
1.998096106865783
2.199392290473145
1.857510012530223
2.0960134860957833
2.3654759205905616
2.649412898062638
2.453824783436149
2.643880476447113
2.1190331372086466
1.9232640658626017
1.9178688043673713
2.1905429049191203
2.3541901714737303
2.551750704035233
2.1549516737101597
2.2476538572887996
1.8951505891949147
2.2559684178482957
1.8531057653540315
2.347525773337804
2.285369548732013
2.0970212892142586
2.0830533633576396
2.535320477255507
1.5170748095139
2.2890919333358357
2.1931293406010997
1.8865351985998955
1.9127562515960277
2.0661687918500977
2.202531411137966
2.364267583805822
2.0465245916787334
1.8682949617323712
2.1639262930857663
2.2225928939561124
1.966173511948157
2.51094525965164
1.9092967513125592
2.1074250171859203
2.3489457942031495
2.5478449767757665
2.0792674856530073
2.5296222223894462
2.164549330008049
2.6291023479007936
2.2267751069050137
2.122162096534324
2.0348432224104047
2.3495708274795786
2.3615940070574997
2.3614306972714942
2.338815679910125
2.61251464343898
2.5219130906953904
1.9419238604019944
2.491777243501142
2.316410359100929
2.1125614084527515
2.8307132983219048
2.5712359689322537
2.7068273655884907
2.6615377045820225
2.150393533556635
2.5437212351639533
1.9108554137703655
2.5165843054850066
2.8011657349669075
2.858421572529612
2.8421787215317904
1.9793660598990293
2.166469567826461
2.185467846999013
2.279932986822684
1.7998872610350078
1.620907112226001
2.0615639007117954
1.8079593568788497
2.3425843705803344
2.6064735191802524
2.027114296755227
2.181082503532698
2.0361212653002796
2.290056562596605
2.332309315421966
2.0550952378015213
2.2658161971510222
1.97274188657351
2.4919050875253985
2.66715296459471
2.283000203762666
1.9093036438044964
1.703617044442241
2.3351011682622174
2.5351618804194067
2.7345250087658117
3.021775231961089
2.5352655947488674
2.4466355287683537
2.2080259939427207
2.0269083332998226
2.154439890715727
2.287232376616912
2.750950069502565
2.096485390028798
2.2878076848753386
2.2508938063442994
1.8640504875696886
2.411684850858392
2.3234401344950206
1.7205153485082867
2.4998229767044
2.4827457993448885
2.4100550387009276
2.321444496729543
2.3266545753002386
2.264086218330714
2.2422944844589106
1.1598718087560684
2.556580067539101
1.890603462731556
2.2549078656583745
2.2679707424603035
2.4728646709177315
2.411478233049919
1.9502794891023407
2.216595854833663
1.930283704364055
2.4981590901829023
2.2968130923871977
1.9600251792639274
2.1375304720352992
1.9620181852135223
2.049003613443654
2.248549486620053
2.2814583795933663
2.354154086132328
2.324228085356677
2.476015396034055
2.0424882266492017
2.3012936824267185
2.8956868982964155
2.2338645853169683
2.34068500020907
2.2288940453711388
2.3420921617297075
2.366147907660165
2.4768011202819356
2.451888575035309
2.5730510538891456
2.429548925627241
2.349262608282343
2.5068204159338205
2.654640834620991
2.2352140752448912
2.6022022915116345
2.3263079870133376
1.5779962565680365
2.000631858923475
1.972158806103965
1.6457222977713521
2.0847423536146747
2.331264737553858
2.3596621741558983
1.9732972516580691
2.120145659314338
1.8942409286512643
2.310365061188033
2.2282910442772277
2.6954268588399177
2.322053748206899
2.1270272654663347
2.3178465235743606
2.5399804463180566
2.26408473718825
2.542224138110254
2.370327768865529
2.425102818806024
2.296382805148321
2.6584805075462627
2.4701857181326607
2.358966982461575
2.639286323307071
2.6646407935506193
2.1797216147075704
2.6804330813040105
2.3656435508229943
2.563128090871174
2.352855575167643
2.01185482020663
2.4802998698160295
1.8043810795798867
1.899103323188063
2.016722655042417
2.4838241359405826
2.696881188115782
2.3918593277242937
2.085115909066758
2.547922893671649
3.106460453221701
2.4566328527430317
2.4243359468292756
2.4620362581132644
2.049620962769269
2.0423723258676376
2.3018838878524948
2.1722113081415517
2.5253480922844522
2.6653745380259504
2.522587586338038
1.9811095260642668
1.6705558433398342
2.442410663079605
2.0862592183792765
1.8232279580954847
2.1685109612346207
2.0419208261150965
2.407934242204753
2.598804733810894
2.5799939036292523
2.5906500246804796
2.1542564454962703
1.8787647841462847
1.800314971858238
1.9748977633015776
2.0977787517305275
2.3611897158143353
2.662086405698222
2.3857400752208053
2.618308803690804
2.2705469673042926
2.797340099554636
2.176106016140507
2.1889098924105492
2.305285978484703
2.5764993946432715
2.4768508266193487
2.084354619229332
2.3628625636875493
1.7612900774695892
2.047557409210861
2.312677596732992
2.064800315770833
2.145964216870563
2.250434411706883
2.164805932948672
2.179851516391656
2.131006124661229
1.9883591985758144
2.10000822928808
1.9729987362388721
2.231861608706595
2.2497076066347956
2.653185804908717
2.4080811493289014
2.65847368220451
2.377540405940806
2.2050972555059007
2.1819137096022043
2.227494676353775
2.3578175905263272
2.8558102080457006
2.704550300253642
2.1333390528218774
2.1001641466685452
2.240223449929244
2.5346786044776626
2.66635117643493
2.3242432179827097
2.2267840334585784
2.4601126612585635
1.4094426829771063
2.4618012710796107
2.1840673453732333
1.6944989912842026
1.986686258792265
1.8675463741738623
1.99054693568507
2.407434711674522
2.751459848135217
2.1593456828197235
2.058825968150223
2.1048112391671805
2.140795383975914
2.048433367198163
1.9985465521279169
2.2982338382061016
2.1228822852340783
1.8810925274172727
2.3793596566826336
2.0501250954669783
2.611042408729065
2.463596668606791
2.0232973431509818
2.140609680863689
2.34999024756776
1.917517476828826
2.264807293322649
2.1294206187375257
1.7023240110304623
2.1920400439505956
2.020845494107442
2.2587445721257056
2.427365513878708
2.2601246924563374
2.0883567644269485
2.666306394952935
2.8036251684486784
1.8699088305130378
2.422833898345605
1.916466495146148
2.2764991114798483
2.048199933674713
2.2802871174943182
1.7065291777809162
2.353869035286498
2.538097414508207
1.9047129995196572
2.2099996799938735
1.8954506545057022
2.4421287667749625
2.532274391030942
2.3427375841025793
2.4180471960647165
2.2282959054316662
2.3971987725538004
1.7168533653712486
1.9133662284007606
1.8055692464439752
2.216564553147974
2.1981167717470482
2.335678335828983
2.498620957940222
2.447970588354032
1.7586498731779765
2.885832725219008
2.2241693215078966
1.8986922981074794
2.006980016017582
1.7482696827155557
2.048756139068633
2.4482714667404872
2.071046490014665
1.7768847569161035
2.1848991949886414
2.747477104360774
2.2322990560315654
2.241265701812103
2.299191650944109
2.6296662546387544
2.1151798971343836
2.547001147741688
2.4160190814327294
2.496892939168262
0.47309975156800393
1.969016059679486
2.2085001651615235
2.4782273399605343
2.2568035734610445
1.846688465011569
1.7392001100228063
2.473484959394839
2.5319997110888335
2.1559953082319625
1.9714401232358545
2.2867882038568195
2.3623692466610833
2.2527974032085387
2.2373666426700765
2.1018941590522644
2.264482388203817
2.2912347702857687
2.1516907922049433
2.187554900742917
1.8013668912309793
2.060228707853346
2.5122652227121782
2.4184313591328968
2.433230879969697
2.3820804976745156
2.612319422038628
2.191577988029233
2.486644272647317
2.0803468004828822
2.3551885112875826
2.1971996646290237
2.4954171689519464
2.0884400889556867
2.1324086552393875
2.066630524126298
2.2040532480515824
2.2859341798296553
2.4227085671045745
2.433991781166094
2.387444439971832
1.9154419551467652
1.943063571017252
1.8835308105078807
2.298396191293077
2.046997063181439
2.6297930581066407
2.616153408628695
2.414654134823978
2.1322063774135502
2.7206751420547413
2.40504727330883
2.350839135531717
2.318815088016461
2.530224708052802
2.216550638306797
2.5163497937877324
2.216205037763027
2.352028519384089
2.3468449867913033
2.3392763368278677
2.348353565356998
2.606306243331983
2.363189607431233
2.6185149010400357
2.138885007365737
1.8839161898672376
1.7851239321424066
1.9019596875189948
2.071234441150969
2.4941482067941068
2.418385696888545
2.324374194210842
2.3821460990894585
2.6331884982626654
2.380566392374242
2.1556934450569147
2.301149876787256
2.493244720609548
2.190542771036274
2.1228210519884745
2.146798411508269
2.082293218852979
2.137224808478311
2.569077661479078
2.2474645566413285
2.4312933679440842
2.0551433297043955
2.6010427896361525
2.384102958542512
2.0340951112249983
1.9997995955092884
2.650893807294223
2.051544925687135
2.227410895406276
2.3098842129139685
2.532642872581723
2.0235182463175563
2.3733925683097867
2.1132001961705806
2.5406524165858855
2.038904125832183
1.8944843373064155
2.260072792207428
1.9914569834944285
1.9502121611547245
1.7954993208189427
1.9496651114833592
2.56178246023515
1.70344453597102
2.5106127380405034
2.4954731874498552
2.057177165625593
1.916248784084557
2.2866832246963598
1.8199747679583524
2.038927637313423
1.9740977682900391
2.529815296987458
1.845901314489842
2.0542312768092383
2.215468599804223
2.489376793210752
2.365116178317788
2.338829552533873
2.3948075318342505
2.320177730221753
1.8000637375253667
2.3202233017310814
2.414526378714019
2.601016717904951
2.1532699230467847
2.3750568034883535
2.2100947838443807
1.7574366340095429
2.6380231696510705
1.8607754755101382
1.8253207461915253
2.2272250008937426
2.5611808506974314
1.8710375575298532
2.3123523983251904
2.280455077153384
2.4591370463600435
2.3976431895565047
2.4652845733339466
2.1776466409217394
2.4542487745603236
1.6640304879807426
2.7644449615035707
2.1385913595801602
2.651117428818919
2.423482286830735
2.496368414324649
2.2581140441697007
2.3862318449317566
2.096216156575422
2.8113043346302296
2.3052539297218044
2.735989255775482
2.572070736244419
2.0667598689644744
2.122574067456062
1.4300610521412644
2.385587358971957
2.0781269447020563
1.8731357433680866
2.106032591996461
1.9871178327925356
2.608006185010191
2.173506621853065
2.1550591204285126
2.2300060078419652
2.4792258746140217
1.7945892682214535
2.5534128119957438
2.18246754906456
2.17453559887347
2.5326141869771575
