17.51001785177963
18.251275702263538
2.6342782465364283
3.6578172174207344
3.0806540896341015
10.289896790218059
2.883472153114148
7.497468309985391
4.479916124585956
3.401939521424352
14.297358684118105
17.735066433259316
2.937015824688323
3.459750557723744
3.0613149360951133
10.16300587849473
2.7820660166626143
5.939286016013372
4.490078257307045
3.626382944656955
13.900948282066123
18.060537223658788
2.697782124427769
3.647345728424383
3.1138120923202606
10.265654417425878
2.895457244722145
7.094009054310706
4.034516671021127
3.209403287333023
