13.105737623757808
519.0355502363233
694.0138087244064
699.9126701877506
698.4926811778204
4.3504737542942875
1.2861981316477278
356.49823985629405
2.3558371237234206
366.3461367259218
326.04365980540234
359.5952452975196
388.80801950689687
379.8089168045056
383.5736397622445
408.95322015901786
394.9701488371058
369.9136224516781
401.9509690197228
369.5123594705457
396.2035791580125
1.3595193231591811
374.0050714627809
375.9719609263665
357.8925691423731
414.43845205133414
403.340458643266
384.1818827828621
456.9669554216694
420.77240272346495
390.7936647956283
372.1846292225547
422.3149036061306
422.7097539379073
416.72645740667383
5.155466611354027
361.6731861941551
421.43474103071884
361.55707012997374
432.725379279166
348.6751369114823
370.6684855413039
425.97594380212684
405.961910347145
5.133449622057343
