3.143002007618031
2.4607601247175817
652.6846811445596
657.5710955974132
641.1287157179036
653.2027668315061
697.8181501857111
722.4029674867073
568.4585687867985
577.7789382334147
677.3461868825553
624.0919907761898
601.8666009403239
680.0470571877415
651.1843672826416
8.513546064065725
580.0384622053552
601.4178921752497
696.2558414914274
687.3142793944306
576.0821039751652
633.1926986692633
662.1186051373007
755.1182530850997
753.9924253408178
748.3518513864743
650.7365612111118
667.865821928321
685.0944659869543
644.1471913783693
688.6052141022175
670.2227218078032
747.8406853534907
663.9093343138278
651.2730365289224
599.2669072435872
593.7987409383958
537.2306735396209
1.9379030361199705
712.2691438450805
5.080365140466031
603.1752851044349
5.099535431328827
637.6106428024725
585.3012296868284
