419.66151735714243
433.77152226037003
444.77916249204384
413.14600977786023
427.0028356866879
440.71220196258207
408.3164059290913
2.060628934957171
453.2059309119148
460.7068569613181
461.5134552968414
457.100328247235
451.7628825012735
469.3816576299317
394.6868434057141
412.9536088477448
407.5654602891271
332.0974054916754
506.79810188671996
446.28202848282814
359.01787276575016
0.25465607149947217
443.07922827639356
468.07583563523116
383.5564682245662
481.5343933678099
373.9006160593824
497.55220274702356
417.88563486658546
433.2839779626396
473.9147466263385
506.45418755708494
440.5424386055836
404.48253931238366
407.3009453972183
506.16475305977605
386.88797331593355
460.2601370932648
460.46016573837795
405.0482615212965
422.8593789989385
484.8776108225981
399.0441089288385
448.02056869746156
412.5086735926628
