0.04418289499999162
0.04481382000000167
0.04378938299998936
0.04485435600000187
0.0453121689999989
0.04462151399999925
0.04472324200000344
0.04330207600000335
0.043431317999989005
0.052801792000011005
0.05208065100001136
0.04997416999999871
0.04954769699999417
0.04472269199999346
0.03079984499999
0.04818187400000795
0.04778100000000052
0.03435112000001084
0.041828914999996414
0.0368934720000027
0.04767320100000916
0.042522090999995044
0.04104657999999972
0.04311448500000381
0.04205360999999641
0.04496241600000417
0.043456740999999965
0.04680968699999255
0.035509120000000394
0.035320257999998717
0.04586944999999787
0.045601028000007204
0.047347911000002796
0.04973519900001122
0.0446202210000024
0.04420310000000427
0.04336617600000636
0.04346765599999003
0.045213131999986444
0.04652886600000272
0.04591547900000137
0.03332939199999885
0.0333672579999984
0.03322321199999578
0.043371081999993066
