7603
4968
3892
4861
4107
15620
3655
4230
3671
3892
3671
3892
3671
3944
3671
3892
3671
3892
3671
3892
3671
3892
3671
3944
3671
3892
3671
3892
3671
3892
3671
3892
3671
3892
3671
3892
3671
3892
3671
3892
3671
3892
3671
3944
3671
3892
3671
3892
3612
3936
3671
3892
3671
3892
3612
3830
3568
3830
3568
3830
3568
3830
3568
3830
3568
3830
3568
3830
3568
3936
3671
3892
3671
3892
3671
3892
3671
3892
3671
3892
3671
3892
3671
3892
3671
3892
3671
3892
3671
3892
3671
3944
3612
3830
3568
3830
3568
4136
3770
4060
4234
3950
4074
3950
4074
3950
4074
3950
4074
3950
4074
3950
4107
3951
4056
3951
4056
3951
4056
3951
4056
3951
4056
3951
4056
3951
4056
3951
4056
3951
4056
3951
4056
3951
4056
3951
4056
3951
4056
3951
4056
3951
4056
3951
4056
3951
4056
3951
4056
3951
4056
3951
4056
3951
4056
3951
4056
3951
4056
3951
4056
3951
4056
3951
4523
3951
4056
3951
4056
3951
4056
3951
4056
3951
4056
3951
4056
3951
4056
3951
4056
3951
4056
3951
4056
3951
4056
3951
4056
4551
4052
3951
4052
3951
4052
3951
4052
3951
4052
3951
4052
3951
4052
3951
4052
3951
4052
3951
4052
3951
4052
3951
4052
3951
4052
3951
4052
3951
4052
3951
4052
3951
4052
3951
4052
3951
4052
3951
4052
3951
4052
3951
4052
3951
4052
3951
4052
3951
4052
3951
4052
3951
4052
3951
4052
3951
4052
3951
4052
3951
4052
3951
4052
3951
4052
3951
4052
3951
4052
3951
4052
3951
4052
3951
4052
3951
4052
3951
4052
3951
4052
3951
4052
3951
4052
3951
4052
3951
4052
3951
4052
3951
4052
3951
4052
3951
4052
3951
4052
3951
4052
3951
4052
3951
4052
3951
4052
3951
4052
3951
4052
3951
4052
3951
4052
3951
4052
3951
4052
3951
4052
3951
4052
3951
4052
3951
4052
3951
4052
3951
4052
3951
4052
3951
4052
3951
4052
3951
4052
3951
4052
3951
4052
3951
4052
3951
4052
3951
4052
3951
4052
3951
4052
3951
5587
3902
4230
3902
4230
3902
4230
3902
4230
3902
4230
3902
4230
3902
4230
3902
4230
3902
4230
3902
4230
3902
4230
3902
4230
3902
4324
3907
17964
3700
3782
4011
3678
3920
3678
3920
3678
3920
3678
3920
3678
3920
3678
3920
3678
3920
3678
3920
3678
3920
3678
3920
3678
3920
3678
3920
3678
3920
3678
3920
3678
3920
3678
3920
3678
3920
3678
3920
3678
3920
3678
3920
3678
3920
3678
3920
3678
3920
3678
3920
3678
3920
3678
3920
3678
3920
3678
3920
3678
3920
3678
3920
3678
3920
3678
3920
3678
3920
3678
3920
3678
3920
3678
3920
4282
3841
3693
3841
3693
3841
3693
3841
3693
3841
3693
3841
3693
3841
4832
4006
3947
4006
3947
4006
3947
4006
3947
4006
3947
4006
3947
4006
3947
4006
3947
4006
3947
4006
3947
4006
3947
4006
3947
4006
5508
4010
3947
4010
3947
4010
3947
4010
3947
4010
3947
4010
3947
4010
3947
4010
3947
4010
3947
4010
3947
4010
3947
4010
3947
4010
3947
4010
3947
4010
3947
4010
3947
4010
3947
4010
3947
4010
3947
4010
3947
4010
3947
4010
3947
4010
3947
4010
3947
4010
3947
4010
3947
4010
3947
4010
3947
4010
3947
4010
3947
4010
3947
4010
6238
4226
4239
4226
4239
4226
4239
4226
4239
4226
4239
4226
4239
4226
4239
4226
4239
4226
4239
4226
4239
4226
4239
4226
4239
4226
4239
4226
4239
4226
4239
4226
4239
4226
4239
4226
4239
4226
4239
5799
4660
4653
4660
4653
4660
4653
4660
4653
4660
4653
4660
5890
4660
4653
4660
4653
4660
4653
4660
4653
4660
4653
4660
4653
4660
4653
4660
4653
4660
4653
4660
4653
4660
4653
4660
4653
4660
4653
4660
4653
4660
4653
4660
4653
4660
4653
4660
4653
4660
4653
4660
4653
4660
4653
4660
4653
4660
4653
4660
4653
4660
4653
4660
4653
4660
4653
4660
4653
4660
4653
4660
4653
4660
4653
4660
4653
4660
4653
4660
4653
4660
4653
4660
4653
5880
4695
4573
4695
4573
4695
4573
4695
4573
4695
4573
4695
4573
5624
4573
4701
4573
4701
4573
4701
4573
4701
4573
4701
4573
4701
4573
4701
4573
4701
4573
4701
4573
4701
4573
4808
4573
4701
4573
4701
4573
4701
4573
4701
4573
4701
4573
4701
4573
4701
4573
4701
4573
4701
4573
4701
4573
4701
4573
4701
18502
4401
3628
4228
3713
4180
3713
4180
3713
4180
3713
4180
3713
4180
3713
4180
3713
4180
3713
4180
3713
4180
3713
4180
3713
4180
3713
4180
3713
4180
3713
4180
3713
4180
3713
4180
3713
4180
3713
4180
3713
4180
3713
4180
3713
4180
3713
4180
3713
4180
3713
4180
4097
4328
3987
4328
3987
4328
3987
4328
3987
4328
3987
4328
3987
4328
3987
4328
3987
4328
3987
4328
3987
4328
3987
4328
3987
4328
3987
4328
3987
4328
3987
4328
3987
4328
3987
4328
3987
4328
3987
4328
3987
4328
3987
4328
3987
4328
5051
4328
3987
4328
3987
4328
3987
4328
3987
4328
3987
4328
3987
4328
3987
4328
3987
4328
3987
4328
3987
4328
3987
4328
3987
4328
3987
4328
3987
4328
3987
4328
3987
4328
3987
4328
3987
4328
3987
4328
3987
4328
3987
4328
3987
4328
3987
4328
3987
4328
3987
4328
3987
4328
3987
4328
3987
4328
3987
4328
3987
4328
3987
4328
3987
4328
3987
4328
3987
4328
3987
4328
3987
4328
3987
4328
3987
4328
3987
4328
3987
4328
3987
4328
3987
4328
3987
4328
3987
4328
3987
4328
3987
4328
3987
4328
3987
4328
3987
4328
3987
4328
3987
4328
3987
4328
3987
4328
3987
4328
3987
4328
3987
4328
3987
4328
3987
4328
3987
4328
3987
4328
3987
4328
3987
4328
3987
4328
3987
4328
3987
4328
3987
4328
3987
4328
3987
4328
3987
8181
3846
4676
3846
4676
3846
4676
3846
4676
3846
4676
3846
4676
4254
4692
3915
4692
3915
4692
3915
4692
3915
4692
3915
4692
3915
4692
3915
4692
3915
4692
3967
4692
3915
4692
3915
4692
3915
4692
3915
4692
3915
4692
3915
4692
3915
4692
3915
4692
3915
4692
3915
4692
3915
4692
3915
4692
3915
4692
3915
4692
3915
4692
3915
4692
3915
4692
3915
4692
3915
4692
3915
4692
3915
4692
3915
4692
3915
4692
3915
4692
3915
4692
3915
4692
3915
4692
3915
4692
3915
4692
3915
4692
3915
4692
3915
4692
3915
4692
3915
4692
3915
4692
4488
4692
3913
4692
3913
4692
3913
4692
3913
4692
3913
4692
3913
4692
3913
4692
3913
4692
3913
4692
3913
4692
3913
4692
3913
4692
3913
4692
3913
4692
3913
4692
3913
4692
3913
4692
3913
4692
3913
4692
3913
4692
3913
4692
3913
4692
3913
4692
3913
4692
3913
4692
3913
4692
3913
4692
3913
4692
3913
4692
3913
4692
3913
4692
3913
4692
3913
4692
3913
4692
3913
6058
4514
5090
4514
6589
4514
5090
4514
5090
4514
5090
4514
5090
4514
5090
4514
5090
4514
5090
4514
5090
4514
5090
4514
5090
4514
5090
4514
5090
4514
5090
4514
5090
4514
5090
4514
5090
4514
5090
4514
5090
4514
5090
4514
5375
4529
4962
4529
4962
5592
4962
4525
4962
4525
4962
4525
4962
4525
4962
4525
4962
4525
4962
4525
4962
4525
4962
4525
4962
4525
4962
4525
4962
4525
4962
4525
4962
4525
4962
4525
4962
4525
4962
4525
4962
4525
4962
4525
4962
4525
4962
4525
4962
4525
4962
4525
4962
4525
4962
4525
4962
4525
4962
4525
4962
4525
4962
4525
4962
4525
4962
4525
4962
4525
4962
4525
4962
4525
4962
4525
4962
4525
4962
4525
4962
4525
4962
4525
4962
4525
4962
4525
4962
4525
4962
4525
4962
4525
4962
4525
4962
4525
6115
4519
4962
4519
4962
4519
4962
4519
4962
4519
4962
4519
4962
4519
4962
4519
4962
4519
4962
4519
4962
4519
4962
4519
4962
4647
4962
4513
4962
4513
4962
4513
4962
4513
4962
4513
4962
4513
4962
4513
4962
4513
4962
4513
4962
4513
4962
4513
4962
4513
4962
4513
4962
4513
4962
4513
4962
4513
4962
4513
4962
4513
4962
4513
4962
4513
4962
4513
4962
4513
4962
4513
4962
4513
4962
4513
4962
4513
4962
4513
4962
4513
4962
4513
4962
4513
4962
4513
4962
4513
4962
4513
4962
4513
4962
4513
4962
4513
4962
4513
4962
4513
4962
4513
4962
4513
4962
4513
4962
4513
4962
4513
4962
4513
4962
4513
4962
4513
5120
4513
4954
4513
4954
4513
4954
4513
4954
4513
4954
4513
4954
4513
4954
4513
4954
4513
4954
4513
4954
4513
6191
4513
4954
4513
4954
4513
4954
4513
5130
4513
4954
4513
4954
4513
4954
4513
4954
4513
4954
4513
4954
4513
4954
4513
4954
4513
4954
4513
4954
4513
4954
4513
4954
4513
4954
4513
4954
4513
4954
4513
4954
4513
4954
4513
4954
4513
4954
4513
4954
4513
4954
4513
4954
4513
4954
4513
4954
4513
4954
4513
4954
4513
4954
4513
4954
4513
4954
4513
4954
4513
4954
4513
4954
4513
4954
4513
4954
4513
4954
4513
4954
4513
4954
4513
4954
4513
4954
4513
4954
4513
4954
4513
5711
4517
6452
4517
4954
4517
4954
4517
4954
4517
4954
4517
4954
4517
4954
4517
5124
5441
4954
4517
4954
4657
4954
4517
4954
4517
4954
4517
4954
4517
4954
4517
4954
4517
4954
4517
4954
4517
4954
4517
4954
4517
4954
4517
4954
4517
4954
4517
4954
4517
4954
4517
4954
4517
4954
5588
4954
4517
4954
4517
4954
4517
4954
4517
4954
4517
4954
4517
4954
4517
4954
4517
4954
4517
4954
4517
4954
4517
4954
4660
4954
4517
4954
4517
4954
4517
4954
4517
4954
4517
4954
4517
4954
4517
4954
4517
4954
4517
4954
4517
4954
4517
4954
4517
4954
4517
4954
4517
4954
4517
6459
4517
4954
4517
4954
4517
4954
4517
4954
4517
4954
4517
4954
4517
5130
6023
4954
4519
4954
4519
4954
4519
4954
4519
4954
4519
4954
4519
5512
4645
4520
4510
4520
4510
4520
4510
4520
4510
4520
4510
4703
4561
4568
4561
4568
4561
4568
5867
4568
4554
4568
4554
4568
4554
4568
4554
4568
4554
4568
4554
4568
4554
4568
4554
4568
4554
4568
4554
4568
4554
4568
4554
4568
4554
4568
4554
4568
4554
4568
4554
4568
4554
4568
4554
4568
4554
4568
4554
4568
4554
4568
4554
4568
4687
5023
4551
4568
4551
4568
4551
4568
4551
4568
4551
4568
4551
4568
4551
4568
4551
4568
4551
4568
4551
4568
4551
4568
5867
4568
4551
4568
4551
4568
4551
4568
4551
4568
4551
4568
4551
4568
4551
4568
4551
4568
4551
4568
4551
4568
4551
4568
4551
4568
4551
4568
4551
4729
4551
4560
4551
4560
4551
4560
4551
4560
4551
4560
4551
4560
4551
4560
4551
4560
4551
4560
4551
4560
4551
4560
4551
4560
4689
4560
4549
4560
4549
4560
4549
4560
4549
4560
4549
4560
4549
4560
4549
4560
4549
4560
4549
4560
4549
4560
4549
4560
4549
4560
4549
4560
4549
4560
4549
4560
4549
4560
4549
4560
4549
4560
4549
4560
4549
4560
4549
4560
4549
4560
4549
4560
4549
4560
4549
4560
4549
4560
4549
4560
4549
4560
4549
4560
4549
4560
4549
4560
4549
4560
4549
4560
4549
4560
4549
4560
4549
4560
4549
4560
5868
4560
4549
4560
4549
4560
4549
5062
4500
4520
4500
4520
4500
4520
4500
4520
4500
4520
4500
4520
4500
4520
4500
4520
4500
4520
4500
4520
4500
4520
4500
4520
4500
4520
4500
4520
4500
4520
4500
4520
4500
4520
4500
4520
4500
4520
4500
4520
4500
4520
4500
4520
4500
4520
4500
4683
4500
4514
4500
4514
4500
4514
4500
4514
4500
4514
4500
4514
4500
4514
4500
4514
4500
4514
4500
4514
4500
4514
4500
4514
4500
4514
4500
4514
4500
4514
4500
4514
4500
4514
4500
4514
4500
4514
4500
4514
4500
4514
4500
4514
4500
4514
4500
4514
4500
4514
4500
4514
4500
4514
4500
4514
4500
4514
4500
4514
4500
4514
4500
4514
4500
4514
4500
4514
4500
4514
4500
4514
4500
4514
4500
4514
4500
4514
4500
4514
4500
4514
4500
4514
4500
4514
4500
4514
4500
4514
4500
4690
4500
4514
4500
4514
4500
4514
4500
4684
4500
4514
4500
4514
4500
4514
4500
4514
4500
5756
4500
4514
4500
4514
4500
4514
4500
4514
4500
4514
4500
4514
4500
4514
4500
4514
4500
4514
4500
4514
4500
4514
4500
4514
4500
4746
4551
4568
4551
4568
4551
4568
4551
4568
4551
4568
4551
4568
4551
4568
4551
4568
4551
4568
4551
4568
4551
4568
4551
4568
4551
4568
4551
4568
4551
4568
4551
4568
4551
4568
4551
4568
4551
4568
4551
4568
4551
4568
4551
4568
4551
4568
4551
4568
4551
4568
4551
4568
4551
4568
4551
4568
4551
4568
4551
4568
4551
4568
4551
4568
4551
4568
4551
4568
4551
4568
4551
4568
4551
4568
4551
4568
4551
4568
4551
4568
4551
4568
4551
4568
4551
4568
4551
4568
4551
4568
4551
4568
4551
4568
4551
4568
4551
4568
4551
4568
4551
4568
4551
4568
4551
4568
4551
4568
4551
4568
4551
4568
4551
4568
4551
4568
4551
4568
7528
4807
4803
4807
4803
4807
4803
4807
4803
4807
4803
4807
4803
4807
4803
4807
4803
4807
4803
4807
4803
4807
4803
4807
4803
4807
4803
4807
4803
4807
4803
4807
4803
5378
4735
4759
4735
4759
4735
4759
4735
4759
4735
4759
4735
4759
4735
4759
4735
4759
4735
4759
4735
4759
4735
4759
4735
4759
4735
4759
4735
4759
7632
4557
4740
4557
4740
4557
4740
4557
4740
4557
4740
4557
4740
4557
4740
4557
4740
4557
4740
5032
4742
4538
4742
4590
4746
4538
4746
4538
4746
4538
4746
4538
4746
4538
4746
4538
4746
4538
4746
4538
4746
4590
4742
4646
4745
4540
4745
4540
4613
4492
4568
4492
4568
4492
4568
4492
4568
4492
4568
4492
4568
4492
4568
4492
4568
4492
4568
4492
4568
4492
4568
4492
4568
4492
4568
4582
4746
4538
4746
4538
4746
4538
4746
4538
4746
4538
4746
4538
4746
4538
4746
4538
4746
4538
4746
4538
4746
4538
4746
4538
4746
4538
4746
4538
4746
4538
4746
4538
4746
4538
4746
4538
4746
4538
4746
4538
4746
4538
4746
4538
4746
4538
4746
4538
4746
4538
4746
4538
4746
4538
4746
4538
4746
4538
4746
4538
4746
4538
4746
4590
4754
4538
4754
4538
4754
4538
4754
4538
4754
4538
4754
4538
4754
4538
4754
4538
4754
4538
4754
4590
4746
4538
4746
4538
4746
4538
4746
4538
4746
4538
4746
4538
4746
4538
4746
4538
4746
4538
4746
4538
4746
4538
4746
4538
4746
4538
4612
4492
4568
4492
4568
4492
4568
4492
4568
4492
4568
4492
4568
4492
4568
4492
4568
4492
4568
4492
4568
4748
4746
4538
4746
4538
4746
4538
4746
4538
4746
4538
4746
4538
4746
4538
4746
4538
4746
4538
4746
4538
4746
4538
4746
4538
4746
4538
4746
4538
4746
4538
4746
4538
4746
4538
4746
4538
4746
4538
4746
4538
4746
4538
4746
4538
4746
5129
4822
4581
4822
4581
4822
4581
4822
4581
4822
4581
4822
4581
4822
4581
4822
4581
4822
4581
4822
4581
4822
4581
4822
4581
4822
4581
4822
4581
4822
4581
4822
4581
4822
4581
4822
4581
4822
4581
4822
4581
4822
4581
4822
4581
4822
4581
4822
4581
4822
4581
4822
4581
4822
4581
4822
4581
4822
4581
4822
4581
4822
4581
4822
4581
4822
4581
4822
4581
4822
4581
4822
4581
4822
4581
4822
4581
4822
4581
4822
4581
4822
4581
4822
4581
4822
4581
4822
4581
4822
4581
4822
4581
4822
4581
4822
4581
4822
4581
4822
4581
4822
4581
4822
4581
4822
4581
4822
4581
4822
4581
4822
4581
4822
4581
4822
4581
4822
4581
4822
4581
4822
4581
4822
4581
4822
4581
4822
4581
4822
4581
4822
4581
4822
4581
4822
4581
4822
4581
4822
4581
4822
4581
4822
4581
4822
4581
4822
4581
4822
4581
4822
4581
4822
4581
4822
4581
4822
4581
4822
4581
4822
4581
4822
4581
4822
4581
4822
4581
4822
4581
4822
4581
4822
4581
4822
4581
4822
4581
4822
4581
4822
4581
4822
4581
4822
4581
4822
4581
4822
4581
4822
4581
4822
4581
4822
4581
4822
4581
4822
4581
4822
4581
4822
4581
4822
4581
4822
4581
4822
4581
4822
4581
4822
4581
4822
4581
4822
4581
4822
4581
4822
4581
4822
4581
4822
4581
4822
4581
4822
4581
4822
4581
4822
4581
4822
4581
4822
4581
4822
4581
4822
4581
4822
4581
4822
4581
4822
4581
4822
4581
4822
4581
4822
4581
4822
4581
4822
4581
4822
4581
4822
4581
4822
4581
4822
4581
4822
4581
4822
4581
4822
4581
4822
4581
4822
4581
4822
4581
4822
4581
4822
4581
4822
4581
4822
4581
4822
4581
4822
4581
4822
4581
4822
4581
4822
4581
4822
4581
4822
4581
4822
4581
4822
4581
4822
4581
4822
4581
4822
4581
4822
4581
4822
4581
4822
4581
4822
4581
4822
4581
4822
4581
4822
4581
4822
4581
4822
4581
4822
4581
4822
4581
4822
4581
4822
4581
4822
4581
4822
4581
4822
4581
4822
4581
4822
4581
4822
4581
4822
4581
4822
4581
4822
4581
4822
4581
4822
4581
4822
4581
4822
4581
4822
4581
4822
4581
9025
4798
7206
4729
4758
4729
4758
4729
4758
4729
4758
4729
4758
4729
4758
5649
5218
4634
5047
5096
4933
4574
4933
4574
4933
4574
4933
4574
4933
4574
4933
4574
4933
4611
4938
4560
4938
4560
4938
4560
4938
4560
4804
4564
4760
4564
4906
4564
4764
4564
4764
4564
4764
4564
4764
4564
4764
4564
4764
4564
4764
4564
4764
4564
4812
4604
4804
4564
4760
4564
4760
4564
4760
4564
4816
4564
4764
4564
4764
4564
4764
4564
5006
4608
4808
4608
4808
4608
4808
4608
4808
4608
4808
4608
4808
4608
4808
4608
4808
4608
4808
4608
4808
4608
4808
4608
4808
4608
4808
4608
4808
4608
4808
4608
4808
4608
4808
4608
4808
4608
4808
4608
4808
4608
4808
4608
4808
4608
4808
4608
4808
4608
4808
4608
4808
4608
4808
4608
4808
4608
4808
4608
4808
4608
4808
4608
4808
4608
4808
4608
4808
4608
4808
4608
4808
4608
4808
4608
4808
4608
4808
4608
4808
4608
4808
4608
4808
4608
4808
4608
4808
4608
4808
4608
4808
4608
4808
4608
4808
4608
4808
4608
4808
4608
4808
4608
4808
4608
4808
4608
4808
4608
4808
4608
4808
4608
4808
4608
4808
4608
4808
4608
4808
4608
4808
4608
4808
4608
4808
4608
4808
4608
4808
4608
4808
4608
4808
4608
4808
4608
4808
4608
4808
4608
4808
4608
4808
4608
4808
4608
4808
4608
4808
4608
4808
4608
4808
4608
4808
4608
4808
4608
4808
4608
4808
4608
4808
4608
4808
4608
4808
4608
4808
4608
4808
4608
4808
4608
4808
4608
4808
4608
4808
4608
4808
4608
4808
4608
4808
4608
4808
4608
4808
4608
4808
4608
4808
4608
4808
4608
4808
4608
4808
4608
4808
4608
4808
4608
4808
4608
5212
4684
4717
4684
4717
4684
4717
4684
4717
4684
4717
4684
4717
4684
4717
4684
4717
5769
4719
4684
4719
4684
4719
4684
4719
4684
4719
4684
4719
4684
4719
4684
4719
4684
4719
4684
4719
4684
4719
4684
4719
4684
4719
4684
4719
4684
4719
4684
4719
4684
4719
4684
4719
4684
4862
4684
4719
4684
4719
4684
4719
4684
4719
4684
4719
4684
4719
4684
4719
4684
4719
4684
4719
4684
4719
4684
4719
4684
4719
4684
4719
4684
4719
4684
4719
4684
4719
4684
4719
4684
4719
4684
4719
4684
4719
4684
4719
4684
4719
4684
4719
4684
4719
4684
4719
4684
4719
4684
4719
4684
4719
4684
4719
4684
4719
4684
4719
4684
4719
4684
4719
4684
4719
4684
4719
4684
4719
4684
4719
4684
4719
4684
4719
4684
4719
4684
4719
4684
4719
4684
4719
4684
4719
4684
4719
4684
4719
4684
4719
4684
4719
4684
4719
4684
4719
4684
4719
4684
4719
4684
4719
4684
4719
4684
4719
4684
4719
4684
4719
4684
4719
4684
4719
4684
4719
4684
4719
4684
4719
4684
4719
4684
4719
4684
4719
4684
4719
4684
4719
4684
4719
4684
4719
4684
4719
4684
4719
4684
4719
4684
4719
4684
4719
4684
4719
4684
4719
4684
8298
4626
4628
4626
4628
4626
4628
4626
4628
4626
4628
4626
4628
4626
4628
4626
4628
4626
4628
4626
4628
4626
4628
4626
4628
4626
4628
4626
4628
4626
4628
4626
4628
4626
4628
4626
4628
4626
4628
4626
4628
4626
4628
4626
4628
4626
4628
4626
4628
4626
4628
4626
4628
4626
4628
4626
4628
4626
4628
4626
4628
4626
4628
4626
4628
4626
4628
4626
4628
4626
4628
4626
4628
4626
4628
4626
4628
4626
4628
4626
4628
4626
4628
4626
4628
4626
4628
4626
4628
4626
4628
4626
4628
4626
4628
4626
4628
4626
4628
4626
4628
4626
4628
4626
4628
4626
4628
4626
4628
4626
4628
4626
4628
4626
4628
4626
4628
4626
4628
4626
4628
4626
4628
4626
4628
4626
4628
4626
4628
4626
4628
4626
4628
4626
4628
4626
4628
4626
4628
4626
4628
4626
4628
4626
4628
4626
4628
4626
4628
4626
4628
4626
4628
4626
4628
4626
4628
4626
4628
4626
8986
4626
4624
4626
4624
4626
4624
4792
4623
4630
4623
4630
4623
6132
4623
4630
4623
4630
4623
4630
4623
4630
4623
4630
4623
4630
4623
4630
4623
4630
4623
4630
4623
4630
4623
4630
4623
4630
4623
4630
4623
4630
4623
4630
4623
4630
4623
4630
4623
4630
4623
4630
4623
4630
4623
4630
4623
4630
4623
4630
4623
4630
4647
4638
4507
4638
4507
4638
4507
4638
4507
4638
4507
4638
4507
4638
4507
4638
4507
4638
4647
4638
4507
4638
4507
4638
4507
4638
4507
4638
4507
4638
4507
4638
4507
4638
4507
4638
4507
4638
4507
4638
4507
4638
4507
4638
4507
4638
4507
4638
4507
4638
4507
4638
4507
4638
4507
4638
4507
4638
4507
4638
4507
4638
4507
4638
4933
4714
4465
4714
4465
4714
4465
4714
4465
4714
4465
5330
4465
4722
4465
4722
4465
4722
4465
4722
4465
4722
4465
4722
4465
4722
4465
4722
4465
4722
4465
4722
4465
4722
4465
4722
4465
4722
4465
4722
4465
6215
4465
4714
4465
4714
4465
4714
4465
4714
5783
4718
4463
4718
4463
4718
4463
4718
4463
4718
4463
4718
4463
4718
4463
4718
4463
4718
4463
4718
4463
4718
4463
4718
4463
4718
4463
4718
4463
4718
4463
4718
4463
4718
4463
4718
4463
4718
4463
4718
4463
4718
4463
4718
4463
4718
4463
4718
4463
4718
4463
4718
4463
4718
4463
4718
4463
4718
4463
4718
4463
4718
4463
4718
4463
4718
4463
4718
4463
4718
4463
4718
4463
4718
4463
4718
4463
4718
4463
4718
4463
4718
4463
4718
4463
4718
4463
4718
4463
4718
4463
4718
4463
4718
4463
4718
4463
4718
4463
4718
4463
4718
4463
4718
4463
4718
4463
4718
4463
4718
4463
4718
4463
4718
4463
4718
4463
4718
4463
4718
4463
4718
4463
4718
4463
4718
4463
4718
4463
4718
4463
4718
4463
4718
4463
4718
4463
4718
4463
4718
4463
4718
4463
4718
4606
4714
4469
4714
4469
4714
4469
4714
4469
4714
4469
4714
4469
4714
4469
4714
4469
4714
4469
4714
4469
4714
4469
4714
4469
4714
4469
4714
4469
4714
4469
4714
4469
4714
4469
4714
4469
4714
4469
4714
4469
4714
4469
4714
4469
4714
4469
4714
4469
4714
4469
4714
7491
4758
4749
4758
4749
4758
4749
4758
4749
4758
4749
4758
4749
4758
4749
4758
4749
4758
4749
4758
4749
4758
4749
4758
4749
4758
4749
4758
4749
4758
4749
4758
4749
4758
4749
4758
4749
4758
4749
4758
4749
4758
4749
4758
4749
4758
4749
4758
4749
4758
4749
4758
4749
4758
4749
4758
4749
4758
4749
4758
4749
4758
4749
4758
4749
4758
4749
4758
4749
4758
4749
4758
4749
4758
4749
4758
4749
4758
4749
4758
4749
4758
4749
4758
4749
4758
4749
4758
4749
4758
4749
4758
4749
4758
4749
4758
4749
4758
4749
4758
4749
4758
4749
4758
4749
4758
4749
4758
4749
4758
4749
4758
8416
4698
4699
4698
4699
4698
4699
4698
4699
4698
4699
4698
4699
5569
4700
4698
4700
4725
4697
4674
4697
4674
4697
4674
4697
4674
4697
4674
4697
4674
4697
4674
4697
4674
4697
4674
4697
4674
4697
4674
4697
4674
4697
4674
4723
4686
4583
4686
4583
4686
4583
4686
4583
4686
4583
4686
4583
4686
4583
4686
4583
4686
4583
4686
4583
4686
4583
4686
4726
4682
4583
4682
4583
4682
4583
4682
4583
4682
4583
4682
4583
4682
4583
4682
4583
4682
4583
4682
4583
4682
4583
4682
4583
4682
4583
4682
4583
4682
4583
4971
4585
4650
4585
4650
4585
4650
4585
4650
4585
4650
4585
4650
4585
4650
4585
4650
4585
4827
4583
4666
4583
4666
4583
4666
4583
4666
4583
4666
4583
4666
4583
4666
4583
4666
4583
4666
4583
4666
4583
4666
4583
4666
4583
4666
4583
4666
4583
4666
4583
4666
4583
4666
4583
4666
4583
4666
4583
4666
4583
4666
4583
4666
4583
4666
4583
4666
4583
4666
4583
4666
4583
4666
4583
4666
4583
4666
4583
4666
4583
4666
5899
4666
4583
4666
4583
4666
4583
4666
4976
4666
4583
4666
4583
4666
4583
4666
4583
4666
4583
4666
4583
4666
4583
4666
4583
5164
4601
5425
6231
4654
4995
4654
4995
4654
4995
4654
4995
4654
4995
4654
4995
4654
4995
4654
4995
4654
4995
4654
4995
4654
4995
4654
4995
4654
4995
4654
4995
4654
5056
4542
4796
4582
4732
4582
4732
4582
4732
4582
4732
4582
4732
4582
4732
4582
4732
4582
4732
4582
4732
4582
4732
4582
4732
4582
4732
4582
4732
4582
4732
4582
4732
4582
4732
4582
4732
4582
4732
4582
4732
4582
4732
4582
4732
4582
4732
4582
4732
4582
4732
4582
4732
4582
4732
4582
4732
4582
4732
4582
4732
4582
4732
4582
4732
4582
4732
4582
4732
4582
4732
4582
4732
4582
4732
4582
4732
4582
4732
4582
4732
4582
4732
4582
4732
4582
4732
4582
4732
4582
4732
4582
4732
4582
4732
4582
4732
4582
4732
4582
4732
4582
4732
4582
4732
4582
4732
4582
4732
4943
4737
4568
4737
4568
4737
4568
4737
4568
4737
4568
4737
4568
4737
4568
4737
4568
4737
4568
4737
4568
4737
4568
4737
4568
4737
4568
4737
4568
4737
4568
4737
4568
4737
4568
4737
4568
4737
4568
4737
4568
4737
4568
4737
4568
4737
4568
4737
4568
4737
4568
4737
4568
4737
4568
4737
4568
4737
4568
4737
4568
4737
4568
4737
4568
4737
4568
4737
4568
4737
4568
4737
4568
4737
4568
4737
4568
4737
4568
4737
4568
4737
4568
4737
4568
4737
4568
4737
4568
4737
4568
4737
4568
4737
4568
4737
4568
4737
4568
4737
4568
4737
4568
4737
4568
4737
4568
4737
4568
4737
4568
4737
4568
4737
4568
4737
4568
4737
4568
4737
4568
4737
4568
4737
4568
4737
4568
4737
4568
4737
4568
4737
4568
4737
4568
4737
4568
4737
4568
4737
4568
4737
4568
4737
4568
4737
4568
4737
4568
4737
4568
4737
4568
4737
4568
4737
4568
4737
4568
4737
4568
4737
4568
4737
4568
4737
4568
4737
4568
4737
4568
4737
4568
4737
4568
4737
4568
4737
4568
4737
6883
4708
4552
4708
4552
4708
4552
4708
4552
4708
4552
4708
4552
4708
4552
4708
4552
4708
4552
4708
4552
4708
4552
4708
4552
4708
4552
4708
4552
4708
4552
4708
4552
4708
4552
4708
4552
4708
4552
4708
4552
4708
4552
4708
4552
4708
4552
4708
4552
4708
4552
4708
4552
4708
4552
4708
4552
4708
4552
4708
4552
4708
4552
4708
4552
4708
4552
4708
4552
4708
4552
4708
4552
4708
4552
4708
4552
4708
4552
4708
4552
4708
4552
4708
4552
4708
4552
4708
4552
4708
4552
4708
4552
4708
4552
4708
4552
4708
4552
4708
4552
4708
4552
4708
4552
4708
4552
4708
4552
4708
4552
4708
4552
4708
4552
4708
4552
4708
4552
4708
4552
4708
4552
4708
4552
4708
4552
4708
4552
4708
4552
4708
4552
4708
4552
4708
4552
4708
4552
4708
4552
4708
4552
4708
4552
4708
4552
4708
4552
4708
4552
4708
4552
4708
4552
4708
4552
4708
4552
4708
4552
4708
4552
4708
4552
4708
4552
4708
4552
4708
4552
4708
4552
4708
4552
4708
4552
7320
4502
5105
4502
5105
4502
5105
4499
5045
4442
5045
4442
5045
4442
5045
4442
5045
4442
5045
4442
5045
4442
5045
4442
5045
4442
5045
4442
5045
4442
5045
4442
5045
4442
5045
4442
5045
4442
5045
4442
5045
4442
5045
4442
5045
4442
5045
4442
5045
4442
5045
5945
5049
4446
5049
4446
5049
4446
5049
4446
5049
4446
5049
4446
5049
4446
5049
4446
5049
4793
5050
4434
5050
4434
5050
4434
5050
4434
4886
4404
4842
4404
4842
4404
4842
4404
4842
4404
4842
4404
4842
4404
4842
4404
4842
4404
4842
4404
4842
4404
4842
4404
4842
4404
4842
4404
4842
4404
4842
4404
4842
4404
4842
4404
4842
4404
4842
4404
4842
4404
4842
4404
4842
4404
4842
4404
4842
4404
4842
4404
4842
4404
4842
4404
4842
4404
4842
4404
4842
4404
4842
4404
4842
4404
4842
4404
4842
4404
4842
4404
4842
4404
4842
4404
4842
4404
4842
4404
4842
4404
4842
4404
4842
4404
4842
4404
4842
4404
4842
4404
4842
4404
4842
4404
4842
4404
4842
4404
4842
4404
4842
4404
4842
4404
4842
4404
4842
4404
4842
4404
4842
4404
4842
4404
4842
4404
4842
4404
4842
4404
4842
4404
4842
4404
4842
4404
4842
4404
4842
4404
4842
4404
4842
4404
4842
4404
4842
4404
4842
4404
4842
4404
4842
4404
4842
4404
4842
4404
4842
4404
4842
4404
4842
4404
4842
4404
4842
4404
4842
4404
4842
4404
4842
4404
4842
4654
4828
4369
4828
4369
4828
4369
4828
4369
4828
4369
4828
5688
4828
4369
4828
4369
4828
4369
4828
4369
4828
4369
4828
4369
4828
4369
4828
4369
4828
4369
4828
4369
4828
4369
4828
4369
4828
4369
4828
4369
4828
4369
4828
4369
4828
4369
4828
4369
4828
4369
4828
4369
4828
4369
4828
4369
4828
4369
4828
4369
4828
4369
4828
4369
4828
4369
4828
4369
4828
4369
4828
4369
4828
4369
4828
4369
4828
4369
4828
4369
4828
4369
4828
4369
4828
4369
4828
4369
4828
4369
4828
4369
4828
4369
4828
4369
4828
4369
4828
4369
4828
4369
4828
4369
4828
4369
4828
4369
4828
4369
4828
4369
4828
4369
4828
4369
4828
4369
4828
4369
4828
4369
4828
4369
4828
4369
4828
4369
4828
4369
4828
4369
4828
4369
4828
4369
4828
4369
4828
4369
4828
4369
4828
4369
4828
4369
4828
4369
4828
4369
4828
4369
4828
4369
4828
4369
4828
4369
4828
4369
4828
4369
4828
4369
4828
4369
4828
4369
4828
4369
4828
4369
4828
4369
4828
4369
4828
4369
4828
4369
4828
4369
4828
4369
4828
4369
4828
4369
4828
4369
4828
4369
4828
4369
4828
4369
4828
4369
4828
4369
4828
4369
4828
4369
4828
4369
4828
4369
4828
4369
4828
4369
4828
4369
4828
4369
4828
4369
4828
4369
4828
4369
4828
4369
4828
4369
4828
4369
4828
4369
4828
4369
4828
4369
4828
4369
4828
4369
4828
4369
4828
4369
4828
4369
4828
4369
4828
4369
4828
4369
4828
4369
4828
4369
4828
4369
4828
4369
4828
4369
4828
4369
4828
4369
4828
4369
4828
4369
4828
4369
4828
4369
4828
4369
4828
4369
4828
4369
4828
4369
4828
4369
4828
4369
4828
4369
4828
4369
4828
4369
4828
4369
4828
4369
4828
4369
4828
4369
4828
4369
4828
4369
4828
4369
4828
4369
4828
4369
4828
4369
4828
4369
8742
4430
5038
4430
5038
4430
5038
4430
5038
4430
5038
4430
5038
4430
5038
4430
5038
4430
5038
4430
5038
4430
9238
4416
5037
4416
5037
4416
5037
4416
5037
4416
5037
4416
5037
4416
5037
4416
5037
4416
5037
4416
5037
5020
5037
4416
5037
4416
5037
4416
5037
4416
5037
4416
5037
4416
5037
4416
5037
4416
5037
4416
5037
4416
5037
4416
5037
4416
5037
4416
5037
4416
5037
4416
5037
4416
5037
4416
5037
4416
5037
4416
5037
4416
5037
4416
5037
4416
5037
4416
5037
4416
5037
4416
5037
4416
5037
4416
5037
4416
5037
4416
5037
4416
5037
4416
5037
4416
5037
4416
5037
4416
5037
4416
5037
4416
5037
4416
5037
4416
5037
4416
5037
4416
5037
4416
5037
4416
5037
4416
5037
4416
5037
4416
5037
4416
5037
4416
5037
4416
5037
4416
5037
4800
5158
4497
5158
4497
5158
4497
5158
4497
5158
4497
5158
4497
5158
4497
5158
4497
5158
4497
5158
4497
5158
4497
5158
4497
5158
4497
5158
4497
5158
4497
5158
4497
5158
4497
5158
4497
5158
4497
5158
4497
5158
4497
5158
4497
5158
4497
5158
4497
5158
4497
5158
4497
5158
4497
5158
4497
5158
4497
5158
4497
5158
4497
5158
4497
5158
4497
5158
4497
5158
4497
5158
4497
5158
4497
5158
4497
5158
4497
5158
4497
5158
4497
5158
4497
5158
4497
5158
4497
5158
4497
5158
4497
5158
4497
5158
4497
5158
4497
5158
4497
5158
4497
5158
4497
5158
4497
5158
4497
5158
4497
5158
4497
5158
4497
5158
4497
5158
4497
5158
4497
5158
4497
5158
4497
5158
4497
5158
4497
5158
4497
5158
4497
5158
4497
5158
4497
5158
4497
5158
4497
5158
4497
5158
4497
5158
4497
5158
4497
5158
4497
5158
4497
5158
4497
5158
4497
5158
4497
5158
4497
5158
4497
5158
4497
5158
4497
5158
4497
5158
4497
5158
4497
5158
4497
5158
4497
5158
4497
5158
4497
5158
4497
5158
4497
5158
4497
5158
4497
5158
4497
5158
4497
5158
4497
5158
4497
5158
4497
5158
4497
5177
4502
5034
4502
5034
4502
5034
4502
5034
4502
5034
4502
5034
4502
5034
4502
5034
4502
5034
4502
5034
4502
5034
4502
5034
4502
5034
4502
5034
4502
5034
4502
5034
4502
5034
4502
5034
4502
5034
4502
5034
4502
5034
4502
5034
4502
5034
4502
5034
4502
5085
4502
5034
4502
5034
4502
5034
4502
5034
4502
5034
4502
5034
4502
5034
4502
5034
4502
5034
4502
5034
4502
5034
4502
5034
4502
5034
4502
5034
4502
5034
4502
5034
4502
5034
4502
7251
4435
5103
4435
5103
4435
5103
4435
5103
4435
5103
4435
10150
4495
5175
4495
5175
4495
5175
4495
5175
4495
5175
4495
5175
4495
5175
4495
5175
4495
5175
4495
5175
4495
5175
4495
5175
4495
5175
4495
5175
4495
5175
4495
5175
4495
5175
4495
5175
4495
5527
4551
5082
4551
5082
4551
5082
4551
5082
4551
5082
4551
5082
4551
5082
4551
5082
4551
5082
4551
5082
4551
5082
4551
5082
4551
5082
4551
5082
4551
5112
4569
5008
4569
5008
4569
5008
4569
5008
4569
5008
4569
5008
4569
5008
4569
5008
4569
5008
4569
5008
4569
5008
4569
5008
4569
5008
4569
5008
4569
5008
4569
5008
4569
5008
4569
5008
4569
5008
4569
5008
4569
5008
4569
5008
4569
5008
4569
6278
4613
5064
4613
5064
4613
5064
4613
5064
4613
5064
4613
5064
4613
5064
4613
5064
4613
5064
4613
5064
4613
5064
4613
5064
4613
5064
4613
5064
4613
5064
4613
5064
4613
5076
4518
4968
4518
4968
4518
4968
4518
4968
4518
4968
4518
6065
4569
5948
4518
4968
4518
4968
4518
4968
5827
4968
4514
4968
4514
4968
4514
4968
4514
4968
4514
4968
4514
4968
4514
4968
4514
4968
4514
4968
4514
4968
4514
4968
4514
4968
4514
4968
4514
4968
4514
4968
4514
4968
4514
4968
4514
4968
4514
4968
4514
4968
4514
4968
4514
4968
4514
4968
4514
4968
4514
4968
4514
4968
4514
4968
4514
5202
4566
5016
4566
5016
4566
5016
4566
5016
4566
5016
4566
5016
4566
5016
4566
5016
4566
5016
4566
5016
4566
5016
4566
5016
4566
5016
4566
5016
4566
5016
4566
5016
4566
5016
4566
5016
4566
5016
4566
5016
4566
5016
4566
5016
4566
5016
4566
5016
4566
5016
4566
5016
4566
5016
4566
5016
4566
5016
4566
5016
4566
5016
4566
5016
4566
5016
4566
5016
4566
5016
4566
5016
4566
5016
4566
5016
4566
5016
4566
5016
4566
5016
4566
5016
4566
5016
4566
5016
4566
5016
4566
5016
4566
5016
4566
5016
4566
5016
4566
5016
5167
4966
4531
4966
4531
4966
4531
4966
4531
4966
4531
4879
4576
4820
4576
4820
4576
4820
4576
4820
4576
4820
4576
4820
4576
4820
4576
4820
4576
4820
4576
4820
4576
4820
4576
4820
4576
4820
4576
4820
4576
4820
4576
5878
4567
5042
4575
4840
4575
4840
4575
4840
4575
4840
4575
4840
4575
4840
4575
4840
4575
4840
4575
4840
4575
5247
4574
4844
4574
4844
4574
4844
4574
4844
4574
4844
4574
4844
4574
4844
4574
4844
4574
4844
4574
4844
4574
4844
4574
4844
4574
4844
4574
4844
4574
4844
4574
4844
4574
4844
4574
4844
4574
4844
4574
4844
4574
4844
4574
4844
4574
4844
4574
4844
4574
5014
4574
5285
4574
4844
4574
4844
4574
4844
4574
4844
4574
4844
4574
4844
4574
4844
4574
4844
4574
4844
4574
4844
4574
4844
4574
4844
4574
4844
4574
4844
4574
4844
4714
4844
4574
4844
4574
4844
4574
4844
4574
4844
4574
4844
4574
4844
4574
4844
4574
4844
4574
4844
4574
4844
5890
4844
4574
4844
4574
4844
4574
4844
4574
4844
4574
4844
4574
4844
4574
4844
4574
4844
4574
4844
4574
4844
4574
4844
4574
4844
4574
4844
4574
4844
4574
4844
4574
4844
4574
4844
4574
4844
4574
4844
4574
4844
4574
4844
4574
4844
4574
4844
4574
4844
4574
4844
4574
4844
4574
4844
4574
4844
4574
4844
4574
4844
4574
4844
4574
4844
4574
4844
4574
4844
4574
4844
4574
5474
4516
4804
4516
4804
4516
4804
4516
4804
4516
4804
4516
4804
4516
4804
4516
4804
4516
4804
4516
4804
4516
4804
4516
4804
4516
4804
4516
4804
4516
4804
4516
4804
4516
4804
4516
4804
4516
4804
4516
4804
4516
4804
4516
4804
4516
4804
4516
4804
4516
4804
4516
4804
4516
4804
4516
4804
4516
4804
4516
4804
4516
4804
4516
4804
4516
4804
4516
4804
4516
4804
4516
4804
4516
4804
4516
4804
4516
4804
4516
4804
4516
4804
4516
4804
4516
4804
4516
4804
4516
4804
4516
4804
4516
4804
5563
4804
4507
4804
4507
4804
4507
4804
4507
5386
4562
4852
4562
4852
4562
4852
4562
4852
4562
4852
4562
4852
4562
4852
4562
4852
4562
4852
4562
4852
4562
4852
4562
4852
4562
4852
4562
4852
4562
4852
4562
4852
5143
4852
4564
4852
4564
4852
4564
4852
4564
4852
4564
5630
4564
4844
4564
4844
4564
4844
4564
4844
4564
4844
4564
4844
4564
4844
4564
4844
4564
4844
4564
4844
4564
4844
4564
4844
4564
4844
4564
4844
4564
4844
4564
4844
4564
4844
4564
4844
4564
4844
4564
4844
4564
4844
4564
4844
4564
4844
4564
4844
4564
4844
4564
4844
4564
4844
4564
4844
4564
4844
4564
4844
4564
4844
4564
4844
4564
4844
4564
4844
4564
4844
4564
4844
4564
4844
4564
4844
4564
4844
4564
4844
4564
4844
4564
4844
4564
4844
4564
4844
4564
4844
4564
4844
4564
4844
4564
4844
4564
4844
4564
4844
4564
4844
4564
4844
4564
4844
4564
4844
4564
4844
4564
4844
4564
4844
4564
4844
4564
4844
4564
4844
4564
5536
4263
4549
4263
4549
4263
4549
4263
4549
4263
4549
4263
4549
4263
4549
4263
4549
4263
4549
4263
4549
4263
4549
4263
4549
4263
4549
4263
4549
4263
4549
4263
4549
4263
4549
4263
4549
4263
4549
4263
4549
4263
4549
4263
4549
4263
4549
4263
4549
4263
4549
4263
4549
4263
4549
4263
4549
4263
4549
4263
4549
4263
4549
4263
4549
4263
4549
4263
4549
4263
4549
4263
4549
4263
4549
4263
4549
4263
4549
4263
4549
4263
4549
4263
4549
4263
4549
4263
4549
4263
4549
4263
4549
4263
4549
4263
4549
4263
4549
4263
4549
4263
4549
4263
4549
4263
4549
4263
4549
4263
4549
4263
4549
4263
4549
4263
4549
4263
4549
4263
4549
4263
4549
4263
4549
4263
4549
4263
4549
4263
5369
4263
4578
4263
4578
4263
4578
4263
4578
4263
4578
4263
4578
4263
4578
4263
4578
4263
5809
4263
4578
4263
4578
4263
4578
4263
4578
4263
4578
4263
4578
4263
4578
4263
4578
4263
4578
4263
4578
4263
4578
4263
4578
4263
4578
4263
4578
4263
4578
4263
4578
4263
4578
4263
4578
4263
4578
4263
4578
4263
4578
4263
4578
4263
4578
4263
4578
4263
4578
4263
4578
4263
4578
4263
4578
4263
4578
4263
4578
4263
4578
4263
4578
4263
4578
4263
4578
4263
4578
4263
4578
4263
4578
4263
4578
4263
4578
4263
4578
4263
4578
4263
4578
4263
4578
4263
4578
4263
4578
4263
4578
4263
4578
4263
4578
4263
4578
4263
4578
4263
4578
4263
4578
4263
4578
4263
4578
4263
4578
4263
4578
4263
4578
4263
4578
4263
4578
4263
4578
4263
4578
