19.534031413612567
1433.0186113099498
167.86312640239342
160.6535433070866
0.5673688928731511
1.2792971558393007
32.78187177597642
1.9865403788634097
14.683124539425203
14.902767389678385
14.683124539425203
4.999167707032876
17.705232129697862
0.6799421485389828
1.4237333873035147
15.784592370979805
18.93662490788504
19.219895287958114
80.70744288872513
1.9260069254601786
2.2365400667779634
2.532431025507548
0.32730656359602034
0.6874279861733453
15.399410464259395
15.629768137621541
15.399410464259395
15.629768137621541
1.2821171903687771
14.34523052464229
135.38109527381846
1.0003143947900293
16.41267501842299
1.1068481171776794
0.9774445308504452
26.49214659685864
0.6934637129341179
5.1611468116658425
14.531663187195546
4.319409761634506
1.2743448722096409
14.513633014001474
14.730740463724757
14.513633014001474
2.3417945690672965
