0.8365804409517572
19.90844155844156
20.223614775725594
37.699033692491874
41.518080342223115
0.7691042799068195
11.106860158311346
2.4580557116480692
13.739332721150904
143.1326530612245
77.1769587503051
201.65433673469389
0.9538278492966847
0.8834534843803639
76.69794721407625
207.02374670184696
0.8240595611285266
0.3765833801987092
4.268836648583484
16.61617458279846
51.76342642320086
7.434340118187787
14.800653594771243
1.2575070821529746
0.8167040564892796
0.6874433387728112
3.3544756119349652
5.743829684868896
2.9010720111862036
0.8628538638102525
2.659577177789098
0.7337811827754085
12.825197889182059
13.353246753246752
0.9597314556779565
26.295152603231596
96.5484508899143
95.7281045751634
0.9547797563261481
13.316993464052288
0.43526975046848804
7.824856022842763
129.99443118536198
619.839498018494
75.72951176983435
