1.025915771823807
9.564415646133194
2.47844786432526
9.04425036062922
1.0902408971947743
7.129475187411759
10.793348444570794
38.516031281690594
18.861620050187586
1.1745231683975432
0.9732896515532256
6.882546694413335
2.095744793873973
9.483434714809984
1.0531656188530223
7.107180535345108
11.789399752854626
37.142372208200236
19.16160334977939
1.1887529591412798
1.0079701784324184
9.145724937881095
2.3512334923290883
9.96339365427707
1.1156562189442971
7.781081649164062
13.473316926389815
39.3366499771643
14.96317078531589
1.1400069761277214
