4.238852559895515
0.8779756991131236
0.24798166321037898
16.527706307140363
5.229742928665649
4.01163048497709
5.9927275635358805
17.032113827534122
11.225505744320213
6.610594162400882
4.380254811149084
0.8555594211682288
0.24278705084458269
19.003985275276822
6.0504624185043365
4.198828355290178
5.148061258591229
14.164622008827285
12.603907964705877
6.30774620073239
3.9793770446544054
0.8680347560762758
0.25535410130840375
16.42553129413148
5.969866927990738
4.421382865515154
5.133069460171138
15.581159763088229
11.46452284770672
6.526221140439617
