1.0074571785642232
9147.56158663883
10237.571261682244
10237.571261682244
10237.571261682244
5921.22429906542
5921.22429906542
5921.22429906542
1516.3480613165013
1308.4438114966338
109.73599118501453
6413.901639344263
6303.186421173763
6413.8981264637005
6303.186421173763
6413.8981264637005
6303.186421173763
6413.8981264637005
1746.3948292371529
6391.886682242991
6391.886682242991
6391.886682242991
6391.886682242991
6391.886682242991
6391.886682242991
6391.886682242991
6391.886682242991
6391.886682242991
6391.886682242991
6391.886682242991
6391.886682242991
6391.886682242991
81.55748746867168
1190.8787741203178
6036.614499424626
6142.644028103045
6036.614499424626
6142.644028103045
6036.614499424626
1552.2138384470884
5705.1449942462605
5805.6405152224825
5705.428078250863
5805.6405152224825
5705.428078250863
