164.04433270892898
2565.1104830421377
2569.432859399684
2507.3756423432683
2405.21906266456
2347.127954779034
2405.21906266456
2347.127954779034
2405.21906266456
2347.127954779034
2405.21906266456
2347.127954779034
2405.21906266456
2347.127954779034
2405.21906266456
2347.127954779034
120.56482460113745
2414.8210685483873
2463.7881136950905
2402.938508064516
2463.7881136950905
2402.938508064516
2463.7881136950905
2402.938508064516
2463.7881136950905
2402.938508064516
2463.7881136950905
2402.938508064516
2463.7881136950905
2402.938508064516
2463.7881136950905
2402.938508064516
977.1212264150944
2086.0996978851963
2165.639832723471
53.276683881341384
2041.6793733681461
1990.147582697201
2756.780678851175
2686.6335877862593
2756.780678851175
2686.6335877862593
2756.780678851175
50.86079379027534
1794.7157622739019
