0.013886465000013004
0.00039146299999970324
0.00045410699999592907
0.0003863750000050459
0.0003591890000507192
0.03407294499999125
0.00035999199997149844
0.012932089999992513
0.00034139399997457076
0.0003905010000266884
0.0004419449999772951
0.0004863049999812574
0.0003935870000191244
0.0004287900000008449
0.00033559100000957187
0.00038857800001323994
0.011373683999977402
0.0003696089999607466
0.00036513399999194007
0.00036034599997947225
0.0003856780000432991
0.0004161310000085905
0.0003382319999900574
0.000396894000004977
0.03090980999996873
0.0003708819999701518
0.03129981299997553
0.00034240899998394525
0.0003413449999811746
0.029789753999978075
0.0003728169999703823
0.013807310000004236
0.00037764100000003964
0.00036921199995276766
0.0003355329999976675
0.0004422009999984766
0.00044544399997903383
0.012892147000002296
0.0003457409999896299
0.012056297000015093
0.00040268599997261845
0.0003606490000152007
0.028720972000030542
0.0003358779999871331
0.0003261360000124114
