0.09284786599982908
0.09985546000007162
0.10685400599959394
0.09890387100040243
0.09724986799938051
0.1020293709998441
0.12184607000017422
0.10172003200023028
0.09683218800000759
0.10727311800019379
0.11940830799994728
0.09063946199967177
0.08985485700031859
0.09433501100011199
0.08809278800072207
0.09113380700000562
0.09700724699996499
0.09471277299962821
0.10487922199990862
0.13477152199993725
0.1255339270001059
0.15330263699979696
0.09274197800004913
0.08686880300047051
0.12318064900046011
0.12824403799913853
0.1154010529999141
0.0971857929998805
0.11784217100012029
0.12947618500038516
