0.10041092800020124
0.1034203230001367
0.10934501000065211
0.10586287700061803
0.09735333800017543
0.09368042200003401
0.09988985900054104
0.12743913599933876
0.1151902430001428
0.12866620600016176
0.09226256100009778
0.14784270899963303
0.10754769800041686
0.09485250000034284
0.1031804270005523
0.09610187100042822
0.09295531199950346
0.09466533100021479
0.09672385000067152
0.09653393699954904
0.08773051299976942
0.11449993400037783
0.11863657100002456
0.09142700299980788
0.10656823999943299
0.10964231999969343
0.1152254400003585
0.11030876700078807
0.11104025500026182
0.10120947700033867
