1.2328281624042503
27.589818298506298
308.946481854675
44.495894916773736
318.37376466656707
25.15525572648588
310.73985877441913
189.09818830043048
329.18806037995284
251.10301584403481
189.56923105363347
58.17947873413753
490.4047865660336
49.24499387059723
177.12387923185904
329.450815945036
415.734523736868
190.68694036453581
195.6939747814952
221.98374834425388
341.91689169638283
509.26258706471793
383.13675812918194
313.7564077945593
399.49586435228923
334.9558770190875
424.69347259105217
49.20328127730359
438.44508698648843
216.0234576915471
