252.2869587062596
144.51135732849764
13.280806875761145
178.4068690991004
295.42194151227994
136.30814767906207
31.996990045290556
205.2340701596509
24.766979910354454
159.60498658674132
118.10765563989165
100.33801212060123
44.74236977243304
153.3109122706354
61.043661409721544
179.1147442851109
40.668897164542855
124.46861450702367
36.31469918283673
105.50972986298616
114.10291386789278
55.822827840427365
174.8000941807359
52.697884742470904
86.83663390724426
12.394279981641112
200.1735977986273
130.75780420824034
248.6114761794315
119.32380920690254
