198.41483804729486
59.604222595296726
1888.3353322024948
200.96448688505467
1585.6490862341936
1285.0905624141426
491.4529927841727
28.133298844036418
24.98643926911776
184.37487951473807
59.94684027873552
856.1268565843134
228.00226940379667
67.5242139689399
25.426751976656966
58.31851183671456
15.106768243612281
163.84407904121565
0.5783353894594501
38.288455849752154
8251.202185925446
211.94152307697814
119.44736323010544
8692.592381423732
0.01912779604428937
726.7623724631503
103.05502731417607
1028.7716153610354
3377.9584130388575
200.016495866511
