1.0018724166523885
8458.298228817615
20641.655373831774
20977.45093457944
172.377876177767
19965.96018735363
19621.31990794016
19965.95667447307
181.96871696251472
12957.445180279617
20263.711162255466
20619.631147540982
20263.711162255466
20619.631147540982
20263.711162255466
20619.631147540982
20263.711162255466
20619.631147540982
20263.711162255466
20619.631147540982
20263.711162255466
20619.631147540982
20263.711162255466
20619.631147540982
20263.711162255466
20619.631147540982
180.6780490796292
13173.212028542304
129.5751028155647
2222.15154787617
14207.446490218643
2280.977212971078
133.33230668965228
13280.449048152295
127.14649471919704
14649.745901639344
14396.723820483314
14649.593676814988
14004.062140391254
2367.782770800628
135.42877979663277
15163.887587822013
14677.036823935558
2470.4900814366256
13614.703107019563
