8721.893152746426
8592.584136397332
8721.893152746426
93.29431639359437
1468.1782337773957
9867.00144404332
8605.958490566038
8233.137184115523
8605.958490566038
8233.137184115523
6852.7965629354385
10622.081353491722
971.2054243219598
7991.992800575954
2695.068869978231
9804.307415406767
10277.683018867925
2079.8314932126696
1109.396256123163
911.875857519789
89.32018292048085
8380.581886792454
7971.475233309404
8380.577358490566
1932.1884260066236
8340.831452219714
8192.59793052476
2218.155784877952
8047.002879769619
915.5539173667066
7711.806498194946
2403.400357639579
8733.80072202166
9129.00679245283
7906.298916967509
8264.32
7906.298916967509
1287.5772222222222
8366.927797833934
9468.943396226416
9058.736462093862
9468.943396226416
9058.736462093862
9468.943396226416
1254.1814831360286
