6952.66211825861
7095.588196286472
6984.430156657963
99.43755643567897
7241.138671875
1168.2497308934337
7056.592977893368
7056.305591677503
7056.305591677503
94.76645318694725
7062.254545454545
6985.141939627489
7062.250649350649
6985.141939627489
7062.250649350649
6985.141939627489
7062.250649350649
6985.141939627489
7062.250649350649
96.81549969210707
6960.37890625
6831.114376996805
6960.087239583333
6831.114376996805
0.7377280622212318
98.21329933955779
7398.724160631995
7302.283300844704
1359.177199756147
8591.536287732819
8677.832682291666
8560.790622992936
8677.832682291666
8560.790622992936
1567.6789161098739
8237.959037711313
8254.905820797907
8206.600130039013
1687.2142269736842
109.23561441972468
8003.242264647794
1178.5586251204625
2324.7701195219124
5477.09144295302
96.65211178564314
