0.08616691200001014
0.09015703499997585
0.0890152230000183
0.08346257900001319
0.08726244199999655
0.08735870800001067
0.08866137999999069
0.09209414900001889
0.09000131099998043
0.0900902060000135
0.08542035299998929
0.08817798999999127
0.08665141000000176
0.08367262100000517
0.0821362620000059
0.0855102630000033
0.08316016899999568
0.08630843500000651
0.08659213199999272
0.09021695799998497
0.08199073499997667
0.08312012999999752
0.08851568499994755
0.08983688000000711
0.08447835800001258
0.08405252700003985
0.08814174400004049
0.09040163500003473
0.08578572800001893
0.08601637299994991
0.08584981799998559
0.08657476199999792
0.08536261099999365
0.0836283550000303
0.0849180840000372
0.08397799499999792
0.08509286599996813
0.0866254140000251
0.08611133700003393
0.08441467799997326
0.083254366999995
0.08318295600003012
0.08403279999998858
0.08902558099998714
0.08860431900001231
