0.1193236330000218
0.11654278200001045
0.09982843199998115
0.10415944300001456
0.06868125900001587
0.10703302399997483
0.10594233299997313
0.1096347909999622
0.10769083799999635
0.06972491400000536
0.0717807940000057
0.07087284700003238
0.06939557699996612
0.06973929200000839
0.07203325200003974
0.0711464249999949
0.0698802869999895
0.06902165799999693
0.09696913300001597
0.07257774700002528
0.07023948600004815
0.07039520099999663
0.07201438300000973
0.11212472799996931
0.10980599099997335
0.11036716700004945
0.09834449200002382
0.10243712499999447
0.1397748620000243
0.1297416310000017
0.11503393600003164
0.07107923600000277
0.0733479740000007
0.10770399199998337
0.1068028490000188
0.11878773300003331
0.10844652500003349
0.10036891900000455
0.10747621799998797
0.07279972400004908
0.07149917699996422
0.07209965800001328
0.06933719900001734
0.10363441000004059
0.12558164399996485
