1.2081859036726696
591.1386010362694
602.0567282321899
591.1386010362694
533.4043535620053
1.7438313994790433
681.4196959682749
13.041726016534751
21.459927863120775
1.4160859637937937
3.6988313261362475
1.2762104421667435
2.67215319416928
1.7553728565809787
9.855542960779868
1.8534939894476978
2.1655915823371616
418.58482142857144
3.4813474548289327
21.174231960879464
4.6400155730162105
881.6705426356589
1.2139392781390106
2.14830228175449
2.074666202701309
17.9264231870106
2.511209020659398
10.27805734544202
3.8192550463541326
1.4089199397807295
587.0
8.741917502787068
3.6759874928211347
14.84759987847486
1.496011911593836
1626.6847323198942
2.1710898640699408
891.6796308503625
1.4836380730644805
7.329025503608747
1.0110371494686023
421.3258426966292
406.547193877551
421.3258426966292
10.956527067435742
