94.43505664655562
292.3393197798005
0.2736754129050382
2348.9681692368526
8565.751261715934
331.2200924415443
0.23281963850236903
1833.1782102359791
375.29365955542295
9478.403918613414
308.3527420624508
307.85348785749846
0.2212235368043641
8088.509448223734
94.89775684200838
331.76273670984534
84.8269850083287
369.72804360993337
9268.861171366594
315.9345820442066
96.30773965993411
355.3041573660714
98.40656398758482
8827.648078372269
8397.335483870967
373.7933561309233
9405.375994215474
7364.873618784531
96.87617880261999
355.7400838439213
7976.312364425163
8300.804988662132
78.49746802975339
303.39542988915383
7478.23455978975
114.21640605756899
277.69700341785233
95.69690808908952
299.93379652040204
7616.318872017354
1995.0836467848826
8030.679163662581
2263.0127693535514
100.90277673389285
301.5831347855684
