164.15086970842418
6800.368421052632
6858.56616194865
6769.435997400909
3135.3762817654924
87.48916995396071
5677.889036544851
1176.1103491929528
1511.8294588060257
119.28827505956669
57.29656975849869
0.9517143260174059
0.9584775003496473
103.74713059889832
100.36910629258804
120.12998869772699
1.2856865505066946
9244.60129032258
0.39599875004670804
83.29521170098421
635.4935738804184
690.7007649884363
78.74367447404379
432.4326002393776
853.9765743550835
371.08511546671843
160.5056248578477
102.7130166357046
1.6712909413573878
497.2283973641676
5105.845857418111
124.02696285436552
93.17694378463975
6183.140131578947
78.3727108696103
1497.102160056657
0.9567166009605301
4829.908387096774
0.9540306454078494
89.67884278525923
140.69293300794004
5219.951250801796
5335.671503957784
5188.5041693393205
275.72600732600733
