27.114310200777894
41.022768995383075
8.059373259762928
7.692651994714043
4.471462769987234
4.68006502650079
0.9836489025178358
24.260982355557395
5.213774967300219
9.40279291201116
5.848509579049212
20.862009221854514
4.214846269666624
18.46452611652256
0.07909400098266148
7.864666553327604
3.1608116822812273
7.861718283121564
4.924680140687221
4.778289329253406
1.8101284791769243
1.1058762711516599
0.8952023934951356
5.227961981105064
2.7745814016734713
10.299204051072568
16.828545865979862
0.862636760505946
4.32260289036979
4.274245529463874
22.955193004016415
41.79130995073603
8.965107967127253
7.3192868615837465
3.9098955868648106
4.717577444231508
0.9283843248594434
24.91002933954686
5.055585595002902
9.53971483159072
5.915941088602224
22.142161793307174
3.9866929183469306
20.350047393588113
0.07921656894548791
7.001741015542182
3.4432397189967405
8.42243414974371
4.500813815217686
4.658516813067584
1.841522970702857
1.119787794876812
0.9578554775770958
4.935471357857069
3.199665938870712
10.304764875285114
16.316561263038718
0.8259103182434983
4.233890946140332
4.717711236896564
