0.9258580593074373
14.657043576879873
1.4853674689088774
2.864146659834612
8.582016615055844
6.738018052186258
8.401451223375203
2.017568762572671
7.920079119911284
12.175253996494211
10.557158609488702
6.296021631689787
6.893762486546318
8.650829560953678
6.866156598010361
1.3274698942853775
12.340226956893328
7.959622438677547
10.776813297246196
12.031015907689946
6.509397012927948
7.941051395514025
0.7041674555179895
6.450991649369187
6.532695421538514
5.453497529080802
0.9803706703003584
5.959915856181162
4.797007359599572
19.637412074462056
0.8538375535776295
14.706887233377579
1.5117750663126028
2.745474055543658
10.129151655140923
6.166823089704157
7.479147051636871
2.2287373908354677
6.9222196281358785
11.657511173453248
12.329663146535378
5.849748696350058
6.325499182089638
9.361983169972014
6.207239717803896
1.2662264135295898
12.880982775861344
7.040808459860331
11.246484063734345
13.876012872924251
5.69317260539729
8.386333363375302
0.7597475158670652
7.058607430635636
6.520925257972089
5.191186546442717
1.0326277342751158
6.679108876444838
5.030218222814226
18.192929491043547
