7.020534547062206
14.52246304897321
2.17551933546266
69.90144812179688
76.7530749478379
4.328110381276976
2.3615513297950286
4.892044970816027
27.4783767864761
42.01991753897974
0.9485259129214015
0.9670187732861879
0.9748666335961944
0.926901117341436
2.6023848977506043
22.28321137305012
52.709628529193864
15.192466848204912
7.325176798846716
1.311040153372602
0.8991407442485635
0.4311852890356993
66.18828003828507
46.77223054139797
1.0570234250816626
4.041590076156457
1.0203451032991036
0.532659579167491
7.697578857451594
6.96818454087672
14.441348938182271
2.3152745066200744
58.009281300845196
59.1259310531376
4.734824382335678
2.4288134103883636
5.624528278268858
27.337905188857775
41.88389152369631
0.9456149204316276
0.9349380033919132
1.0060409082043402
0.906622884866964
2.4674916079851617
23.332888867518527
44.42563966406906
16.752831712894956
7.293109453399483
1.3440202284877523
0.955467058171338
0.4270037844682329
63.54898837410418
50.40426206979235
1.0782529545780672
4.381594142026099
0.9804497680478912
0.5386388065072145
8.336484991042605
