3.2482161060142714
6.519105984138428
0.04788491159266354
7.149926686217009
2.015801729873586
10.077449721865639
13.678254437869823
8.535957842529449
0.24246008279124778
2.367792421746293
0.5898978022971874
2.817319277108434
3.110524463217177
5.08542413381123
2.0369191597708465
2.8715116279069766
2.738898756660746
0.28115462868769076
2.2386363636363638
5.607193563653573
7.918691125433813
7.39355992844365
1.4658830275229358
5.876461988304094
0.6029134155549962
13.867378048780488
2.1491814076025593
34.48949320148331
2.7296438722621637
14.506376948512045
