4.9826302729528535
2.8207297726070863
7.038610038610039
2.042253854716847
9.161647203441918
1.1909711118217674
7.475719424460432
0.5696261248724371
5.393405600722674
2.5274892323283504
20.75965327029157
0.9473936570998014
10.715713492504165
4.129341317365269
16.39240506329114
1.310182207931404
7.549668874172186
3.8981097279852466
2.9271781534460337
2.2502744237102084
10.487679211469533
12.888824884792626
1.6756018439474134
3.2193037974683545
3.381993569131833
21.805223068552774
2.5371687136393017
2.349468918683615
3.6584938704028023
10.316921908619163
