8.231897926634769
159.3753461069886
80.39902424600828
43.359453993933265
10.983036357091432
0.7267357008826186
88.2519422863485
290.3749603803486
14.64448641580706
5.044261800633389
33.2645101171459
14.257347771058923
0.7256800126269269
2.158623136976579
49.712729869666134
35.90956902848795
68.71995332555426
3.754722121322194
0.9431809212380898
8.566742003972331
95.20518468315825
38.66600047965465
0.7989639189312006
70.35149186256781
0.9176740217477578
127.72464640385193
31.543728034603948
1.038427365615282
21.98319161558236
116.35331677899964
