0.10020073899067938
1.83063604705967
1.8466454079607502
1.9815226889913902
1.8648547240300104
1.8664629820268601
1.8698596820468083
1.880782015970908
1.9312760500470176
1.7782081499462947
2.0180768300779164
1.7301629990106449
2.043751833960414
1.8167480539996177
1.6188889578916132
2.018750141025521
1.8307695150142536
1.794794708956033
1.9149432150879875
1.9157606159569696
1.6415876729879528
1.8085938079748303
1.7456357349874452
1.850844644010067
1.8084467540029436
1.7801065089879557
1.7647743570851162
1.808257952099666
1.825195240904577
1.866354212979786
