1.9124785389285535
1.7878523509716615
1.8474578579189256
1.8838699179468676
1.8236602529650554
1.8179739729966968
1.999180179904215
1.8621176169253886
1.810425853007473
1.7972920800093561
1.8288433939451352
1.8685722150839865
1.9068442129064351
1.8238873420050368
1.7722957300720736
1.796851243940182
1.8317747769178823
1.9107749450486153
1.8517356840893626
1.8021857530111447
1.8346796510741115
1.8406722570070997
1.7702341789845377
1.8296559320297092
1.7784784400137141
1.8153296980308369
1.8173716210294515
1.921459391945973
1.8838823169935495
1.8681065130513161
