1.7892503519542515
1.6941162700532004
1.8156589400023222
1.8151710099773481
1.8200437469640747
1.7893974450416863
1.7270636999746785
1.7994884030194953
1.80777286097873
1.7925617808941752
1.828932148986496
1.792605806956999
1.8573499110061675
1.8599706829991192
1.8465559929609299
1.7571099970955402
1.7519851409597322
1.8458988040219992
1.8712023709667847
1.8295544690918177
1.8289076531073079
1.7560176380211487
1.7445661729434505
1.7686228199163452
1.7814020810183138
1.8002126869978383
1.7969834089744836
1.7842844249680638
1.7680640910984948
1.7012064759619534
