1.8026464560534805
1.7692921200068668
1.782269037910737
1.7994398340815678
1.8154244490433484
1.8692720790859312
1.8346651430474594
1.8278346449369565
1.801554448902607
1.7949448769213632
1.7876949070487171
1.8966730239335448
1.7633754540001974
1.7485006720526144
1.777176642906852
1.8119258149527013
1.7637366988928989
1.7729478139663115
1.8942550390493125
1.8740570679074153
1.9200586270308122
1.812400099937804
1.7671972160460427
1.8100065509788692
1.8236232859781012
1.737009190954268
1.6348429759964347
1.8164876810042188
1.851758382981643
2.0421686080517247
