0.11945454199999994
0.0005342910000001311
0.003951080999999856
0.00024255200000000698
0.0002367149999997764
0.0002672170000002083
0.0031428779999997936
0.0002586139999998238
0.00022881200000002266
0.0003201690000000923
0.00023044199999988635
0.0003884440000003764
0.0002286690000001812
0.0005151359999997496
0.0003494860000001765
0.00032237100000021
0.0003582380000004548
0.0002516560000005441
0.0003070520000001409
0.00022706299999963875
0.00022163999999946782
0.00026174299999937034
0.00023753299999995647
0.0031595669999999743
0.0002675870000006242
0.00023861999999930106
0.00028704899999976163
0.0007447880000004403
0.007379511999999977
0.0002329629999993088
0.0004205320000005841
0.000514659999999445
0.0077901919999998626
0.0002828909999994522
0.00024340499999908616
0.0004665240000001347
0.00023162699999978997
0.0003005470000001509
0.00026115400000037425
0.0005313979999996832
0.0026838280000003323
0.0003664770000000317
0.00022472000000028913
0.0006663190000004704
0.0025858749999994046
