0.0017668529999994576
0.005022036999999813
0.0007073650000002374
0.0035728360000000237
0.0005316979999996363
0.003876393000000533
0.001648449000001051
0.0006762079999997894
0.0025390680000008103
0.11687528700000094
0.00046712400000004095
0.000461624999999799
0.0040993119999992444
0.003713123999999013
0.0004475099999989851
0.00585887400000118
0.004479293999999356
0.0004419349999995603
0.000481122000000056
0.0004330110000001497
0.002011089999999882
0.0005550139999996873
0.0005465260000008243
0.0035706680000000546
0.0004433049999992278
0.00299355300000137
0.0005394820000006462
0.00045896700000014334
0.0004808670000002735
0.004061027999998856
0.0004444729999999453
0.0004341610000011542
0.005430053999999629
0.003714645000000516
0.0005378930000006221
0.00041554800000120906
0.00042838100000075485
0.0007164859999981843
0.000425816999999995
0.0015398530000005906
0.0029983480000019824
0.0005231839999986221
0.0005190599999984613
0.00045740899999913154
0.0004947130000019229
