0.00166119000000009
0.00031685399999759056
0.0003827510000036227
0.0035695209999957456
0.0005007279999986736
0.12864361500000143
0.0004348719999995865
0.005289996999998436
0.00043725799999805304
0.0004307920000030663
0.0020762229999959914
0.001727742999996451
0.0019757460000064953
0.0003992110000012872
0.002088501000002907
0.0004028540000007297
0.0019391450000014743
0.0028431220000015855
0.0008431759999965038
0.0036976829999986194
0.000476085999999043
0.00046894499999439176
0.0003539889999970569
0.00040320000000093614
0.0019713390000006825
0.0004218050000019957
0.0003998759999959134
0.00038977300000198056
0.2696997319999994
0.0007750249999958214
0.00033134200000262126
0.005674036999998577
0.0003856440000049588
0.0004470439999977316
4.208834956000004
0.00041414000000372653
0.00035317100000042956
0.0003784719999941899
0.00032814099999711743
0.00036626899999703255
0.002077262000000246
0.0004517509999999447
0.005232036999998968
0.8853661019999919
0.014969997999997986
