0.08479788400000388
0.08311658699999924
0.08092488999999858
0.0841141630000024
0.08423915600000242
0.08514586999999807
0.0815863400000012
0.08499382000000111
0.08773959499999506
0.08456731500000103
0.08468869099999665
0.08642010099999453
0.08571165200000053
0.08572320999999761
0.0861598569999984
0.08654744799999747
0.08605761900000175
0.08687289599999559
0.08430840800000539
0.08514789199999484
0.08505113399999686
0.08565202999999855
0.08614117799999832
0.08508701099999882
0.08426618800000085
0.08632289800000592
0.08541044199999703
0.08524648099999865
0.08667728199999658
0.0855596919999968
0.08868654900000195
0.0875497999999979
0.08559795900000466
0.08626865500000491
0.08589376700000173
0.08740415300000137
0.08689676099999843
0.08503088499999478
0.08510342200000309
0.08933497700000714
0.09119176900000525
0.09099738300000126
0.08758543699998711
0.08977363400001082
0.09012302300000385
