0.0813126289999957
0.08111543299999369
0.08093533099999206
0.08218482799999549
0.08088795399999071
0.08105312200000014
0.0811433270000066
0.08044651899999167
0.06499080400000423
0.06565539600001102
0.06591900899999814
0.06413534799999354
0.06464708599999369
0.06640021399999796
0.06758777599999632
0.06672431200000517
0.06688494600000183
0.06626067300000216
0.06617812400000389
0.0659753070000022
0.065760013000002
0.06424779099999967
0.06401442299998905
0.06520747700000129
0.0643120510000017
0.06351140900000019
0.06477747300000658
0.07888912800000014
0.07796921999999995
0.0757438420000085
0.07608019399999932
0.07697042599998838
0.0761596920000045
0.07635101799999688
0.07611075199999107
0.0821454029999984
0.08207981399999653
0.08245956300000046
0.08276935800000729
0.08221769799999379
0.0820799109999939
0.08219157099999563
0.08169508999999664
0.08259854000000644
0.0829352359999973
