2.02679547771526
18.923350929862107
69.1773265747771
54.37898549804643
82.86863180447885
79.47822113638962
43.53673209763571
72.83283765367553
70.80091591789441
66.93404763389074
53.453988950501
64.26533065033944
49.383035783589584
33.98680955796848
42.00808970851818
9.633448523903198
71.6876407390717
71.47931390301353
59.06834508572237
11.525863743582416
31.075077813500137
31.178401919360873
8.495858074566824
37.40939812036044
77.66902978832172
64.27159994247411
61.0977936836598
46.101854675967665
33.22982507778222
36.17030188504735
71.2711288493612
60.85103773223387
59.34575401286679
56.89958019111424
58.71140492423111
42.99063976377448
61.69757631855912
56.129337180334446
67.27947699089907
64.88834957534961
70.80931308812498
45.4587963553995
8.42442869656372
53.46646725510904
37.90626162901189
