23.026835016076742
5.952741997409211
0.9279612806263895
0.9634014812265467
303.1956977689495
0.9377549976459547
54.052739559106115
1.7284710872333218
115.96922104891794
12.663677913021507
0.06806407634325749
25.346665389639117
147.9901524117154
60.31415008737796
177.60594026649278
191.19528777604287
34.00874764941129
55.34673418894631
196.2897696549255
37.31414222198024
308.01557972881267
214.76752218581402
0.9691897307413244
0.6093597709045949
61.71401154173573
127.95335874254462
0.9561967414276146
965.024003338369
0.9237739735559565
207.2766402734551
3.0108006155361124
29.147989795266508
471.6110213866637
404.07114196110473
111.21977634247791
49.6650999734877
0.9985559511966337
155.53479247280885
765.2978273046988
805.4126234237823
0.9011246530042031
148.23438353691395
408.2398533502589
399.71785974783387
397.90004842691184
