0.005017847000004849
0.004639906999997834
0.017371276000005764
0.005503011000001834
0.0032664699999997993
0.002485856999996372
0.002700091999997767
0.003785073999999611
0.006486624000004326
0.0042673900000025355
0.005572195000006275
0.002840702000000306
0.002370564999999658
0.0038735559999949487
0.0024221259999990252
0.003921135000005904
0.005212153999998748
0.0033612610000020027
0.004053568999999868
0.004768433000002403
0.0022603099999969345
0.003178247000001022
0.002365521000001536
0.002494462999997893
0.0024570970000041825
0.0020636579999973037
0.0028485659999972768
0.003601005000000157
0.001907813000002534
0.008620980999999972
0.005248874999999487
0.005415120000002105
0.017620907000001296
0.005285981999996636
0.003185446000003367
0.002996224999996855
0.0028676769999975704
0.0037785880000029692
0.006285680000004845
0.004394939999997405
0.005922640000001422
0.0028538350000033574
0.002614176999998108
0.003958414999999604
0.002442524000002777
0.0036634260000028007
0.005125781000003826
0.0034522139999992874
0.004150334999998506
0.004954139000005853
0.002036482000001172
0.002971713999997405
0.0024598710000063306
0.0023883010000034233
0.002621738000001983
0.0022957139999988385
0.0029389050000006023
0.003931958000002567
0.0021029279999993378
0.008538996999995163
