0.003678725000000327
0.010431673999995894
0.020283038999998837
0.027943733000000748
0.02924154000000101
0.0022343740000039247
0.0025523079999985043
0.0020686109999985547
0.010729207000004237
0.03908419600000457
0.0557403329999957
0.054777201000000275
0.06788487800000098
0.03240806499999849
0.04016836000000268
0.016589940000002912
0.017319645999997135
0.006568143999999165
0.005671041999995907
0.005602029999998592
0.029421508999995183
0.05380752900000374
0.031708355999995774
0.05178799100000475
0.004486908000004064
0.0021327390000038804
0.033596441000000254
0.0026047650000009526
0.0037503220000019155
0.003617972000000691
0.010762241999998423
0.020512963999998135
0.028438063999999486
0.027251319000001217
0.0023930560000025025
0.002487784999999576
0.0022401089999988244
0.01065765500000282
0.041355609999996545
0.057365070999999546
0.05411430699999897
0.0709508599999964
0.03305841600000292
0.04060533799999888
0.016466393000001744
0.017904598999997745
0.006634958999995888
0.005507078000000831
0.0058628380000058655
0.03145900799999879
0.053713791999996374
0.03303320899999562
0.05226725400000021
0.004432782000002078
0.002325886000001276
0.031202055000001394
0.0026800059999985137
0.0036158670000006055
