0.0026851010000008557
0.0005528710000000103
0.0006356869999990522
0.0004682840000000965
0.00047150600000023246
0.0006228429999985963
0.00023110900000133938
0.00025430300000195416
0.0002777600000030134
0.0003909299999982352
0.0014825720000004594
0.0003092450000004021
0.00027868599999791854
0.00043208299999974997
0.0005534380000007388
0.0006855889999997089
0.0002192629999981932
0.00027017400000062253
0.0002892409999972756
0.0004030419999985213
0.0015349029999995878
0.0002499179999979617
0.00024381599999756531
0.00042685999999747537
0.0006328420000016877
0.0006953249999988032
0.00026768800000098736
0.0002616069999987758
0.0002532759999986922
0.0004114609999987806
