0.001223738999999835
0.004112147000000288
0.0005383989999998562
0.0013898279999997598
0.0004226060000003251
0.0004142620000000541
0.0008208089999999224
0.017583892000000212
0.0020569340000000658
0.0005175120000000533
0.00040828900000011714
0.0019741080000001965
0.0021478059999999743
0.0018604309999998847
0.0004899859999998313
0.003673587999999839
0.0024546690000000204
0.00042849099999964224
0.0005864669999997574
0.00042501099999991965
0.00150470200000008
0.00045166399999985174
0.00043334899999969423
0.0010235629999999496
0.0005777870000001073
0.0004153639999997516
0.0004878939999999332
0.0018853340000002383
0.0004296909999998988
0.0010201580000002153
0.0019524139999997914
0.000401157999999846
0.0004852889999997778
0.0003922399999995996
0.00040850400000014275
0.00047217599999971327
0.0011507200000000495
0.002894619000000098
0.00046587599999980966
0.0004506559999999382
0.00042782900000037927
0.00426283999999999
0.0007012870000000504
0.0005180789999998936
0.0004063320000007309
