0.00029345799999980215
0.00039253699999974856
0.001041120999999201
0.0003382009999999269
0.0003075309999998055
0.0007644490000000559
0.0003020479999999992
0.00032661200000028145
0.0017281919999998507
0.00032306499999990024
0.0021441239999999695
0.00030393399999972814
0.0028787159999996703
0.0004169379999998668
0.0019525510000004687
0.0003078170000003766
0.0011253520000007455
0.0003066260000004206
0.0029162099999995306
0.0013931669999998064
0.0003693269999995863
0.00032343499999942793
0.0003251239999997324
0.00033767800000017445
0.0003429999999999822
0.0003935150000007326
0.0032361480000000498
0.00036228799999982186
0.0003679509999994224
0.00035356700000033214
0.0031689310000002635
0.00035981699999965144
0.0003102489999999847
0.00039695799999961423
0.0003419449999997326
0.0006376550000002368
0.0005491009999998298
0.0003806769999998849
0.0017081899999995542
0.0002982039999999131
0.00033877999999987196
0.00031324699999935035
0.0006805690000000197
0.0002916820000002929
0.000302873999999953
