0.00183480500000055
0.0004147890000005816
0.0008010450000002223
0.00042233800000079924
0.00044250000000012335
0.0012823720000003647
0.0003702900000002174
0.0011401570000000305
0.00041192300000059134
0.0028060000000005303
0.00041684199999991733
0.0018422549999996818
0.06622479000000059
0.0008900179999997704
0.005712921999999843
0.0008769470000000723
0.0021757479999999774
0.00040510700000062627
0.0004205459999999661
0.0058811609999995795
0.004174886999999572
0.00045547199999873555
0.000848594000000702
0.0004906370000004046
0.0011106149999999815
0.00044637000000058435
0.0004447019999993529
0.0005210500000014662
0.00046536099999983094
0.00040969600000018147
0.0004235640000000984
0.0012192470000016442
0.0004045999999995331
0.00046582900000124994
0.00037378999999937434
0.00044399200000100336
0.0004879689999999215
0.0008420139999998355
0.00041585000000132766
0.0017405260000007416
0.001924588999999699
0.0010035639999994572
0.00043905100000074526
0.0010969809999998859
0.00040147500000031755
