0.0030280000000000307
0.025609216999999962
0.00040872700000005313
0.0005485630000000574
0.0004499520000000867
0.00041892900000006783
0.012066751999999958
0.0014357760000001107
0.0004693150000001367
0.012281868999999945
0.00039858100000000896
0.0028590409999997846
0.00041977399999981735
0.025342089000000012
0.00043117999999986445
0.0004442840000000725
0.0004530000000000367
0.00040839299999984036
0.000553642999999937
0.0004223430000001027
0.029559002000000056
0.0004611199999997595
0.001239492999999925
0.0003850830000000638
0.0016577490000000417
0.0012963849999998445
0.0004893559999998853
0.0013455940000000055
0.0020258330000000324
0.0003950969999999554
0.00240828500000001
0.00039634100000007777
0.0028984040000001876
0.004608575999999864
0.0005086329999999251
0.00045462299999998734
0.00040384900000001167
0.0004115439999998749
0.003204961999999867
0.0004651819999998974
0.00040162899999995894
0.004644564999999989
0.00045488700000007043
0.000423072999999885
0.0013598259999998419
