0.00030391800000018065
0.00028383999999981313
0.0003336490000003245
0.0010746230000000523
0.0003580580000002165
0.0024707990000001345
0.0009518029999999733
0.00032131399999979493
0.00033939299999996564
0.0022209320000001753
0.0020411060000000703
0.007262391000000257
0.00036998700000001605
0.0003207050000000322
0.00039433699999991134
0.03557249800000006
0.006995031000000207
0.0003169440000001522
0.018398005999999967
0.006578238999999542
0.0003023519999998392
0.00035388199999975
0.0018486660000003319
0.00039542499999978276
0.00037931399999990845
0.00032708599999997645
0.003635456000000037
0.00033681200000001965
0.00033332900000004884
0.0003217010000002851
0.00033853899999991555
0.00031493699999973757
0.0007713359999996783
0.00035523300000006586
0.005312284999999584
0.0003534780000000737
0.00032755999999967145
0.02597671899999998
0.0014992480000000086
0.00034842300000015314
0.000290797999999981
0.0003561759999999303
0.00032209600000010497
0.00030057400000016443
0.03882583800000017
