0.0003418359999995957
0.002118214000000229
0.0010898250000002108
0.000399982000000243
0.00035361000000033727
0.0034572900000000573
0.00033514600000028594
0.009509270999999764
0.06773133999999992
0.00034041699999942665
0.00033442899999958087
0.0003410049999992282
0.00035773399999960986
0.00039651800000051196
0.0017909369999999925
0.000327189000000061
0.00037599900000007125
0.00037113800000021513
0.002268002000000102
0.00043574499999987637
0.0011002520000005234
0.0003458849999997682
0.002819275000000232
0.0018458140000001677
0.002698729000000455
0.0003362229999996913
0.012137499000000496
0.001000912000000298
0.0004049850000003019
0.00034553800000036716
0.00037269999999978154
0.004073391999999565
0.0018225659999995258
0.0003281539999999694
0.0004663510000000315
0.00034187099999982706
0.00036864399999991804
0.00039124400000023485
0.006048076999999985
0.0003728460000003153
0.0003241049999997969
0.008455911999999621
0.0003769199999998918
0.00037945800000027674
0.008096597999999844
