0.013138474999999872
0.00036295999999946815
0.0035640189999996963
0.0003749310000005224
0.0003681880000003801
0.000353184000000617
0.0003845859999991319
0.000393209000000283
0.00039131499999989217
0.0003929910000000092
0.004381584999999966
0.000380297000000418
0.09276982800000066
0.0003344040000001769
0.0003399699999997452
0.007296124999999876
0.0003566020000000947
0.0003352559999996174
0.0003567320000001928
0.0003340050000000261
0.006316328000000482
0.2576324320000003
0.0012130519999997702
0.00036160099999982265
0.0921080450000007
0.00034245699999857493
0.00033570999999987805
0.002964460000001168
0.000357763000000233
0.005308237999999577
0.00032954199999934985
0.005326971999998875
0.0003467490000002016
0.0019349259999987822
0.0796629099999997
0.000327345000000534
0.00032577799999877755
0.0055379319999993015
0.00037752400000101716
0.002489643000000541
0.00038337199999993743
0.000330733000000194
0.00037808699999963835
0.00034208499999976993
0.0003253579999995537
