0.999782166715074
1.4317650984317651
13.980746089049338
16.084324324324324
6.641294439380127
13.380184331797235
2.061046511627907
3.1845597104945718
15.930094786729859
13.985202492211839
10.72867298578199
22.41857659831122
2.898948598130841
16.494715984147952
3.4163306451612905
2.8615384615384616
10.911860718171926
10.532183908045978
6.754512635379061
2.191670036393045
3.9405684754521966
1.692075145756856
3.2545289855072466
32.17548746518106
24.647359454855195
0.5551321138211383
5.310344827586207
1.9959448499594485
7.7445495680789795
0.6118415298953445
0.999782166715074
1.4317650984317651
13.980746089049338
16.084324324324324
6.641294439380127
13.380184331797235
2.061046511627907
3.1845597104945718
15.930094786729859
13.985202492211839
10.72867298578199
22.41857659831122
2.898948598130841
16.494715984147952
3.4163306451612905
2.8615384615384616
10.911860718171926
10.532183908045978
6.754512635379061
2.191670036393045
3.9405684754521966
1.692075145756856
3.2545289855072466
32.17548746518106
24.647359454855195
0.5551321138211383
5.310344827586207
1.9959448499594485
7.7445495680789795
0.6118415298953445
