4.760741138560688
10.234698573400829
2.076214833759591
3.654562383612663
6.575396825396825
9.33850267379679
7.917777777777777
1.0102507779608274
11.56376573617953
3.3680097255991663
2.703267010562515
0.7359771902540176
5.473160573808422
5.346597248047601
5.64851235501765
8.334018734292895
0.6418939720460562
4.243837084673098
1.0441275007179094
1.445211541865817
8.674321503131525
0.3848650073302914
1.6383336133042163
1.1526717557251909
2.747632920611799
0.607256455873632
1.2578249336870027
58.6203605514316
2.8774253514581156
2.1547420965058235
4.760741138560688
10.234698573400829
2.076214833759591
3.654562383612663
6.575396825396825
9.33850267379679
7.917777777777777
1.0102507779608274
11.56376573617953
3.3680097255991663
2.703267010562515
0.7359771902540176
5.473160573808422
5.346597248047601
5.64851235501765
8.334018734292895
0.6418939720460562
4.243837084673098
1.0441275007179094
1.445211541865817
8.674321503131525
0.3848650073302914
1.6383336133042163
1.1526717557251909
2.747632920611799
0.607256455873632
1.2578249336870027
58.6203605514316
2.8774253514581156
2.1547420965058235
