11.285
0.13038001259710266
4.504662004662005
6.72189349112426
4.204053109713487
7.984364377974167
5.99400299850075
2.291277258566978
2.912411227595536
6.088757396449704
15.154308617234468
0.46398975948258436
1.4449941304712393
3.4663494221617945
4.1938775510204085
3.761587982832618
1.9417242415139682
5.506676557863502
1.0812158632153883
4.653228816722658
0.8835812147410067
2.507398568019093
1.8458864426419468
0.44545351345215123
5.15059144676979
1.8703512082293505
8.767063243581715
6.547602004294918
2.3836858006042294
0.6288659793814433
11.285
0.13038001259710266
4.504662004662005
6.72189349112426
4.204053109713487
7.984364377974167
5.99400299850075
2.291277258566978
2.912411227595536
6.088757396449704
15.154308617234468
0.46398975948258436
1.4449941304712393
3.4663494221617945
4.1938775510204085
3.761587982832618
1.9417242415139682
5.506676557863502
1.0812158632153883
4.653228816722658
0.8835812147410067
2.507398568019093
1.8458864426419468
0.44545351345215123
5.15059144676979
1.8703512082293505
8.767063243581715
6.547602004294918
2.3836858006042294
0.6288659793814433
