0.014567348000014135
0.0007161800000403673
0.0004193020000116121
0.004023649000032492
0.0003270299999940107
0.0005347680000227228
0.00046759700001075544
0.0007605289999901288
0.0003436289999854125
0.0003915179999580687
0.0010695060000216472
0.0003373640000177147
0.0003260630000454512
0.00034905299997944894
0.0006342369999856601
0.000258900000005724
0.0002442800000039824
0.0006140940000136652
0.0003437319999761712
0.000954994999972314
0.0005033129999674202
0.00033818899999005225
0.0003668580000066868
0.0005242150000412948
0.0003910240000095655
0.00043818099999271
0.0022850980000157506
0.00026791400000547583
0.0003202010000222799
0.0009719370000311756
