0.00043806799999401846
0.0008476030000110768
0.0014192019999654804
0.0005729630000246289
0.0017215540000279361
0.0012467360000414374
0.000906753000037952
0.001769195999997919
0.0007198960000209809
0.00095620100000815
0.00228029999999535
0.0006160580000482696
0.008391802000005555
0.0008734170000366248
0.18659950699998262
0.0013127110000255016
0.0008138230000440672
0.0008776740000371319
0.0009303390000354739
0.0019357619999595954
0.0012383670000417624
0.001067562999992333
0.004184984999994867
0.0013038580000284128
0.0004729620000034629
0.000723310000012134
0.00045940899997276574
0.0006731249999916145
0.0007860180000420769
0.004469051000000945
