0.00046634099999209866
0.000886493999985305
0.07672653999998147
0.0004692329999897993
0.00040475800000194795
0.01627965199998016
0.0009817069999940031
0.0008867489999602185
0.0015422090000356548
0.0007352290000426365
0.0006003359999908753
0.0008598430000006374
0.0016535600000224804
0.0009419529999945553
0.0011983819999841216
0.0005623330000048554
0.0005358870000122806
0.0006325219999894216
0.00735832200001596
0.0005631900000366841
0.0010371100000270417
0.0013140059999727782
0.00045271600004070933
0.002706190000026254
0.0007209780000039245
0.000682748000031097
0.0006000800000265372
0.001566630000013447
0.0016713230000391377
0.0025802320000138934
