0.001499623999961841
0.0008619189999876653
0.00073534099999506
0.0006108599999947728
0.0009550679999961176
0.0004611860000522938
0.0008671060000438047
0.0005017629999883866
0.0013944509999532784
0.0013192740000249614
0.0009415610000473862
0.0009652560000290578
0.0009126810000452679
0.0007539239999800884
0.0007272400000033485
0.0012786679999976513
0.0006896049999909337
0.0007424369999853297
0.0007569710000439045
0.0007958379999877252
0.0010553500000014537
0.0011991630000238729
0.0005523479999851588
0.000620431000015742
0.0013869880000356716
0.000444509000033122
0.012468160000025819
0.0012370279999913691
0.00039607799999430426
0.0016937870000219846
