0.0006284890000074483
0.0012544350000212035
0.002477126000030694
0.003603592000047229
0.0026868059999856087
0.2682782589999988
0.03800494000000754
0.0014445339999724638
0.0026436449999778233
0.038193693000039275
0.0009043630000178382
0.0010028579999925569
0.0020356699999979355
0.0030134609999663553
0.00047070400000848167
0.001868467999997847
0.0014520579999839356
0.0006933110000204579
0.0006073129999890625
0.0030900070000257074
0.0006076379999626624
0.0013194429999998647
0.0016094690000159062
0.04355910099997118
0.034787865999987844
0.00072748299999148
0.0007138020000070355
0.0010000009999657777
0.0013562480000359756
0.002431080999997448
