1.4949832775919731
1.3628734139274652
12.628105590062113
2.633480825958702
5.649017649017649
1.6288359788359787
2.7732316227461857
0.9332064700285443
1.5149560117302052
2.6872491509725225
1.4949832775919731
1.3628734139274652
12.628105590062113
2.633480825958702
5.649017649017649
1.6288359788359787
2.7732316227461857
0.9332064700285443
1.5149560117302052
2.6872491509725225
1.4949832775919731
1.3628734139274652
12.628105590062113
2.633480825958702
5.649017649017649
1.6288359788359787
2.7732316227461857
0.9332064700285443
1.5149560117302052
2.6872491509725225
