2.872234513274336
1.7431423773091994
0.7893912624477996
1.3736865148861646
0.27918465709408574
6.005999000166639
1.4705492800514655
21.821894736842104
4.60381593714927
2.9574616457461644
2.872234513274336
1.7431423773091994
0.7893912624477996
1.3736865148861646
0.27918465709408574
6.005999000166639
1.4705492800514655
21.821894736842104
4.60381593714927
2.9574616457461644
2.872234513274336
1.7431423773091994
0.7893912624477996
1.3736865148861646
0.27918465709408574
6.005999000166639
1.4705492800514655
21.821894736842104
4.60381593714927
2.9574616457461644
