0.9999478360661439
3.0944986690328307
6.047021943573668
1.3940909619634756
37.62052274927396
4.385667396061269
16.652114597544337
7.489736070381231
40.413727359389895
10.145958986731001
12.959941017449005
6.933269780743565
12.579545454545455
9.21558872305141
25.30918918918919
15.270454545454545
13.371841155234657
13.353271028037383
6.723697148475909
5.521448128993002
5.405954974582426
56.44719827586207
6.401588702559576
4.232506887052342
14.801775147928995
5.391272727272727
1.9480190495490932
9.3437876960193
3.7977099236641223
82.62363726461844
