4.87987012987013
5.8296892980437285
2.1241715399610137
16.01071281417388
3.4412411717031377
4.256964737969998
2.6918619963128787
2.134393063583815
7.474326059050064
2.194298574643661
1.1416960173394743
10.36846929422548
0.38379768311109935
6.326491516146689
0.04577031896342197
6.157225237449118
3.721769499417928
9.511804138735062
9.169677734375
1.1296234216113532
1.2678798908098272
4.549966009517335
2.5206408223522336
6.215441860465116
4.074206755373592
6.960073937153419
6.176765375854214
5.859298377970577
3.5978152929493543
0.6457923804174858
