5.0236024844720495
6.796169136248645
0.028148092052183486
6.280834914611006
3.9866567828020756
0.581201395949548
5.146715951094683
8.804920913884008
1.2608760207869338
4.656741385078622
3.167335473515249
2.925881289545044
1.117740308401787
6.46827726349063
3.9758885886510082
7.509698275862069
11.1914486279515
2.225438596491228
0.9929243831907956
4.330155544405419
1.8653122648607976
2.2928165156941227
10.15079365079365
1.6370675453047776
5.6153009427121106
3.847026781661371
3.919207317073171
1.2724900214921706
3.291031390134529
1.6583250743310207
