1.3707427830035679
1.5786127167630057
2.3140286758504356
8.180618401206637
1.437335439705108
7.8315677966101696
5.511657214870826
5.12124849939976
4.27863827040981
2.2141171844278413
11.496613995485328
2.4972419227738376
3.51896813353566
37.33537174122948
0.9548540393754243
3.983133038161501
2.262061403508772
4.632893628964356
8.424603174603174
2.952569169960474
11.059560327198364
2.0557087699944843
11.422391857506362
36.17609527860485
2.0946291560102304
3.215981470758541
1.407374973823983
6.362152710316689
45.0595939751146
0.9985615273963646
