56.24677786201668
13.037103746397694
20.734520871338127
40.50036010082823
27.31463035730604
0.07876913494912313
2.8785683550726033
70.8537578674565
21.4795261395828
0.7068222446127345
22.529459901800326
167.4987120041216
32.254822576804
0.693460597933265
428.4668571428571
31.374361411429252
55.13274055255637
11.984457922668689
34.77459749552773
21.68158473954512
5.232484076433121
62.83671416596815
14.241374159820761
0.05905137195279614
0.9469849809459763
192.41423076923076
60.41732015001705
23.47069549361813
80.43933203055605
57.04660903662775
