0.005040238000219688
0.0008910629994716146
0.001517345000138448
0.0010349920003136504
0.0031059859993547434
0.0005728270007239189
0.00352351799938333
0.0008197309998649871
0.0004306620003262651
0.0024429750001218054
0.0009649490002630046
0.0013905610003348556
0.0004170080001131282
0.0004858700003751437
0.0006801000008636038
0.000647711000056006
0.0007290789999387925
0.0011117839994767564
0.0007609599997522309
0.006869369000014558
0.002212807999967481
0.0023330410003836732
0.0012764909997713403
0.0016055839996624854
0.0010644220001267968
0.0007538290001321002
0.0074167049997413415
0.0007317489998968085
0.0010348259993406828
0.0008190090002244688
