0.09122837299946696
0.09603815100035717
0.09499112200046511
0.08737570199991751
0.09623800000008487
0.09553702699940914
0.11416056900088734
0.15215871700002026
0.1564765430002808
0.10284688599949732
0.09282631600035529
0.10842069699992862
0.09471783699973457
0.09498287299993535
0.09435916100028408
0.10674554999968677
0.0968244820005566
0.12350295100077346
0.11476380900057848
0.10028399099974195
0.09667044200068631
0.09347231300034764
0.09356944499995734
0.09452974699979677
0.09432835699954012
0.09491116999924998
0.09672366399991006
0.09282690600048227
0.09365319700009422
0.1014850560004561
