0.10622043200055487
0.2572265459994014
0.12233157999980904
0.12419761199998902
0.5085524269998132
0.10233491100007086
0.1200777210005981
0.2633463729998766
0.10633212300035666
0.10569263100023818
0.1047440229995118
0.09929824699975143
0.4123035910006365
0.11818520799988619
0.10069842400025664
0.41882987300050445
2.6917284009996365
0.12278684000011708
2.8446136169995953
2.965075343000535
2.1990079529996365
2.074252806000004
2.7303323460000684
0.5532584530001259
2.7887031349991958
0.27407911400041485
3.2189220099999147
0.12817463899955328
0.103778295999291
0.12137096100013878
