19.649419218585006
29.414051841746247
5.771918038293584
3.6962781852757405
1.3665918501066485
1.6062116120060261
28.79719235364397
1.007233051366924
1.9835004852798448
4.250707290533188
0.9071022533740056
46.20782986950218
1.1959390862944161
3.216018482864844
3.6113744075829386
0.573310889250058
2.524314936318024
1.7280080889787663
0.377376905731498
3.7906881764345517
1.5220779220779221
0.13013242224887628
2.3842829076620826
4.671708912510221
7.885114503816794
3.3635483870967744
5.051542207792208
3.80980980980981
0.23516361619523019
2.1296351231088697
19.649419218585006
29.414051841746247
5.771918038293584
3.6962781852757405
1.3665918501066485
1.6062116120060261
28.79719235364397
1.007233051366924
1.9835004852798448
4.250707290533188
0.9071022533740056
46.20782986950218
1.1959390862944161
3.216018482864844
3.6113744075829386
0.573310889250058
2.524314936318024
1.7280080889787663
0.377376905731498
3.7906881764345517
1.5220779220779221
0.13013242224887628
2.3842829076620826
4.671708912510221
7.885114503816794
3.3635483870967744
5.051542207792208
3.80980980980981
0.23516361619523019
2.1296351231088697
