2.7420051010398274
21.36085972850679
0.5311202356925789
1.3092756644085461
5.512990936555891
1.5189085686931547
3.306587574149235
3.5503833515881706
0.7590346060528668
0.8967392654034321
4.087066565426475
4.180939050769818
0.919909236070258
1.5852731798925623
4.3315170633782625
1.863565891472868
0.5669227247291041
3.4925534211094322
1.6487263894659465
2.6341463414634148
6.06141154903758
1.707322872087494
1.6795872838817625
4.131281241778479
6.507311586051744
5.170161773517076
0.6001673592692924
1.3123449842639487
3.3979252299862988
2.249124343257443
2.7420051010398274
21.36085972850679
0.5311202356925789
1.3092756644085461
5.512990936555891
1.5189085686931547
3.306587574149235
3.5503833515881706
0.7590346060528668
0.8967392654034321
4.087066565426475
4.180939050769818
0.919909236070258
1.5852731798925623
4.3315170633782625
1.863565891472868
0.5669227247291041
3.4925534211094322
1.6487263894659465
2.6341463414634148
6.06141154903758
1.707322872087494
1.6795872838817625
4.131281241778479
6.507311586051744
5.170161773517076
0.6001673592692924
1.3123449842639487
3.3979252299862988
2.249124343257443
