2.228397275008964
9.062061802129318
17.937366039533224
0.32304646515576746
0.7861815899379572
0.18889438340750933
12.649875870905742
14.037317073170732
24.90737489025461
0.4834493523269583
0.8954193513454979
20.343789741415854
21.036564417177914
0.7209929606806869
0.20668834566588953
25.159110169491527
4.42234198922097
162.8628762541806
0.5121689277257793
21.399820842042402
0.9194694833816464
3.0556557588250453
24.784125240318595
1.5597410241318423
4.071820870299958
0.048697218105760755
20.082156611039796
2.707228289131565
37.692008879023305
6.6841421655449285
2.228397275008964
9.062061802129318
17.937366039533224
0.32304646515576746
0.7861815899379572
0.18889438340750933
12.649875870905742
14.037317073170732
24.90737489025461
0.4834493523269583
0.8954193513454979
20.343789741415854
21.036564417177914
0.7209929606806869
0.20668834566588953
25.159110169491527
4.42234198922097
162.8628762541806
0.5121689277257793
21.399820842042402
0.9194694833816464
3.0556557588250453
24.784125240318595
1.5597410241318423
4.071820870299958
0.048697218105760755
20.082156611039796
2.707228289131565
37.692008879023305
6.6841421655449285
