40.40825330910978
159.6851282051282
160.6580474934037
156.12666666666667
160.6580474934037
156.12666666666667
160.6580474934037
156.12666666666667
160.6580474934037
156.12666666666667
160.6580474934037
156.12666666666667
160.6580474934037
156.12666666666667
160.6580474934037
156.12666666666667
160.6580474934037
156.12666666666667
160.6580474934037
156.12666666666667
160.6580474934037
156.12666666666667
160.6580474934037
156.12666666666667
160.6580474934037
156.12666666666667
160.6580474934037
156.12666666666667
28.732532948185593
161.98422391857505
162.75874673629244
158.6173027989822
113.46398376733175
168.93907351460223
175.18348144276007
168.74420946626384
175.18348144276007
168.74420946626384
175.18348144276007
168.74420946626384
175.18348144276007
168.74420946626384
175.18348144276007
0.35759202060245426
141.75468666309587
