218.76954976303318
206.7686274509804
215.8374269005848
206.7686274509804
215.8374269005848
206.7686274509804
215.8374269005848
16.632167287692564
174.48249708284715
18.66392098844416
272.9625730994152
7.8062553373185315
119.19849056603773
176.41028507546116
184.01341890315052
176.29904974846283
184.01341890315052
176.29904974846283
184.01341890315052
176.29904974846283
184.01341890315052
176.29904974846283
148.3022170361727
142.08496366685299
148.3022170361727
43.07785567010309
304.3817016317016
296.4404086265607
304.38694638694636
296.4404086265607
304.38694638694636
15.270000652017997
134.90552995391704
132.86655309483248
134.7799539170507
132.86655309483248
134.7799539170507
132.86655309483248
134.7799539170507
132.86655309483248
134.7799539170507
132.86655309483248
86.60877192982456
165.9394957983193
173.2175438596491
