31.200236966824644
10.594473152100651
25.352134949920927
11.389295115530857
20.48070907194995
21.47125813449024
9.288292352808481
22.2353579175705
21.94276795005203
4.218920557913887
21.763295099061523
9.032629196529612
24.123259412068077
26.00650054171181
24.21402784940691
51.852112676056336
16.47340078328982
106.23723228995058
22.94775579150579
17.112755102040815
7.243628509719223
20.471980676328503
19.027820710973725
19.800770500825536
18.69654817104585
20.18712162905889
19.09840288511077
16.735828288387452
16.076764554353424
17.400660429279032
