10.12709590878605
5.808310055865922
23.08997955010225
22.648809523809526
24.099522835719156
23.197751322751323
23.906612133606
1676.7162698412699
827.7035797925728
1328.7840143691064
1610.5978623914496
1530.2123473541385
1445.6152304609218
1230.0800542740842
87.49039594626444
2420.1350067842604
2657.056112224449
1911.1099050203527
995.6780227120909
446.39014564611097
357.71971800897245
2263.0797052913595
2004.4233817701454
1764.5358338914937
256.69648133225894
676.5476497695853
3676.76741130092
3626.8991315965263
1921.3258869908016
276.00544959128064
