148.7014814814815
2.796710942441493
149.49060856498872
143.04241552839684
149.49060856498872
143.04241552839684
149.49060856498872
2.9479891810402163
149.8557475582269
143.39180445722502
149.8557475582269
143.39180445722502
149.8557475582269
143.39180445722502
149.8557475582269
143.39180445722502
148.61081893313298
142.20057512580877
148.61081893313298
2.857026120365857
149.72877535687454
5.792297997479345
2.9442280906222464
1.7267914967869666
154.18501872659175
151.90922509225092
154.18501872659175
153.109963099631
149.86591760299626
147.65387453874538
149.86591760299626
7.7895825872428475
144.47232472324723
146.63670411985018
144.47232472324723
157.3677902621723
155.0450184501845
157.3677902621723
155.0450184501845
2.2159693244614864
5.398067892123977
148.45682656826568
2.7888161319488205
152.9511645379414
145.5167977126519
