6.189067427541673
1.7991793297367509
4.721754897006806
89.79875635952516
91.08600917431193
89.79875635952516
91.08600917431193
89.79875635952516
91.08600917431193
1.2726527946807564
7.5276472601674085
2.188820562815201
133.65712650257584
132.0695701357466
133.65712650257584
132.0695701357466
133.65712650257584
9.120087414466377
143.1771653543307
148.00523255813954
6.570011607048644
144.46403712296984
140.39233370913192
5.121418654550044
2.4199784197808545
4.953243626936609
1.3212316142175922
101.57716580608147
1.1932619596940297
138.03821656050957
164.17294520547946
6.985701421671624
6.482942514312603
93.40564971751412
1.0750666727824338
94.23721998851235
8.019630192502532
1.55880403389991
2.0452171372219583
128.21064682312536
126.4018058690745
1.3845383912820448
126.83323782234957
3.0952924393723253
1.1903306947859082
