1.9007158228059808
223.27373935821873
217.0203691915977
223.27373935821873
2.948703533731069
168.30975769482646
3.146168383832226
3.3164171436958756
172.9190051020408
179.2048909451421
172.9190051020408
179.2048909451421
172.9190051020408
3.2074550036427043
171.2735969387755
177.49966953073366
1.384449079255265
177.87908496732027
179.40342781806197
4.3624161073825505
97.75725593667546
8.076110584694275
191.15237467018468
188.1733766233766
191.15237467018468
8.647147192260313
189.84366754617415
186.88506493506495
8.742243034733686
151.80551989730424
188.61245901639344
2.055231122345216
185.66666666666666
2.5032540898884412
230.4258530183727
1.208060179450772
3.4056907704311494
174.82105943152456
3.5037688136747147
185.6952319587629
188.48855461085677
2.2523250588405554
195.05343007915567
2.092861610188765
97.12203166226912
