0.10037438499966811
0.09825052599990158
0.10279981999883603
0.09438080200015975
0.09757727599935606
0.0973924440004339
0.0932391970000026
0.09139216800031136
0.09645131300021603
0.10656649399970775
0.09529858699897886
0.0998202679984388
0.1434086909994221
0.11055847799980256
0.13291445399954682
0.11306725700160314
0.11468690000037896
0.16613946199868224
0.10900946399851819
0.11367766000148549
0.1051146850004443
0.09372842599987052
0.0951143249985762
0.10910649099969305
0.09479217199987033
0.10270925399890984
0.10075437799969222
0.09677921200091077
0.0953054580004391
0.0931982189995324
