0.11387146599918196
0.10095435400035058
2.718270041999858
0.3374573559995042
3.136534401000972
2.4103762579998147
0.5246658770010981
0.09615213200049766
0.0962239269993006
0.09427235099974496
0.09635633300058544
0.8219211640007416
0.08568986499994935
0.09352434500033269
0.1069998660004785
0.1110683639999479
0.09475850300077582
0.11231740999937756
0.09775253599946154
0.09490459999869927
3.25605639800051
0.10134153500075627
0.3982003609999083
3.506183217999933
0.2311229290007759
0.30272559900004126
0.09505393800100137
3.554912087000048
2.796378689999983
0.13047936099974322
