3.145766835214888
4.793865154210155
379.90106382978723
364.39489795918365
379.90106382978723
364.39489795918365
9.500841471979646
361.91923271075217
380.9574920297556
9.48842616783363
1.8760942220934564
381.11035207567
370.4050051072523
4.766773437242017
383.9154255319149
374.4304703476483
389.56702127659577
374.4304703476483
381.11542553191487
366.30725971370146
381.11542553191487
366.30725971370146
3.5241708130137597
360.04951995957555
374.82272488164125
360.04951995957555
374.82272488164125
360.04951995957555
3.7682809223248954
373.93367088607596
1.802790884595179
2.474926432871683
390.51650692225775
371.3367088607595
4.866413455600635
385.1166579085654
375.06499488229275
3.276939391843604
3.159287609272387
2.2578490418950863
364.0572731880385
367.4092071611253
364.0572731880385
367.4092071611253
1.3776250617918173
