305.81166912850813
305.5859778597786
310.1640449438202
2.8451659282095236
309.2509391435011
295.91157440690154
309.2509391435011
295.91157440690154
5.934403534609721
288.85017921146954
1.1752975689305245
2.9342538091799595
5.560430831369909
288.8155825589707
2.623613808258381
284.7282530553559
297.5634861006762
5.8158007422209534
305.20973782771534
2.009799711682974
304.6606741573034
300.1638376383764
2.242142675525388
2.7918664060624763
305.8572501878287
2.8128948870081745
307.3959429000751
294.136592379583
307.3959429000751
294.136592379583
307.3959429000751
291.5348670021567
5.706973858605228
290.97771387491014
304.0946656649136
290.97771387491014
304.0946656649136
5.578621632968134
8.035710095044394
303.2457564575646
5.689447944297083
287.36865342163355
292.5348314606742
287.74908020603385
292.92209737827716
