2.63994917482538
269.64516129032256
257.2920544022906
269.64516129032256
257.2920544022906
269.64516129032256
257.2920544022906
269.64516129032256
2.6294287754115975
7.480986475735879
269.25125268432356
1.1195599066801842
274.2176514584892
270.1761238025055
274.2176514584892
270.1761238025055
2.605830210435284
2.7609956518810668
264.84350323043793
276.7644411102776
2.635591956186647
278.34658664666165
269.60445082555634
278.7741935483871
266.76669059583634
278.7741935483871
266.76669059583634
2.8653641262273597
268.3589375448672
230.64816204051013
2.8254052215967054
6.182432974795312
227.03242446573324
230.42857142857142
227.03242446573324
230.42857142857142
227.03242446573324
230.42857142857142
2.16021379585718
1.4256241292314644
271.0114531138153
1.4968869694056082
272.69777458722183
284.9722430607652
272.69777458722183
