4.408033139747391
493.3906856403622
493.3906856403622
493.3906856403622
493.3906856403622
493.3906856403622
493.3906856403622
2.3264340784489117
507.39857881136953
501.88690095846647
507.39857881136953
1.0889319544564102
0.9861092560438093
5.210098976681765
198.19655392469687
5.232541540095945
0.9934320645083277
204.8490813648294
199.2278238672623
204.8490813648294
199.2278238672623
2.249521837295253
199.5216836734694
206.7746199603437
199.5216836734694
206.7746199603437
199.5216836734694
5.156681644200366
2.0052932587004135
216.26640419947506
210.33184428844928
216.26640419947506
2.1832604844978527
449.6771653543307
2.337071408079786
475.742782152231
461.50986632718013
475.742782152231
461.50986632718013
4.85249504207536
461.9030612244898
4.555214103756419
7.362570735650768
298.60655737704917
5.835985449417496
