243.12903455435801
219.65466135821242
147.41833610867096
116.6912671297338
205.8023610980815
262.1484118751157
251.9854689968555
110.66872767701486
320.9513530083696
335.47705172208083
294.01088856643617
269.0476150858551
249.25319187683368
176.0056326225976
263.8108144108274
65.52228075399566
11.775453420196504
128.54471761564417
137.60532550290205
160.81840557707315
131.0411886630747
217.31225484717913
282.6530894189444
248.3939117227351
4.27395036842161
229.04393876983707
290.43163829276745
205.02378950578034
270.46965465527296
273.8480943602695
