134.07682331598465
41.43044491823714
189.35759791220505
16.26853509793495
226.24029609296886
317.95603304351334
281.3424844793834
138.21908399781594
264.7405912754607
204.68116385179957
248.70988658388325
192.238774948283
336.59705694303824
43.62488860723461
99.97330351570196
32.96256459185177
274.33220865764554
36.12804534214295
90.27205867766276
284.5257588947641
108.02926288415364
254.57063683683975
217.21846036836942
107.52283650884253
224.34168751799695
324.4772021298863
294.82261154568766
256.3318474580219
220.55424482730464
197.56183173485115
