2.0221621979999966
0.5049583330000047
0.15332279999999798
0.14967324900000278
0.15566096300000254
0.1549011680000092
0.15207154700000558
0.15342537499999764
0.14592657500000428
0.1533490729999869
0.1518456350000008
0.15127399900001137
0.14767466099999638
0.1552582189999896
0.15448598000000402
0.15280771199999776
0.15025164899998344
0.15022591600001078
0.15027663499998312
0.14899209000000724
0.15102645399997527
0.14595061899998996
0.15007870200000184
0.15022530999999617
0.14762019399998394
0.1496430780000253
0.1490160289999949
0.10286800500000481
0.09721826300000203
0.0984739339999976
0.09785533100000521
0.09876545800000258
0.09727533099999164
0.09462875100001611
0.09709235200000421
0.09620194300001117
0.09577441100000783
0.09728251799998588
0.10041885399999728
0.10024018800004342
0.1005621319999932
0.10062745000004725
0.10171846699995513
0.09809053499998299
0.09699506900000188
