0.30369463799996765
0.3044962010000063
0.3046765639999762
0.30284427200001574
0.3054042189999677
0.3072656239999674
0.3032149629999594
0.2993727310000054
0.30022219400001404
0.3007173039999884
0.29973931600000014
0.2977344059999609
0.2920960379999542
0.292399080999985
0.2985536489999845
0.29015935600000375
0.29199562999997397
0.29175868400000127
0.28975344299999506
0.29795874800004185
0.3158696270000405
0.3156298949999723
0.29710169700001643
0.3033931240000243
0.30207171400002153
0.31657581299998583
0.32142178300000523
0.3187066179999647
0.3209519809999506
0.31553700399996387
0.3171365850000143
0.31475951199996643
0.3134135000000242
0.31972659900003464
0.31354339600000003
0.31641912300000286
0.31790419300000394
0.32125505800001974
0.31034975099998974
0.31200307099999236
0.3132091319999972
0.3143337390000056
0.30982984100000976
0.31300261399997
0.31125934099998176
