0.17766234499998745
0.182137694000005
0.17885577300000932
0.1818249170000854
0.17291868900008467
0.1789987019999444
0.18416060700008074
0.18082560900006683
0.18042901700005132
0.1777472780000835
0.17699347600000692
0.1763145859999895
0.17706399300004705
0.1697239710000531
0.17006582499993783
0.17056390100003682
0.1706129700000929
0.1715129499999648
0.1699844969999731
0.1734101350000401
0.17205218000003697
0.17262266000000182
0.1710111989999632
0.16978005299995402
0.16954775500005326
0.17291237900008127
0.17389717200001087
0.1731821339999442
0.17273982099993646
0.17413511399990966
0.17380311300007634
0.17520498899989434
0.17435574400008136
0.17402097800004412
0.17130715600001167
0.17258478500002639
0.17453008900008626
0.17263079399992876
0.17255349399999886
0.1732431909999832
0.17580437399999482
0.1838945719999856
0.17373035100001744
0.17446902800008957
0.1752812099999801
