0.15966864500001066
0.16329283699997177
0.15622359899998628
0.15698492900003203
0.16113549800002147
0.15990065500000128
0.15462959700005285
0.16004796999993687
0.15875569000002088
0.15936079299990524
0.16388639399997373
0.16202829399992424
0.14143228000000363
0.14064586099993903
0.15939718300001005
0.16114883200009444
0.15903728900002534
0.15863254700002472
0.159843034000005
0.16180786299992178
0.15423026200005552
0.1563408670000399
0.15440331900003912
0.15545418600004268
0.15384938399995463
0.15432530900000074
0.1547541119999778
0.13514208899994173
0.13856272900000022
0.13052034899999398
0.13052473799996278
0.13700513599997066
0.13373373599995375
0.1355820759999915
0.129145231999928
0.1303381330000093
0.12820291000002726
0.1282899919999636
0.12854621700000735
0.12872231899996223
0.1288721539999642
0.12787080999999034
0.1292036280000275
0.1287178939999194
0.16311171999996077
