0.25407681000001503
0.14957661900007224
0.21916626300003372
0.22569144099998084
0.2539733090000027
0.2545767579999847
0.25512528399997336
0.2568135980000079
0.14810226399993098
0.14950044400006846
0.14520689100004347
0.14955249599995568
0.2535379150000381
0.2535264630000711
0.21658465799998794
0.24670435299992732
0.263020967999978
0.26447196100002657
0.24116546499999458
0.23446015599995462
0.3007673409999825
0.29911992600000303
0.3056852549999576
0.304557941999974
0.2643082869999489
0.26366178900002524
0.2473745060000283
0.25426488000005065
0.24675357899991468
0.25052887999993345
0.1780489889999899
0.17896649499994055
0.1739801980000948
0.14324584199994206
0.14311158200007412
0.1430021129999659
0.14226989199994478
0.2472991690000299
0.24589733599998453
0.24004682300005697
0.2384036579999247
0.23923276099992563
0.2524702890000299
0.21330155399994055
0.2107338380000101
