0.19955509899989465
0.1982360529999596
0.2011816340000223
0.1682471849999274
0.1698255200000176
0.1975455450000254
0.1964555179999934
0.19640940700003284
0.19516849800004366
0.2462952180000002
0.27549662100000205
0.25921331699998973
0.24728023900001972
0.25040494400002444
0.24795102600000973
0.24564807800004473
0.24683155200000328
0.24746272099991984
0.2498850009999387
0.19874680499992792
0.19678822000003038
0.19544017300006544
0.19415008999999372
0.19428863799998908
0.3640693620000093
0.139255530000014
0.13917616000003363
0.1392011289999573
0.1348961449999706
0.1391777630000206
0.13885276700000304
0.13580199400007587
0.13765636000005088
0.13727092800002083
0.1509200770000234
0.14713983599995117
0.14729255800000374
0.14176701500002764
0.13189804399996774
0.1347043239999266
0.1394938280000133
0.23325497899998027
0.23388835999992352
0.2064609209999162
0.17292472899998756
