1.1512864176434912
14.867473911140571
12.27882865428044
14.76646510810004
18.080352143918105
0.19709309507535952
23.72657463786879
31.222583009163607
11.67428509703732
7.023964839068977
9.565829459477523
17.952602038537947
3.274668510553833
9.82715026147803
1.319449866286196
2.5882972838998164
25.20346881234997
3.1253018265878914
32.15899656134762
155.4405868512363
8.658409391543163
10.682083369536667
15.682214686883084
5.425526681037101
73.95317205211234
8.2808442091118
11.375105487859361
15.777886807681961
11.081492257416686
17.40429397081689
