37.99537759301714
8.659090966653933
20.760398029423055
117.05498127316712
54.72602825580367
105.24281243513077
30.515773652549978
96.78157767904682
46.65198749153752
94.22826504068512
27.38436939464082
86.59615174624031
70.66817261845397
10.748586800276314
33.936006497971945
87.86912529046943
102.1806123135333
100.68466155901092
26.959758944758764
88.14847230503152
51.70034663646751
101.13151895071927
49.84254703970414
89.39867262153817
74.41967883796461
8.234018500710622
9.333363387478231
76.34402971668243
62.24364858172933
61.26616729388017
76.0770169650202
67.48103566216632
10.811221004782448
77.75178487617808
10.390824029075985
81.39478227104121
85.65348812626408
88.75630213469339
83.79775238424709
81.92174987842361
75.62647036738032
17.933051211465543
5.679563184972543
76.02530335057602
8.14375501869428
