1.1407906119950946
14.61206976137314
11.271981855731934
8.26044786255622
9.308915582410457
6.829872823618672
12.702774315322795
1.0242231666753228
13.200176389431729
12.143400662344149
17.010809307742
19.465233182165285
14.63446819124834
14.535631391636393
19.156457013720498
16.515084783108065
33.12702123979397
40.57683115329896
31.343927199567634
7.924905570063322
33.04856729011736
31.47952629985092
13.882835955016839
10.026600027243932
5.853141515549412
5.628211606393866
9.787618242283857
7.341413379811297
9.010664005182258
0.24322241108976514
1.003914618044249
15.378583918215387
14.728233597592942
7.153504771859805
6.310544914247532
6.361924284391511
12.823604501843636
0.8919611688973094
14.068810630720112
12.234147335761088
13.190419254056543
15.880850705969562
16.719443713352646
17.275578996032333
16.349978012410954
15.111048652851302
33.13382258262457
40.77548445583144
29.16563384153597
7.265459604145238
41.13029010271631
30.818919943052027
14.948876169366486
9.829910872998319
5.642674324201738
5.623777147616896
9.1586544521965
7.304904646867245
8.380331915103762
0.254186922201563
