9.126003940228701
7.386839854140248
8.24275858028212
36.35541760570556
6.077145907136435
11.194320649474264
1.4256437713446581
2.9018076780879962
8.484474093418337
0.9954012109976224
8.697538225921281
1.3925496414050815
7.196246862529227
10.961373899210566
9.663967993084585
11.480085803539822
6.671862015052992
19.48043613902783
18.37393130217576
14.24943245254616
19.719633405388386
8.226910208653846
2.402869501537299
7.4677335506858284
7.333470038635059
9.297295654000095
7.259093352086158
7.0803463971498575
4.810462204828224
5.719203044599293
9.863833313635327
6.724525997193926
7.130223815009242
35.90603410715445
5.346570228809539
9.459698313300349
1.3319162962321283
2.892695037349171
8.353585956565633
0.9934978885586502
8.820744379938452
1.375518427524328
7.49321138934767
12.868265851828657
9.887283718276578
11.064814275388985
6.512227177250344
17.969626443396127
20.61618005268964
14.758701179061795
20.025392209409283
7.451903088950183
2.6077306755264815
7.917518655885282
7.666848879780562
8.083151574460627
7.355121844281904
6.9463200616465235
4.015276208383197
5.932691125825066
