3.2257867323083103
6.3380996146913855
2.5051034564521357
9.902269545461577
10.9107735610953
14.646038167935071
34.11362180471234
0.41713852429982595
29.148036332944187
1.9288856970805761
0.9887771530680735
52.10530197423585
0.945559420481829
6.940033631863176
1.0479911125567625
34.56457634852699
60.829601928203324
26.598346508178647
1.025898746354647
7.046675987073934
6.222249645625911
9.044723397776892
7.673908675856727
5.874061598410571
52.99303010063114
8.250267893598034
40.293276101980744
33.6125573130538
3.2036507265298053
6.933729016411042
2.638992757631151
13.715304573185529
11.647926120803952
14.718876565675323
36.42797101553157
0.39966851691845023
29.200838906596143
2.007495418142974
0.952709510769143
58.612186139635035
0.9890741868316141
7.178286397955045
1.061176005856742
31.38363203763572
61.30294395870541
32.02561573315231
0.9415965715417489
7.503134063490377
7.718641321328469
9.18216253725413
6.660765573266914
6.279366775553372
51.39374332814076
8.071397051927415
40.24877751029965
28.25724722820197
