0.0003321169999992435
0.0006503049999935229
0.0006860139999957937
0.0009363010000100758
0.03332600000000241
0.001792080000001306
0.0008137070000060476
0.0017658139999952027
0.0006750840000080416
0.001236876999996639
0.03252878799999337
0.0014521279999968328
0.0016420350000032613
0.0018613759999936974
0.0007022070000033409
0.0046390170000023545
0.0012917700000087962
0.0006794060000032687
0.026252237999997874
0.0012290399999983492
0.0010475630000001956
0.0186314169999946
0.002934499999994955
0.0006852939999930641
0.0006714300000112416
0.0008259839999880114
0.000611288000001764
0.0005981580000025133
0.008378758000006314
0.0017606449999902907
0.0004400279999998702
0.0006994489999954112
0.0008345269999949778
0.0010101499999990438
0.03442866800000388
0.0018888660000015989
0.0008645519999959106
0.00219864999999686
0.0006971760000027416
0.0011744810000067218
0.0317903619999953
0.0014859420000021828
0.0016761520000017072
0.0017341660000056436
0.0006616539999981796
0.0038616679999989856
0.0012602630000060344
0.0007146469999952387
0.026350995000001376
0.0011553359999965096
0.0010170559999949091
0.022755141999994066
0.00438117899999213
0.0005968079999973952
0.000656484000003843
0.001163552999997819
0.0008430410000102029
0.0005434560000026067
0.007701349000001301
0.0017366609999953653
