0.0010691439999988006
0.00048366000000044096
0.0008998630000007779
0.000700492999996527
0.0004224110000023984
0.022449213000001578
0.001025953999999274
0.003446592000003079
0.006423859000008747
0.0006257949999906032
0.0019992109999975582
0.0007856830000037007
0.0006677439999975832
0.000760322000004976
0.001370084999990695
0.00041880499999535914
0.000989176000004477
0.0005138340000030439
0.003779293999997435
0.002452001999998288
0.007002951000004032
0.0009937800000017205
0.00077349099998969
0.0018904410000004646
0.0004342200000024832
0.0038474870000015926
0.0013951080000111915
0.0010475010000021712
0.00413286900000287
0.0011086789999978919
0.0010574079999940977
0.00038324899999508943
0.0009928340000016078
0.0007404429999979811
0.0004375190000018847
0.021116419000009046
0.0009609199999971452
0.00334534299999234
0.00588095700000224
0.0005859049999941135
0.001799707999992961
0.0007031800000021349
0.0007036000000084641
0.0008073039999914045
0.0013686949999964781
0.00047790400000735644
0.0010135710000014342
0.0006105049999973744
0.003746165999999107
0.0026940650000000232
0.006509251000011318
0.0010948580000018637
0.0006851729999937106
0.0019239209999994955
0.0004705839999985528
0.004219919999997046
0.0013069670000049882
0.0009214229999940926
0.004156574000006685
0.0011672979999985955
