0.0010991780000040308
0.0007116199999899209
0.01021788699999604
0.0008908759999997073
0.0005059049999971421
0.0011463759999941203
0.0006943399999954636
0.0004544529999890301
0.0019171810000102596
0.009842798999997626
0.0010990450000036844
0.0019434750000044687
0.0031333379999978206
0.005708867999999256
0.0008186200000039889
0.0006355630000030033
0.004797177000000374
0.0012782199999890054
0.007281908999999587
0.0005598470000052203
0.0008787799999936396
0.0010969799999998031
0.0007705210000068519
0.002547081000003004
0.0011798570000109976
0.0008662430000043742
0.016881828999999016
0.02199575599999548
0.001315802000007693
0.002086374000001001
0.0012536459999950011
0.0007581489999921587
0.010484086000005277
0.0008648279999903252
0.0005485430000078395
0.00112175499999978
0.0007601399999970226
0.0004757780000090861
0.0018972519999920223
0.009722299000003432
0.0009993750000063528
0.001933301000008214
0.002905438999988519
0.005392086000000518
0.000885508999999729
0.0006454860000104645
0.004584244000000126
0.001125220000005811
0.007237162000009789
0.0005951629999998431
0.000804152000000613
0.0010112530000014885
0.0008320989999930362
0.002776275000002215
0.001173553000000993
0.0007221499999872094
0.016454038999995646
0.022114701000006676
0.0013209179999904563
0.0021565589999994472
