7.9693595559999935
0.00031866500000887754
0.00034967999999935273
0.00029268500000512176
0.0002918499999964297
0.023192541000014444
0.001054468999996061
0.000284252999989576
0.0010953120000181116
0.0002672319999987849
0.00029323100000056
0.00027432199999566365
0.00027513700001691177
0.0002904389999969226
0.0002185609999969529
0.00026778200000876495
0.00022157200001515776
0.0002841249999789852
0.0002509180000060951
0.00026905499998974847
0.00025180700001214973
0.021262228999972876
0.0002617239999835874
0.0002668070000027001
0.0002605489999893962
0.0002612309999960871
0.0002631190000101924
0.00026219800000149007
0.0002828220000026249
0.0002803110000115794
0.00024461300000666597
0.0002868180000064058
0.00026714400001992544
0.00025245999995604507
0.00025392499998133644
0.00024896200000057433
0.00024191700003939332
0.0002181059999770696
0.0002603410000006079
0.0002823250000005828
0.0003358820000016749
0.0002855530000260842
0.00026542399996287713
0.00023399399998424997
0.016961788000003253
