0.0011708810000072845
0.0004388090000020384
0.00039889599997877667
0.0005105930000581793
0.00045519899992996216
0.030888851999975486
0.0030195949999551885
0.0005601859999160297
0.0004607580000310918
0.027244332000009308
0.00048640700003943493
0.0004900089999182455
0.0019243469999992158
0.029118881000044894
0.0005205730000170661
0.0009528709999813145
0.0004174389999889172
0.00043858399999407993
0.0004885550000608418
0.0004698560001088481
0.000458722999951533
0.029527383999948142
0.0005897240000649617
0.004393017999973381
0.0004341720000411442
0.0004985829998531699
0.00044339400005810603
0.00046408299999711744
0.00045792800005983736
0.00044527099998958874
0.0004365039999356668
0.000474503999839726
0.0012808679998670414
0.0004491239999424579
0.00043979099996249715
0.00045589100000142935
0.00044661499987341813
0.00043136900012541446
0.00046899000017219805
0.00045600099997500365
0.0005020609999064618
0.0033918359999915992
0.00046319299985952966
0.00041300500015495345
0.02921074599998974
