0.00040936400000646245
0.024288042000080168
0.00047214699998221477
0.0003714210001817264
0.00043104500014123914
0.0003687229998377006
0.0004073919999427744
0.02403473600020334
0.00037030700013929163
0.00035914299996875343
0.00038933499990889686
0.00040703500008021365
0.00045223899996926775
0.0003893189998507296
0.0015962459999627754
0.00037740099992333853
0.0004918919998999627
0.0003733169999122765
0.0003757019999284239
0.0003947860000153014
0.000497586000165029
0.0003552900000158843
0.0003879240000514983
0.0003953569998884632
0.00037251200001264806
0.0003796920000240789
0.00037511599998651945
0.00041334399998049776
0.00041766300000745105
0.0003388039999663306
0.0004524190001120587
0.0003645140000116953
0.00054234300000644
0.000386549000040759
0.0004108690000066417
0.0003972219999468507
0.000500313999964419
0.0037704479998410534
0.00045152200004849874
0.0016664810000293073
0.0013446729999486706
0.0004204910001135431
0.0004009439999208553
0.0004448570000477048
0.00042496300011407584
