0.0017229799998403905
0.0024872460001006402
0.025329542000008587
0.0003844269999717653
0.0003852770000776218
0.0012780859999566019
0.0004479940000692295
0.00040748399987933226
0.00040975499996420695
0.0004724719999558147
0.00036239100018065074
0.00044338500015328464
0.0004070739998951467
0.00039935999984663795
0.000409215999980006
0.0004406479999943258
0.0003835729999082105
0.0004200690000288887
0.0005003119999855699
0.00035890100002688996
0.0003718720001870679
0.0004998910001177137
0.0004110149998268753
0.00039204900008371624
0.00037297599988050933
0.002290694999828702
0.00040152299993678753
0.024224873000093794
0.00036012800001117284
0.0003798360000928369
0.0003775130001031357
0.024412810000058016
0.0003981110000950139
0.0004702830001406255
0.0003590999999687483
0.00041551399999661953
0.016668600000002698
0.0003638480000063282
0.0012865290000263485
0.0003840510000827635
0.0004642169999442558
0.0003973740001583792
0.0198836399999891
0.00037506900002881594
0.0004322929999034386
