1.182640846052962
2.613118166003976
390.64385150812063
2.665312244557842
389.614849187935
3.1627913338439653
267.6365740740741
267.6365740740741
265.21180555555554
2.208790676496517
264.4988399071926
259.97491448118586
264.4988399071926
272.92018244013684
277.66937354988397
272.92018244013684
3.4250227505403252
2.333372199226569
5.086251468860165
266.88027366020526
271.5243619489559
2.2661688617121354
268.2807424593968
263.6921322690992
3.3828605406659706
265.9692132269099
3.4170134548930227
5.419849725785799
257.5798611111111
257.5798611111111
1.0609452791855507
1.3900308294820765
271.96579247434437
3.3611742611446083
267.95686719636774
1.3799085546078584
260.84834663626
265.3874709976798
259.6636259977195
264.18213457076564
4.843280324290614
2.301358494294324
270.2227378190255
265.60091220068415
270.2227378190255
