7.8082214790721824
1.6848519013835332
322.73865594485926
3.428449684963467
307.35898908673175
1.5368872453815199
284.0769672601953
276.1462869905081
284.0769672601953
2.0567579440620882
1.6183630507925655
309.9839172889144
2.61805321821419
306.3436073059361
310.77822814128547
0.008709821942809797
277.01716247139586
8.145153859596169
269.7245475113122
273.59323006310956
1.596482168092745
295.85787965616043
2.6818648325291026
3.9803360529639584
375.67401129943505
386.5947674418605
375.67401129943505
7.643726395300042
3.157011577870962
7.09305031357303
282.5912945166761
286.64220183486236
2.4770380636539127
287.1118760757315
1.1997005512091803
318.77111872146116
324.1363900174115
3.015145113283194
7.904742268041237
0.8684565977742449
194.86986301369862
295.2304120719675
7.439167435040887
285.6372605919907
281.5520594965675
