302.25984251968504
1.8891324416320654
301.6441558441558
6.592996047741707
217.72727272727272
221.1741424802111
6.2533849129593815
215.24917600527357
2.638805123099639
2.938703717474245
3.8571644233977973
318.74917925147736
6.999753548895899
1.1775226138351425
1.7085198348885087
2.061046670595884
0.9422774187111294
224.26451187335093
209.49740932642487
213.36675461741424
4.297950611522148
2.104480946403115
4.076265509872093
2.9652491058266626
322.20165922144224
3.802421365939989
2.7339814578882375
2.545644514511231
2.592635844421046
261.777706185567
266.4124590163934
283.4284793814433
288.4465573770492
8.136458372101679
0.9898842910254166
210.74248366013072
212.5484508899143
1.5861475533714575
1.3153729873342341
224.6303780964798
5.853868143648383
210.48463508322664
1.68001676857324
1.168134875665505
4.535712288941071
