0.004416761999991081
0.00486311000000228
0.0023008500000116783
0.007062036000007765
0.0073388649999941435
0.01250330799999233
0.0032357120000057193
0.0023692580000016505
0.0030984170000039057
0.002953887000003874
0.005563140000006683
0.0038360780000061823
0.024296730999992633
0.004012696999993182
0.011983059999991497
0.009646154999998657
0.01596211700000083
0.005719560999992268
0.005258859999997867
0.003144371000004753
0.012266800000006128
0.005880836000002887
0.009524807000005353
0.018275095999996438
0.009410411000004615
0.0030459909999933643
0.011520689000008133
0.00905464899999231
0.015409091999998736
0.0036182089999954314
0.004330913999993413
0.004660035000000562
0.00219979799999237
0.006699444999995308
0.0068781559999990804
0.011444853999989846
0.0029331839999997555
0.002639959999996222
0.003136120000007736
0.0027538920000012013
0.005153395999997201
0.003906369999995718
0.023009344000001875
0.003961724000006939
0.011677044999998998
0.009476508999995303
0.01630159100000128
0.0058662670000018124
0.004962028000008445
0.003064692999998897
0.01132634799999721
0.005228424999998538
0.009311113999999066
0.01602287600000807
0.008839811000001419
0.003070116000003509
0.011541989999997782
0.009175354999996443
0.015316806000001293
0.0034471670000044696
