0.035141650999999996
0.001231564999999435
0.0015060970000000395
0.0011008599999993152
0.001184514000000192
0.001369620999999377
0.0013295319999997446
0.0012948010000002341
0.001438590999999434
0.00110555599999973
0.0010517330000006098
0.0011422249999997192
0.0012503210000005538
0.0012572559999997068
0.0012047349999999568
0.0013007190000005053
0.0011287879999999362
0.0010974969999999473
0.0012777339999994197
0.0011178020000004452
0.001161607000000231
0.0012149730000006187
0.0011813649999998788
0.0014359820000002799
0.0011907739999994504
0.0011415589999996811
0.0011097940000004414
0.0013431939999994924
0.00123682799999969
0.0010021989999993153
0.0012376170000001352
0.0011720699999999695
0.0013370339999996261
0.0012617189999994949
0.0011758820000000725
0.00117427300000017
0.001163242999999703
0.0013525909999998476
0.0010047440000002794
0.001229469000000094
0.0014023159999991819
0.0012337470000005624
0.001388908000000022
0.0010353819999995295
0.0012766810000002238
0.001143964000000608
0.0013375209999999527
0.0012166489999998475
0.0012564039999993781
0.0013667479999996957
0.0011889800000002282
0.0012489000000002193
0.0013851309999992623
0.0014344990000001445
0.0010774530000006166
0.001108912000000295
0.0011632130000007734
0.0012245080000008457
0.0012360270000000284
0.0011075019999999824
0.0012790249999996561
0.0012379769999997237
0.0012815250000004497
0.0013770509999995184
0.0011911599999994138
0.0011173849999996932
0.0010883109999992868
0.0010250540000003028
0.0010834329999998005
0.0013943969999994366
0.0013067529999997163
0.0010726930000002355
0.001115790000000061
0.0012275020000007686
0.0011701379999999872
0.0013721809999998058
0.001206081000000303
0.0013976419999996992
0.0012307739999997125
0.0010792049999999165
0.001238536999999873
0.0011781979999998526
0.0012838650000004392
0.0011932869999995432
0.0015472819999997611
0.0010751440000005275
0.0014791690000004465
0.001373730000000073
0.001167173999999882
0.00126724700000036
0.0010642329999992484
0.0014730649999998846
0.001217689999999827
0.0011620670000000999
0.0012055470000005286
0.001119253999999792
0.001091605000000051
0.001126232999999921
0.0014099910000000548
0.001294436000000232
0.0013930950000000664
0.0011279540000002086
0.0011065569999999525
0.0010584549999999027
0.0010413899999992537
0.0012287720000001556
0.0012463010000001162
0.0014606859999997113
0.0011431539999993134
0.0013254309999997105
0.0013211349999995292
0.0014680760000000959
0.0011870449999999977
0.0012053810000001164
0.001407600999999481
0.0012890139999992556
0.0013271330000002024
0.0012584010000011858
0.001123522000000321
0.0011831910000008605
0.0013515460000004254
0.0010627999999996973
0.001090458000000183
0.0013507130000007805
0.001246080999999677
0.001427831999999185
0.0013153470000002443
0.001310250999999596
0.0012536020000002424
0.0014161260000005171
0.001116060999999391
0.0010716510000001733
0.0012860210000003036
0.0011304549999984204
0.0012265510000002422
0.001116222999998584
0.0013091890000005435
0.0011372230000006311
0.001097202000000408
0.0012457709999988964
0.001150678000000127
0.0012687039999992322
0.0012679220000002545
0.001215292999999562
0.0009734000000012344
0.0012760250000010132
0.001072041999998774
0.0014549559999998962
0.0014152249999987987
0.001264192000000719
0.0014106729999987522
0.0011587509999984036
0.001157456000001389
0.0013688829999995988
0.0011195359999991439
0.001286158000000981
0.001326856000000376
0.0013387109999989377
0.0011957840000000886
0.0011857250000009145
0.0012444079999998081
0.0012520909999995666
0.0013240269999990062
0.0013788790000006657
0.0012944590000003586
0.0011530079999992893
0.0012130450000000792
0.0010917929999987308
0.0011087389999993036
0.001244821000000229
0.0012363999999998043
0.001219151999999113
0.0012773060000004222
0.0010766639999992833
0.0012265549999987968
0.0011055790000007448
0.0012011439999994877
0.0010443599999998554
0.0012698049999997352
0.0012282070000004808
0.0011948919999991148
0.0010989160000001164
0.0011788269999986056
0.0013237880000005475
0.0012765130000005342
0.0011611640000008805
0.0012848999999999222
0.0010495470000009277
0.0012814799999993909
0.0012276889999984775
0.0011329639999999586
0.0010377830000010135
0.0013926619999988787
0.0013401579999996471
0.0011940980000009205
0.001216811000000817
0.0012745750000000555
0.001134245000001144
0.0011516760000009896
0.0011820220000000603
0.0010725029999996138
0.0012804580000000954
0.0012899750000006094
0.0011912649999992198
0.001072914999999952
0.0012749319999993958
0.0011659169999997943
0.0013189760000003048
0.0012173650000004699
0.0013214920000006458
0.001163122999999544
0.0012385679999997734
0.0010710760000005592
0.001634874000000508
0.0013383099999995096
0.0012199679999991275
0.0010838890000002266
0.0013040609999990238
0.0012883779999999234
0.0012918699999993066
0.0011538649999991435
0.0011112600000000583
0.0011206559999994425
0.0012967419999991847
0.001334932000000677
0.0011316520000015373
0.0013540079999998511
0.0013027289999989478
0.0011259850000016058
0.0012750320000005644
0.0011109109999996036
0.0011182450000006838
0.0014699809999996205
0.0013726900000001763
0.0011823960000008071
0.0013239729999998673
0.0012550659999988056
0.001102744000000655
0.001390253999998592
0.0013398940000008963
0.0012243729999994457
0.0011929600000009088
0.0012129529999995725
0.0010678229999996347
0.0015731490000003845
0.001138662999998985
0.0010252330000000143
0.0014340809999993098
0.0011628029999997125
0.000993211999999133
0.001115702999999968
0.0013778620000000075
0.0011462449999992685
0.0011783510000000774
0.0018369830000004583
0.0011353270000000748
0.0011343109999994994
0.001169631999999865
0.0012155949999996807
0.0010855180000000075
0.0011527929999992637
0.001072758999999479
0.0014442649999999446
0.001182023000000143
0.001032284999999078
0.0011676529999995466
0.001336148000000037
0.001233618000000547
0.001159068999999846
0.0010654600000012948
0.0011183230000000322
0.0013075199999992293
0.001150326999999507
0.0010764099999995835
0.0010693879999994493
0.0011189090000005564
0.0012990819999991743
0.0009730260000004876
0.0011445029999990197
0.001078339000001094
0.0012815970000001897
0.001150599000000696
0.0011241499999989912
0.001077421999999828
0.0010688119999997525
0.001253303000000372
0.0011082490000013934
0.0013117699999991572
0.0012156309999991066
0.0010296160000002885
0.001284300000000016
0.0010353240000000596
0.0011948870000004774
0.00114546499999868
0.0010644729999995661
0.0010762040000003026
0.0012823800000010266
0.0012483850000002406
0.0014783230000006142
0.0012072280000001712
0.0012458380000008873
0.0015535419999999078
0.001316360999998878
0.0014058289999994145
0.0013578869999992804
0.001228067999999638
0.0015680350000000232
0.0013085159999999263
0.0012984379999991802
0.001100002999999461
0.001107535999999243
0.0011441889999996846
0.0014851409999998566
0.00123078999999926
0.0012480050000007736
0.0011256849999998764
0.0011239469999999585
0.0011937959999990255
0.0012201350000005107
0.0013098320000004549
0.0012543720000000036
0.001287413000000015
0.001408389999999926
0.0011727799999992072
0.0012964950000000641
0.0011091210000007123
0.0010179780000001415
0.0012296989999995844
0.0010975979999994223
0.0010215149999996953
0.0010958310000006577
0.001358666999999869
0.001257256000000595
0.001047296999999503
0.0013513780000007358
0.0014952479999994495
0.0011229359999997968
0.0010899430000002042
0.0010791000000001105
0.0011948820000000637
0.0014140180000001834
0.0010038970000003644
0.0011828040000008144
0.0010925119999996014
0.0010557249999987306
0.0012124040000003333
0.0012949229999996703
0.0011028500000005437
0.0010222280000000694
0.0013565250000002749
0.0010446580000014194
0.0012431539999990804
0.0013181380000002463
0.001174326999999309
0.0014513250000014466
0.0011158140000002703
0.0017372460000011358
0.0010327059999983845
0.0011971089999995854
0.0010825020000009289
0.0012137819999988864
0.00112392700000008
0.0012670470000006873
0.0011096909999999127
0.0014247790000005978
0.0011720530000012275
0.001023761000000789
0.0014766769999994267
0.0011530539999995426
0.0012221590000009996
0.001194170999999855
0.00150870600000097
0.0011859830000009453
0.0009991819999992657
0.0012102409999990016
0.0012391389999990565
0.001142109999999974
0.0012025840000013943
0.001130279999999928
0.0010592210000002211
0.0012050780000016914
0.0014333939999993106
0.001079185000000038
0.0010488960000003544
0.0011954020000004562
0.001307585999999361
0.0012968799999999447
0.0011514909999998935
0.0009680109999994357
0.001192204999998836
0.001053100000000029
0.0010103580000002665
0.0009837759999999918
0.0012030909999989348
0.0011301509999999126
0.0012139849999996954
0.0014809619999986978
0.001264418999999961
0.0010913129999998716
0.0010034950000008536
0.0011965990000000204
0.0010161530000001306
0.001099360000001326
0.0013815449999992069
0.0010775249999994685
0.0012082270000011164
0.001171215000001169
