0.001364860999999884
0.0013084289999998333
0.0015492570000001926
0.0014196939999999714
0.001127808000000119
0.0017317139999999398
0.002300042999999974
0.002157858999999984
0.002096559999999581
0.0020038200000001005
0.002084780999999758
0.0022282609999999536
0.0012207730000000083
0.0004429870000000058
0.00047132400000027275
0.0004682909999997875
0.000391667000000151
0.0004376070000002841
0.0004748220000001524
0.0005178690000002817
0.00042686299999994404
0.0003937580000004104
0.004202403000000299
0.018587775999999945
0.018502972999999923
0.004011046000000018
0.0039694120000000055
0.004140703000000023
0.004062282999999667
0.004038283000000309
0.003939195000000062
0.003907243999999643
0.00411176599999985
0.004809091000000265
0.003706058000000123
0.0040204959999998735
0.00407302800000009
0.004018079000000174
0.004097624999999994
0.0042602790000003665
0.004226793000000395
0.0041295129999996405
0.004844124999999977
0.0013919080000004413
0.0012891259999996407
