0.003873768000000055
0.0038678050000000574
0.0038120070000000617
0.003909505000000202
0.003891820999999851
0.0037680179999997065
0.003999955999999916
0.004616447000000079
0.003706397999999833
0.003768189999999727
0.0038589139999998245
0.003787874999999996
0.0038514279999999346
0.0037833480000002417
0.003798018999999986
0.003679993999999631
0.003753949999999673
0.004911515999999949
0.003801551000000014
0.004580022999999933
0.004426703000000032
0.004242463000000196
0.004019969999999873
0.004102897000000105
0.0041138030000000825
0.004276529999999834
0.004940833000000033
0.003928015000000062
0.004159178999999735
0.004085245000000182
0.004104357000000114
0.004154046000000022
0.004178020999999976
0.000573343000000115
0.00055643800000027
0.011568217999999852
0.011178147999999943
0.01157713299999985
0.011574479000000082
0.011664526999999758
0.003286205999999403
0.011532575999999573
0.012098194000000007
0.010985737999999579
0.014842058000000158
