1.0488964480651615
52.04103033287257
73.87641363964761
66.04081518331867
92.19142113431593
153.03564855171805
64.82689446657098
41.27051182425877
48.63607823937534
27.664763357769576
71.42921144007516
76.16330656030104
73.70812296821872
74.4851631346286
81.3019929190011
77.96249474059937
82.01148877222212
17.627748948137473
64.06828695784537
15.843901540384495
44.87984736894923
134.48687934594756
28.38910301932787
66.475980009211
13.857916270704914
70.80215453282108
40.94104125764518
139.25910022381336
17.609347156612106
475.1265736091028
