32.61528344338012
37.09877270318856
15.679484841994084
52.65736046314436
2.8347981187342315
27.384991741628596
55.99986013755202
1.5928519468197424
53.272451531015946
31.812034450314354
85.18556150380176
29.695161668444157
59.01140957883304
51.09217229177059
19.360874342916357
55.50437948764286
0.03884414063289454
19.388270055947633
60.845805979559394
25.304495137765894
20.408408882251845
0.4445102692009812
54.92971729528204
12.5810303314141
12.864808504425122
3.9814923334675805
3.486944992409284
29.64875434347081
36.19937965414648
5.791022461570333
