12.080378638365234
30.51127338874465
18.69185679874258
58.652941906559676
105.7920592637147
29.19194574095048
42.9618584903909
41.36696818450476
18.026454876872606
30.11577999696308
4.670586233108385
53.47784021923859
5.702708047636731
43.82498741286487
51.44782876926615
43.01830295448844
4.706382890050307
3.6724792649802196
57.3227320689375
28.580976951728736
77.62000870229322
31.44256960422355
11.500208548683496
29.249225340950602
26.935259496622173
68.03037583675413
6.67730150083013
38.524510629296664
24.80271967376144
6.66914054835479
