21.32441259562108
46.51030509994339
5.616385310031807
43.224025072872045
15.909803787025064
12.503601983192597
55.645602901479066
14.197506885515153
12.487231639461355
3.7918543252176806
70.80909744831197
7.480997576074298
42.58702683174847
57.124896455190594
27.895525469588936
2.869426036250547
46.23808809433728
13.801736856129232
52.59737329694107
33.35337549551608
22.173329179772132
29.272180292949233
15.695529148680338
48.377119586036464
33.349623470400665
60.56441524746047
33.95231488569282
39.10553416492314
11.666104338485821
7.612176966144037
