690.9068756060725
1043.334534880642
1013.3946691863335
191.55378382066556
270.0565460413178
986.6074941345713
860.1107272862914
143.02356798885293
366.7839088557473
1194.5551094959874
1064.810980786709
1133.0980792546954
831.4105015269093
921.789435725916
1068.299252068207
1052.0994059687625
811.1018824007268
456.24455589366215
447.9294730337745
948.2310407434651
841.9977055179542
660.9522934805533
162.39172716332905
37.28273586729763
981.1199417765833
790.0015913217834
868.4610715018155
848.2849439958406
335.7926565149578
933.3348727463257
