1.0729257974972812
683.0522965274452
1763.9584491381243
1066.6837017858697
855.5560369710267
701.3394698482117
470.5574974532105
1242.5691027499838
1645.3311879077094
1907.6916183112157
1414.8655087565064
658.0518123072867
1935.5741656409605
1688.4395733969236
531.7151481714142
1655.8521980308074
127.02949859909457
1071.2312298069983
880.499713598981
1004.9269384718596
700.9237866393428
1113.548264098821
1064.1680771465892
1708.6377555445456
500.03630054058345
1686.9527925286686
1529.6931132417992
1471.2616010931365
1027.683925307974
125.24691254882467
