1182.4887275202916
385.8739124331978
185.67575052691126
388.86678563854554
1175.2755411243836
1.340194698085494
597.1563726173337
2315.5504626909
618.9457482129012
1354.9691046314658
252.09411386541674
1113.084101214884
774.1787244389891
703.9943152534944
310.9940312844766
624.585165585697
326.4021339285451
0.024790706900525386
178.12871076487914
410.06420881649234
261.6875368061674
588.57909390255
280.7314201599873
520.6737022032173
245.46646091017226
117.94923613750682
406.35952281358965
1029.7232828411602
418.94006560641895
157.74557938946174
