4.198838448396839
25.64357219282626
7.786109625953363
16.75834848743779
28.695312623314166
29.608408276541244
22.628392239370616
11.210719350847887
34.449906642447935
15.312885708051175
8.146426022663782
26.775731605197365
36.22423351115216
21.668161418248545
12.947819284500666
18.917333707437667
22.449746091994243
19.629216558864574
19.421994668641698
21.678977851382356
21.364529623510023
8.868139311239812
18.812580790251715
23.964544302261228
0.6241621671498926
34.95496298426268
53.81631758927114
17.208055654156787
44.92497167124463
6.266189403114132
21.419943576576618
17.67495697765578
23.027035913192993
24.149575081300572
22.122371215871713
0.8069342069612574
20.256330111044086
25.69104368553198
6.079810457397884
13.137605718086403
21.818313088899572
19.17477024836333
17.735792349722573
13.637604268941454
27.873519959065373
