11.336775612557247
9.321146033210576
0.8995656021079275
8.868712919693586
40.513596603340346
9.852899367359392
10.206333068506567
0.9863572188416364
10.874953339166034
11.843668862756923
13.906983657828793
10.477329963931211
10.29204805082223
11.292525852082864
14.790067467312637
8.248162867047279
15.151198817173059
19.991689132768393
5.68458005484836
5.9095272625645565
4.891891120826086
5.232578916877814
0.5998405232780412
3.4113669849754977
5.495592206579704
4.435441716921113
7.637322790532693
7.288571159019911
0.763123942197043
1.2931475019429917
4.682525510749804
0.7928183678031331
6.266375104032796
8.457690937765063
0.9101944910913566
0.8138976838641181
23.048420893948204
0.5113804738515663
16.080817950847454
5.526543611734987
1.7998091005993455
0.4397295885326282
2.6131173457415895
3.549561211905524
3.589577859637602
