1.8535499005351994
1.1668277685936022
86.07105633750221
1.0410982441236378
78.18547181454052
131.4755564912111
8.196492985427364
0.8321431593707039
19.01838323900505
0.868981460621095
0.7126545512635721
19.726871405980543
295.2566344249234
324.95703951210385
69.47135605287264
169.3836779505309
0.884332413256696
57.07013121053725
98.70745966123688
0.9003734693448625
93.41269608567728
79.44908706378115
35.42758751758922
169.63414753913744
186.6004495727862
191.9486467613906
73.60603530356482
65.72253034486255
85.42538875602258
87.88509693991452
14.278536707461697
37.14460822297981
107.01859555500408
198.86462917431973
237.26396274991708
0.7133493080127825
169.98686893342088
201.124486333233
0.9278674864480637
383.2064658060728
0.923516790853954
228.75805778830576
0.5139250581702797
1.1988113968477365
1.4880098924276752
