3854.433949679925
7173.925082556459
6395.369175405383
5771.192402514634
6815.728792587922
6482.846218770296
6978.206121292016
104.96603475750248
7001.729037642821
7003.076708161235
7501.734267188409
7402.870994437665
7609.958715982086
6079.348197154528
10460.582281975303
6613.554227216614
7521.39228994827
7764.86006559712
9340.473769167695
10625.226203431377
8429.744311067248
215.01678232406596
9679.864009661671
10426.834488680019
9474.41168757683
8272.217697103291
9593.536907351967
9213.101422786249
13492.852364952969
10044.88207103403
9522.513411906528
7692.190594223329
9537.992098547478
7278.282757189223
10335.52786418075
9705.853354026365
8225.122843434216
7786.423975476196
7127.7501942589615
6832.090528072056
8058.023465871233
6960.155954542687
6778.416155496818
7089.163158015166
9845.814313851723
