0.00818300299999919
0.005814400999994973
0.002231763000004605
0.005149011000000314
0.02378735799999987
0.005943028999993771
0.005635270999995612
0.008468832000005477
0.0032101100000048177
0.002539812999998503
0.008688618999997288
0.006172970999998029
0.0023808649999992326
0.005464353000000699
0.02409000500000502
0.005684426999998493
0.0062657889999968575
0.009110995000000344
0.0032297759999977416
0.0025276690000026747
0.007963799000002325
0.006025868999998352
0.0022274290000012797
0.005231946000002097
0.024781789999998693
0.005763565000002302
0.005893237000002216
0.008514972000000398
0.0033138080000014725
0.002324956000002487
