0.0042218589999976075
0.003573628000005158
0.0036661190000017996
0.007708389999997678
0.002896718000002352
0.002605553999998733
0.002397936000001266
0.00537473900000407
0.00516001700000146
0.00235791300000443
0.004420631999998648
0.0038830359999977304
0.003876079000001198
0.007624911999997153
0.0032154880000021535
0.002677743999996096
0.002161465000000362
0.005543254000002662
0.0052718869999992535
0.002538911999998561
0.004486094999997192
0.0037960080000019047
0.003929107000004706
0.007881281999999601
0.0030335639999989894
0.0024881730000032576
0.0020555119999983162
0.005338713000000439
0.005185140000001809
0.002402426000003288
