0.0022305459999998334
0.0024682570000038595
0.002437401000001671
0.03174430600000022
0.020278316000002405
0.0023020829999964576
0.002492351999997311
0.058216764000000865
0.05236929200000162
0.0642122169999979
0.002271458999999254
0.002702691000003199
0.0028237960000012663
0.03337958000000185
0.02139009399999736
0.002648858000000587
0.0024070119999990425
0.057737766000002466
0.05455045200000086
0.06689140299999963
0.0022056959999972037
0.0024312339999994492
0.00267484999999823
0.034561714999995274
0.020975757999998734
0.0024454050000031202
0.0025697590000035575
0.05789225899999906
0.055699013999998215
0.06861640099999988
