1.1135955579974577
3629.1663878832696
2150.272896585345
6969.206432099509
7262.889106945609
4923.000430577256
7382.991751977144
7347.878253914343
6713.419130396305
6951.183833168253
6570.203727729524
5384.830894008461
6293.801511609035
3929.3174769344305
7841.018323710811
6346.431224403889
6569.1392960556195
4952.329318955018
7249.415258991636
3290.800280744462
3667.3955720297154
6810.064544787916
7665.604932505389
7006.859790579719
6074.8127571556
6060.371547463187
7599.969354956775
7648.947039080105
1398.448744343184
170.77440973623203
