6030.941977246446
666.4015369136843
3863.8543907606845
3615.7953069766004
3398.184294531616
4224.720866016926
5986.987320475706
4221.564791765052
2153.123280544225
2599.8781163085423
1477.2835467111577
1961.29520555905
2224.4078982882875
460.00542184112766
354.3024817245954
143.26050636423759
1944.7790565064151
3221.294820045047
2646.634391829661
4003.4595089844897
4262.547486581885
4418.134019877403
3340.3265457136904
4293.188100766183
1758.0181366286197
1179.9780331508227
1674.0214390812394
4337.642675077866
2422.8854276930283
3185.932902632385
