5.176237958339031
25.229479860315745
14.693878682566709
2.912680024698317
42.62840340056667
38.26476764333991
21.266980883012764
46.29544667720986
56.482565163326925
51.92232585323244
51.66228758966802
5.858565990818299
23.192195077681273
25.762651389911902
23.84147817873386
0.6680817632962317
14.575679300792908
0.6784821120603464
9.445279104494615
4.421990314288587
5.166885631484401
7.469387254301294
11.080981691366198
0.7060318429994582
20.7441839383016
8.864514001171218
8.372241306439728
0.8135496056488138
2.485766551991423
2.223587720957664
19.774648091220318
27.657464913162134
5.094768252157739
7.816989418463162
2.680843339443521
0.4330659256497654
0.8394219927683487
2.573703461820185
84.33389667669283
65.14368264694227
1.1501218493351242
21.742626792688487
1.3021141008505337
0.5953890342407939
1.1558936231896157
