26.826405569793934
33.50556655986531
59.82882084663849
172.0427894415638
0.9806707050552795
50.32188094159019
31.866521381278595
13.217310309868141
138.6926090506345
37.00499180642924
113.22789600251656
0.9363363040621715
4.376826270172943
0.9074714913988732
143.21575324391756
0.83311016672968
0.162825145119801
1.8229242597050335
1.6122623346914884
8.71510361776281
0.9286493122056834
10.686249820539194
0.8589498677446484
1.230243228975285
45.35221597197332
25.774121306115717
0.9399460139258459
76.65620770899265
87.73656531893224
101.78404309909179
0.7285469960034051
5.427440983065697
20.60831893515485
18.08366604798563
0.8137850333348049
49.56233506550926
0.9092628244566128
92.92993199935127
4.388018338809863
64.89736150955981
1.2848185470654463
153.8725520044569
291.7162287037421
280.0137597764154
0.9061052396163628
