140.2132340777502
4.162389813907933
31.18230673832162
15.57442717513219
56.12085561497326
49.403152008134214
18.01252106910667
0.7080230136599485
5.790695479852788
56.328682170542635
48.327967806841045
5.549481957842087
6.675132786093674
5.7343146466228205
28.451747522170056
3.645913770913771
5.095387605591688
36.469234884965225
20.97313753581662
31.347430406852247
7.147616468039003
28.25374732334047
27.373665480427047
16.613989115097763
31.056217246307767
29.859198355601233
16.101481814099685
5.55729560427692
26.36977823620423
6.273570658036677
3.605257533661039
17.32404540763674
16.985043837029398
16.993808049535605
16.985043837029398
16.993808049535605
7.818199052132702
2.5754590537461466
17.9939446366782
21.335175879396985
20.59801359121798
1.9803037814936675
10.855793450881611
16.841206030150754
16.190246516613076
