20.149359886201992
23.361411496869664
8.121184088806661
30.50037792894936
27.92118582791034
9.596608116293156
22.912509038322487
23.575207860922145
3.5029973357015987
23.851095993953138
3.7556091229371407
30.422524565381707
1.718221300317625
14.229961304588171
4.727682403433477
31.160997732426303
7.329274843330349
30.940287226001512
3.078535514481977
4.563932980599647
23.400904295403166
23.603563474387528
23.959306706857575
23.603563474387528
34.497523000707716
36.187824795842616
31.238131122833458
30.774313288789905
31.238131122833458
30.774313288789905
2.442353371094464
34.071590052750565
32.415284787310746
24.281899109792285
29.498918529199713
19.55267175572519
21.54821600771456
33.87565938206481
4.458673826756946
28.868480725623584
27.29284164859002
28.53061224489796
14.3856740694401
33.31453362255965
32.183673469387756
