14.8049025769956
65.84464385866517
67.95903058280439
65.94840157038699
67.95903058280439
4.741940899932841
16.468221574344025
11.663573085846867
38.215204678362575
4.709801362911411
37.99239766081871
3.190048594971477
1.3258155606747417
67.73598553345388
0.6453377567586644
4.652935606060606
1.245583717357911
7.5676779463243875
8.794857462269425
0.6746987951807228
3.3091632985461783
19.57463976945245
23.839633129516397
4.763184584178499
20.526257965282355
54.32303206997084
53.25
14.151977131967604
5.704997313272434
6.187172011661808
13.104597701149425
13.060314685314685
42.44602272727273
44.01037463976945
43.60340909090909
44.01037463976945
43.60340909090909
14.87319966111268
29.923863636363638
25.436332087560064
2.7310677574994755
4.333868747131712
8.544565217391304
1.8512026090501428
9.381188118811881
