0.5334080214529161
964.3090322580645
1245.8141067897166
107.85875175973722
0.9529734899030335
116.91964147736053
498.15359261700723
103.10359239725346
682.9848384970336
15.928855926383738
334.64260355029586
3.3390386834729697
0.9474583903138655
71.01548387096774
55.81608437705999
0.8325340056820777
58.79677419354839
0.5277147355292482
1.352801463651352
407.17290322580646
737.901120632828
74.22168181236401
382.2636783124588
373.778064516129
212.30149062349736
854.5477419354838
875.1067897165458
856.2748387096774
22.11611704598235
13.595257563368765
54.31179960448253
0.9385533882326482
43.08515250038705
0.9435881315857808
445.9167741935484
0.9349846273762612
66.90715630885123
193.7923533289387
0.9098494366995421
390.498712998713
619.7343852728468
606.5740025740025
0.8868506941080916
155.99827453987731
0.961022340534542
