0.16281715400000007
0.11370232300000005
0.10884470299999993
0.07531095199999971
0.07204975400000002
0.07381818100000004
0.07438766699999988
0.07287099699999988
0.07251708399999979
0.07389547399999996
0.07126960999999987
0.07053692700000003
0.0707286189999996
0.07542940699999967
0.0692062920000005
0.06425165400000044
0.06529968699999955
0.0655264459999998
0.06240040900000032
0.06748620000000027
0.06691861400000043
0.06510351200000031
0.06896996000000044
0.07259527600000037
0.0702678799999994
0.07234129099999986
0.07232359599999949
0.07352279200000034
0.07222547599999984
0.05869423900000026
0.0654157960000008
0.06486866699999982
0.05561818299999999
0.055764110000000144
0.06333668399999937
0.06866323900000104
0.07122780799999973
0.06860697800000004
0.06374196300000001
0.052578944000000405
0.049947464999998914
0.0696983909999993
0.07300132999999853
0.059657417999998685
0.04885018299999899
