0.05789606500000133
0.0591603420000002
0.05447991100000138
0.06525844599999964
0.05639552200000075
0.05370354899999974
0.0577523529999997
0.05783804699999884
0.058312854000000414
0.06343401300000018
0.06370673399999838
0.06004337099999901
0.05927422300000096
0.05875423900000065
0.05927523699999959
0.05558221599999946
0.05342282800000042
0.05460010000000004
0.05660054600000031
0.022679571000001175
0.04777763700000115
0.05026139600000157
0.05462336000000079
0.05325881100000629
0.05125059399998122
0.051207132999991245
0.05720532399999456
0.04995235499998785
0.05432733399999279
0.05592316400000641
0.04671604700001808
0.04690203699999529
0.04371769099998346
0.04717042699999752
0.04389559300000201
0.03956226400001128
0.04164591800000039
0.04182200900001476
0.040659853000022395
0.0345244540000067
0.03552861700001131
0.03506096999998931
0.03527223700001514
0.04409659099999885
0.040462428000012096
