0.038684987999999976
0.03622914100000685
0.038979742999998734
0.037693845999996256
0.03264879799999676
0.033639881999988575
0.03506725900001584
0.02787921899999901
0.02729326099998275
0.03514245799999571
0.033197258000001284
0.034296161000014536
0.035801185999986274
0.025165426000000934
0.026021251000003076
0.022378537999998116
0.0020958140000004732
0.023387128000024404
0.024757494999988694
0.03287102600000935
0.03244020599998976
0.020114371999994773
0.02718040799999244
0.018452604000003703
0.019207803999989892
0.02033201499997972
0.018554794000010588
0.013347366999994392
0.013545524000022624
0.017066991999996617
0.017547820999993746
0.015451374999997824
0.014871647999996185
0.014205583000006072
0.012701862999989544
0.014188883000002761
0.013127208000014434
0.01229229800000553
0.01222067000000493
0.01791717099999346
0.018183508999982223
0.011321166000016092
0.010667165999990402
0.02553891199997338
0.0252575539999782
