0.00954371600002446
0.010514574000012544
0.0088705750000031
0.007800508000002537
0.007206985000010491
0.00566574499998751
0.004979560000009542
0.08254788200000007
0.005600138000005472
0.004949973000009322
0.0024375079999856553
0.002985476999981529
0.0036898620000158644
0.07010253199999283
0.07275905400001648
0.0713546069999893
0.017752145000002884
0.04713953200001697
0.01793344699999011
0.002719651999996131
0.0029946540000196364
0.0029943929999944885
0.003112186999999267
0.017657579999990958
0.011785121999992043
0.012692764999997053
0.013299785000015163
0.02796617299998161
0.002512282000026289
0.01331515300000774
0.03685594499998501
0.044060962999992626
0.0009751139999991665
0.07262460399999782
0.0416662960000167
0.022100730999994767
0.014332494999990786
0.013972337000012658
0.009866212999980917
0.011114926000004743
0.01086840900001107
0.009758416000011039
0.014725368000000572
0.01070753299998728
0.00895165200000747
