19.120793699919055
119.29048907104062
58.07492890032385
82.88621745285333
28.584159110271372
147.74118519686525
26.358669663726054
111.53579651746401
222.32239419125457
38.017696454045165
94.16574552102072
78.44711017642194
289.1013528932156
189.46492257029487
140.5135537103406
150.86011661419687
133.017161388195
86.15669144772718
125.2955398851195
14.620406182900304
45.36429279069329
62.540361260571466
74.35393827096023
57.61894800859169
105.10344580066958
137.6453731301643
13.983710556567932
181.39147852500662
95.47586750147875
138.98860448310066
