85.44051951753131
41.69767116673743
26.753343482283977
24.289438041424514
139.6091836819991
198.69371037990558
188.35498385783112
171.9379892604653
90.32377666061193
100.07083354695204
92.18743788903895
102.89976397290557
28.40567439027604
100.17733038104045
84.76160358570596
176.48255951992994
100.91075962066972
111.86355564896738
86.05768927249748
219.88762701209316
114.69653640968463
111.43219586228417
182.0329960697888
50.65827465372266
168.53828486992023
147.95908435754035
187.97793198783816
84.83578701636146
61.702534690809415
106.76322281544235
