150.21006479037794
1176.0880042551626
101.50640645586579
49.88756781077182
104.40312624696655
30.429848514847546
223.56746462831174
253.2691732248822
78.80501296671119
1.487170451696239
99.01039695086507
414.5910483949542
227.1815231121076
220.8659165150969
207.13639111671208
40.184463053078545
12.482185467565026
194.39343396025058
25.356572927862118
20.155496581898888
43.341925486251235
518.9146661048244
49.96493222612134
70.80784630845835
220.34778136546106
121.88810583156473
85.33750471439257
60.173592471899326
8034.163314661344
114.29941065956282
