0.01601558400000025
0.014207031999999842
0.014388904000000036
0.014416036999999715
0.01554506
0.015702823999999893
0.015818947000000083
0.016006420000000077
0.0366526519999999
0.03671663400000025
0.03824463999999983
0.03632188400000036
0.03732753799999999
0.0362711710000001
0.03897054299999958
0.03632085000000007
0.037345471000000074
0.03593565099999996
0.017329679000000375
0.01855132700000084
0.016462512999999568
0.016082458999999716
0.013463792999999669
0.012085597000000448
0.01359169099999935
0.013589490000000204
0.013601457000000039
0.013521625000000093
0.013740744999999777
0.015199652000000619
0.01387455099999979
0.013865384999999897
0.013487657999999847
0.013220656000000552
0.013356446999999605
0.013090903999999348
0.013280689000000123
0.013546986999999788
0.014896709000000286
0.012510471999999773
0.015835343
0.015421491999999759
0.014534569000000275
0.015057901999999679
0.01324760300000083
