0.012284172999999399
0.01210064499999941
0.012263946000000026
0.012112887000000683
0.012034424000000321
0.013665813000000249
0.012702723999999499
0.010639691999999812
0.01083634400000033
0.011566109999999519
0.01185265099999988
0.012605876999999488
0.012607736000000536
0.01193101999999957
0.011113447999999693
0.011638152999999818
0.018972501000000364
0.019718130000000222
0.0202918099999998
0.018823283999999774
0.01856728500000049
0.019102795000000228
0.02020921799999975
0.018529961999999678
0.01813391599999914
0.017865740000000407
0.01880821399999988
0.02020781499999913
0.018453161999999246
0.018047377999999448
0.01821508599999966
0.009987141000000754
0.010150584999999879
0.011463662000000596
0.011342932999999888
0.011645096999999716
0.011373530000000187
0.013407390000000241
0.011397091000000081
0.011424932999999804
0.012912711999999438
0.011663150999999594
0.0118954639999993
0.013547097000000008
0.011946336999999474
