0.012028014000000198
0.011946470999999903
0.012445196000000713
0.012255982999999304
0.012306636000000815
0.008211203000000111
0.008443406000000486
0.007242301000000673
0.007276015000000413
0.007420192999999742
0.0075139100000001235
0.0075372410000005274
0.007669218999999394
0.006768335999999486
0.007011475999999739
0.006136506000000708
0.008251901999999589
0.007876695000000211
0.007745834999999701
0.007784290000000027
0.00841234600000007
0.008267172000000045
0.008038551000000282
0.03886622600000056
0.005975780999999181
0.006012837000000104
0.0059441410000005135
0.0063154960000000315
0.006451074000000112
0.006372132000000086
0.006468442000000074
0.006205532000000069
0.00624174500000052
0.006338815000000331
0.006628169999999933
0.00800380200000017
0.007626201999999971
0.007524591000000136
0.015248675999999683
0.01467819299999995
0.014656225999999606
0.016271981000000046
0.016399159999999746
0.015607369999999676
0.008394502999999887
