0.00818835100000026
0.008448206999999819
0.02379102499999952
0.022057410999999583
0.02149098300000052
0.021869098999999892
0.007338868999999804
0.007201464000000435
0.007688190000000539
0.007332228000000107
0.00865810999999983
0.012992389999999965
0.011191342000000049
0.01509884299999964
0.014584024000000362
0.015429625000000335
0.007297787999999805
0.007431374000000268
0.007594485999999456
0.007620708999999337
0.00739342700000023
0.007542697999999959
0.007568762000000007
0.007658300000000118
0.0049589499999997955
0.023533816000000485
0.03544195899999991
0.03708340599999893
0.038282402000000104
0.03950727399999998
0.03825289000000076
0.037516601000000094
0.03880439499999966
0.03822626200000023
0.03728263700000056
0.03936069300000078
0.03736691599999986
0.03908453800000089
0.03684804599999936
0.03759578999999924
0.03777791599999958
0.036974535000000586
0.0381817299999998
0.03591479299999989
0.036537577999999016
