143130
79366
81058
85587
82988
78736
84889
72058
85583
85583
84650
80583
73543
85583
81058
81058
82676
81398
81058
85603
84870
85587
85583
81356
85603
82593
85583
77213
78438
82625
76140
80563
80434
76583
85583
84889
77474
79663
84870
81398
85541
81058
78438
85583
81058
77962
80454
85587
91304
81894
85583
85583
85583
85587
81376
85583
84850
85194
83551
82702
85583
83551
85583
80982
81078
78410
77836
82625
85587
78583
85587
85088
83551
78438
83551
85587
80559
85603
76583
77565
82593
78068
84768
84943
80893
85587
83782
85583
83802
85084
84889
78458
84850
85587
84889
81402
85190
79633
80559
84695
80901
81058
77365
76877
85583
81058
85583
85603
82593
83551
79633
80089
84074
76583
83116
81781
82591
85085
81398
85603
84889
83551
84197
85587
84768
82718
83802
85587
78098
79366
81398
85583
84650
77599
79257
85541
85587
82702
85541
83249
81058
79346
78244
85587
85541
77839
85190
85583
85587
85583
85541
83584
80517
85583
85603
85603
82623
81078
77460
81418
85084
83529
83740
85583
82623
80198
85583
85583
84759
81062
72865
80234
83782
85587
73507
85583
82593
85583
82818
85603
85583
76036
79635
85583
85583
83782
83779
82203
85603
80329
91304
85583
78098
83158
83052
85583
82597
85583
78025
85583
85084
82718
78088
82925
78760
83551
85084
85587
80579
85603
79936
85583
85603
85603
80919
81595
85583
91304
85583
85545
85603
73978
85587
81058
78991
85583
76962
82593
83073
84585
85587
84850
85194
80859
83571
85583
81402
85587
79100
81058
85084
85583
81058
83782
81058
80438
85583
81398
82702
84889
85583
85583
85583
81398
85603
84889
83911
81058
84893
85603
85583
80561
91308
85583
81418
83283
74345
80948
79625
84889
81216
81988
82623
85583
85583
82597
81750
85583
85088
81929
85583
84889
85583
85190
80792
81418
85583
79030
79633
81078
85583
83551
83555
78193
83891
83786
81058
85190
85583
83351
80323
83512
84909
79046
85583
85603
91312
81058
80911
73583
80754
83584
88819
76161
84850
82623
85561
82595
85583
82230
85583
85084
85190
82603
82623
78867
80234
85583
82309
85583
85603
84850
76426
78177
83551
80275
85545
82593
81016
85603
85587
85583
81020
85603
82581
85603
80820
85603
83782
81750
76873
80601
81418
84893
82593
85583
84909
82613
85603
85583
90036
83555
81398
76537
84889
84732
80506
83911
85583
75738
82613
85587
85583
85603
82593
83802
75376
81058
85603
85603
70301
82702
82593
84850
85583
85583
83555
82796
79366
82593
81398
82613
83891
84850
83782
83810
85583
85603
81398
81890
85583
79235
81418
85507
85583
84655
82627
85587
80559
76043
