0.07509259699999937
0.027474743999999163
0.0347856059999998
0.00023112300000249775
0.0002500770000004593
0.0002405400000000668
0.0002700840000002813
0.00023986999999792147
0.00025016600000071776
0.021860294999999752
0.00022554399999918928
0.00021391099999945595
0.0002182660000009662
0.00025554099999780533
0.038411427999996306
0.0002823900000024082
0.0003134240000051136
0.035686080999994374
0.00021429999999611482
0.013667124999997782
0.00023553300000145327
0.009780277999993814
0.0002791920000007053
0.024423568999999645
0.015961266000005025
0.00021615099999650056
0.009761944000004519
0.03500749599999864
0.021497958000004758
0.035383416999998474
0.009592996999998604
0.00026845700000421857
0.021890346999995813
0.00024035599999905344
0.02152885999999654
0.04455821299999485
0.0002842769999986672
0.00027253100000024233
0.00937853300000313
0.00023975299998824084
0.00023527300000125706
0.021181236999993303
0.00025178399999958856
0.014440157999999315
0.0002542999999946005
