0.029235244000005878
0.047093462000020736
0.00034697600000299644
0.014616281000002118
0.0003932719999966139
0.00033685700000773977
0.02854428999998504
0.0003730299999915587
0.027507167999999638
0.07966740199998412
0.010241447000026938
0.03545543300000986
0.042748391000003494
0.030793544000005113
0.00033182900000383597
0.04264700900000662
0.04224958500000753
0.041968385000018316
0.06349009300001285
0.027973658999997042
0.07240037200000415
0.02583502100003443
0.04682552899998882
0.028905378999979803
0.01622063999997181
0.04420161099994857
0.015905738000014935
0.0003972509999812246
0.07251782900004855
0.015232674000003499
0.0003267820000019128
0.028082892999975684
0.0436080520000246
0.028166601999998875
0.04406954000000951
0.00033389300000408184
0.03427137300002414
0.028187328000001344
0.044404421000024286
0.0003968580000446309
0.010346821999974054
0.027666503999967063
0.0003393929999901957
0.031205687000010585
0.01628682199998366
