0.012883958999964307
0.10642552899997781
0.04480026499999212
0.07012352899999996
0.05710542500003157
0.027837766999994074
0.00045877299999119714
0.0003971389999719577
0.0133693610000023
0.09437999199997194
0.03311264299998129
0.0004509149999876172
0.03369661299996096
0.044430315999989034
0.0661284290000026
0.0004389669999795842
0.00038608299996667483
0.012127547000034156
0.013261092999982793
0.062096350000047096
0.04532133499998281
0.06541499600001544
0.06004974000001084
0.04541318700000829
0.00040369999999256834
0.01332268600003772
0.01346981000000369
0.0003957100000206992
0.030601058999991437
0.03990972000002557
0.05003898499995785
0.03427766300001167
0.04282255800001167
0.00039115200002015627
0.10576013200000034
0.0004715279999913946
0.0004426570000077845
0.03475165700001526
0.04519228200001635
0.057452933000035955
0.00041122999999743115
0.0004302379999785444
0.04280331500001466
0.00045381400002497685
0.0004380539999715438
