0.02801926199998661
0.0004287850000537219
0.00044232099997998375
0.054707417999964036
0.07750714400003744
0.05856868300008955
0.012362097000050198
0.015546217000064644
0.05777085900001566
0.0004728650000060952
0.053545919000043796
0.011316139000086878
0.09953994399995736
0.020636506999949233
0.034879427999953805
0.05759728799989716
0.10622576999992361
0.0003964489999361831
0.028951698000014403
0.00039744299999711075
0.031107428000041182
0.00038073600001098384
0.011255902000016249
0.0003712210000230698
0.031635807000043314
0.00032790500006285583
0.010835801999974137
0.058054394999999204
0.0004383309999411722
0.09654645700004494
0.03147635599998466
0.0003911930000413122
0.042789639000034185
0.06936096800006908
0.0003550720000475849
0.056438851999928374
0.0003885649999801899
0.014184160000013435
0.011564320000047701
0.08936462899998787
0.1050755469999558
0.026395698999976958
0.00040527900000597583
0.06230565699991075
0.04037379499993676
