3.1187380732429295
4.9024143531892586
158.69549725310085
144.1418752480854
152.62942004155906
156.500159738498
161.4101165557845
165.95174218535945
179.52183824445228
172.6405019343704
166.723902432121
146.67501775682067
176.91539933350077
162.06600415971798
150.24478918945454
174.27550378626984
166.12471565108547
161.58092730105727
149.48358095874585
163.63208766222365
171.9371632565312
166.3290325575296
186.44638373626213
172.41899961093912
155.6838408329999
175.50950072064526
151.09275864413956
155.0748036073785
159.51993650802527
158.12287115753617
163.7191167317506
165.8231028167799
160.8693037209557
165.4624633340749
160.26689249497298
169.8061596951887
152.2145167179968
174.07358714960395
86.95874618413677
3.5588237939624983
357.36974232747815
8.655120320022183
159.42287230180136
148.94417811982677
176.96469282065945
