111.23246578326982
6.6107487137501915
8.601323737663751
124.97488046099264
107.45092276208439
2.080516080330282
95.0516696829086
104.71003323028985
105.14128359190407
111.9478608837521
102.23014465537527
2.045362755435895
95.82652633959569
121.71342736088926
1.5188835820830122
125.0593823232147
116.06012726133484
128.9423686284506
2.9619937598621053
112.58957441033417
107.93091281571827
115.42292156377914
111.62167950754178
120.37034603258014
115.00239169882283
110.41424167381592
103.82706516042965
115.23075174793044
118.28203504033566
117.30561072778963
1.4658888459307664
109.20389191953892
104.26752538320304
117.17035374871824
110.86964448406688
110.08263178868295
109.63226296275808
121.65145911531893
109.00226766554199
116.0338896822888
98.03577726579734
117.76890448664061
125.08807949583961
109.01976816947274
122.06156502394346
