1.7512014262346436
126.04768903811527
120.36829569698175
2.262467133996785
116.47332568044564
122.28277411864732
125.01618584800582
120.28352468928594
118.11543103686519
131.9244320176869
126.6507951384894
106.76346810270104
131.78420154682172
138.7756822185795
131.70926951212743
134.60184602059797
148.45614572111853
134.46129725909137
138.29647461892392
120.74182235384428
135.54085706340013
133.57857852027428
129.4609383324673
118.77716847532484
128.60636670026312
107.18749465805011
130.8263054442546
3.6193670456357863
122.72191892386458
104.18596769301712
94.25547440534035
2.915923341817024
104.97956866774233
89.17191188673677
116.74996928709281
126.67165992445757
130.06597772804633
116.9177565597019
122.29973856414662
111.7241501281037
115.32824413247188
109.03199395515676
3.011232099881201
119.34263627355405
130.2960993703736
