29.023012611591327
773.6802721088435
23.246038990676144
407.1551067073171
15.92833866828157
417.30385487528343
34.945805055571945
129.81186307812908
0.4122608843623755
146.04282454020674
23.953013431866978
335.86571618037135
20.86957026713124
28.904417332772404
88.58122308354866
0.9175933186887407
131.2410339256866
32.4483660130719
729.3046107331821
695.6481614996395
97.19145762711864
518.2841648590022
139.93040641565855
138.65726681127984
398.1272465851905
409.08692365835225
28.74368082670346
681.920098340504
817.1146359048306
94.15590332805071
685.3626532083633
134.3507071765322
739.6553713049748
130.39946606716313
29.39363076019959
418.36388697450036
33.448777403035415
622.9532780708365
596.0007209805335
622.9487565938207
33.19144079885877
79.50376344086021
0.8882038419688494
36.22920090788135
71.30124266011198
