0.9999549705056813
1.2318464730290457
49.90041493775934
63.691943127962084
5.084631008801625
6.277235772357724
25.440487347703844
66.68127962085308
14.262188515709642
29.59896983075791
7.85792349726776
0.4649586552799241
22.211123723041997
11.879507475813545
27.13431085043988
1.2682904326967432
6.312872975277068
3.292940732351831
14.046610169491526
27.67928159076331
10.922643029814665
231.5034090909091
19.38413126545291
19.832460732984295
8.515040650406505
34.53541507996954
8.402622950819673
15.397565922920892
43.81360332294912
68.05386949924127
