2.9130489492890397
44.472584856396864
13.675207039337474
30.783171521035598
36.44481605351171
2.7069961489088574
6.369040781160253
25.814319433516914
49.96028880866426
8.381076956616525
10.106759317751106
2.5699127160705117
15.553299492385786
4.498591549295774
4.941771898175987
13.628590078328982
16.29237668161435
1.4133196017851013
5.064266784452297
5.615325077399381
15.666259541984733
13.428342674139312
20.030741410488247
1.8422232900848952
4.392744930019994
1.6462179868969624
25.148645194274028
10.56637168141593
0.6721407840111687
9.896946564885496
