7.417241379310345
41.69121996303142
13.441193297915815
6.531161473087819
702.2362309223623
4.364709443099273
3.6909465727538224
11.590785907859079
28.745744841090527
9.73520827805784
1369.5677039529016
13.31942479962282
1.30152872957301
1.3297673962116008
2.602686644277964
648.5578499848162
837.7941463414634
478.29958772331656
1.563665778454511
1096.650045745654
0.9263140980942621
2.2373462968258506
4.3360633360633365
167.52286282306164
8.3995893750802
146.86505759736698
566.662616154396
238.09052757793765
65.21337579617834
0.6928700917464963
