7.549475105746939
6.941432856773684
9.234272377671973
14.19134617607651
4.082777283749112
0.7855581898842878
0.7485697446106775
6.334673850260203
0.9181799635978288
1.7818883168253252
1.450199906056702
0.610731316944138
9.444502026764813
5.166531366174764
6.758197606863862
5.314843416442932
4.217825553673506
1.7436840137884317
29.837791555421763
13.475043042399866
4.4835726238578815
6.391317764912147
5.3800670246938616
6.84528791715683
7.308048794090446
7.7909883059462
4.172260694035481
5.029258793778741
7.048529082282373
0.9217084314848547
7.85795368884296
6.874112495568835
9.381997818186
14.581359035387122
3.9790426002101227
0.743189462489286
0.7314291572434166
5.662412112667189
0.9177906819797382
1.889447388527052
1.3089350786405782
0.6601836510527073
8.554330873602517
5.3123536223405905
6.308997924034196
5.5762332081457195
4.079301788094486
1.5661768526620123
29.84503084806289
15.699826903009727
4.721648126559599
6.299827351870345
5.84812038315253
7.347554149196459
8.119376004917573
7.244228052634834
3.6614724132273
4.567861447633474
6.804795692585867
0.8276261372496818
