12.549924648811803
0.23976793840379976
5.031756843819442
9.174414710067
5.684284925114748
8.239842348107942
8.790054057864094
3.9724510231959806
4.022727083693692
9.839387961646255
13.099936496834616
0.8416715558337989
1.9321141210806279
4.751016003308709
7.497485864068752
4.872565456644918
3.910683454600608
6.9045894461301005
2.2601016718622544
6.181977228611957
1.2964159261727222
5.413070177156481
3.864473792298222
1.0650925619485767
6.854253724243851
2.347946847317096
7.5240378020206835
8.524748727999816
4.441882986934151
0.9151766479626313
10.634932748389778
0.22020615783163924
5.232491037132232
9.5656891422722
6.060631806931974
7.967486525153721
8.729252411963795
4.664054331982415
3.5204265945099653
8.945193834597147
9.572642439008234
0.8524128272613496
1.9129886520856312
5.111312504990821
5.8795730735144796
5.152413566102349
3.37494186869577
7.353873802436341
2.317305866411051
6.1886877515610434
1.247480327582505
5.003922585640413
3.422949639201106
1.0948919306252176
6.738025207593365
2.540893062297193
10.618135169462622
8.678895089759195
4.728553633743088
1.4273355921773785
