9.17530407698629
5.202711810752982
3.5298584742713244
13.91027113264251
1.0465674764648771
1.2412575794702174
0.8372084839858073
6.04166741053843
8.340579885817718
3.3957173698518126
7.096050011701973
0.4504744211834591
0.7080734468291361
1.1443530908111015
15.384139382214991
1.6320414707158915
19.63852799459788
6.004511077692583
12.304679365477334
2.1752826011753594
21.07107459580344
3.428525121757633
17.874977714613575
21.785321240828374
6.666036927235661
3.485749695872693
1.0032602265688322
7.2065392228583605
23.680865777935402
0.5398023822728872
8.303514732307676
5.408225082593621
3.548387513011574
14.422171943471817
1.0261257812487865
1.214759220929518
0.797394561853914
6.598036054842023
7.2558755072806695
3.5235926188479136
6.971481755585924
0.4523516526121461
0.7021094244782538
1.1795212275051212
14.875747160307151
1.5730238248197694
20.074812633027893
6.2207634245068375
12.391903602593528
2.1180511977081387
20.5656151155469
3.2062713445261757
15.70231897704687
20.33385702849045
6.53559052619498
3.551319838036835
1.0003858708850084
7.716549107794544
26.07892734015339
0.5332785590337129
