15.910959484329068
4.202634394387872
13.23164844676841
2.444883318730977
8.689293284135758
8.20867332594061
13.702921606375861
5.940507087447818
2.02459023188004
17.13490207151692
4.791448309868661
0.1895262988685799
3.378844000350921
14.334418143320798
26.26947575611428
12.588960348990103
3.9501756748766237
11.77568260291493
18.25807511300149
0.21122593464236408
7.072323755382082
11.033052364766519
7.754919166739589
9.888775788890875
1.0797433852119644
0.9473450444843633
1.0230865100693147
5.100772137199647
0.9935505292215462
9.031848359182465
16.292707869812748
4.299264698481732
12.660353082373906
2.4119915822113285
8.089725240221693
8.945346286367647
14.920597380744898
6.095678909422226
1.9087799782471881
19.558741838409123
4.808427909927741
0.1919271253410597
3.464722829928399
12.56043485012691
24.855880225880714
11.442505550962155
4.32722040176848
11.729698744621844
19.272641724639467
0.207589597160039
6.63306669101322
9.596803629140963
7.491512873162186
10.991443454665264
1.0612824215376875
0.9318940449092339
1.0526644912397454
4.691149512532883
1.036443199312146
9.503167289353263
