816.293445758692
1215.5602902577211
431.08144848151346
1155.5299797849293
426.85002647914916
254.27443606037556
409.06616437316825
28.303048154118542
542.6393084637632
171.74641719530518
958.9025230431722
230.59000913823135
1214.5602893871248
1105.0894569687048
1233.3540113696267
870.7129748395051
1133.1489064267764
1013.493039503536
305.0725233590638
582.821555964068
462.5520071907652
524.6497293716008
117.69804726769834
721.3075215134439
808.6914792906272
383.46273027645674
1078.4993409797205
888.3757511840608
967.6914337591816
1026.0809724042947
