1300.6610150145307
280.4747109964501
636.0261892768859
326.1344412388032
1011.371548289876
286.4271570330509
354.6671183863972
115.47436797820006
880.3690925539017
144.38068042293543
504.8875343329128
652.6449149880017
1032.313202776098
554.4415995783195
616.7451299596466
126.78397750150432
933.6037653059618
942.6586235155501
566.250074691761
853.1875467636294
1067.4251413167308
454.4061942691861
195.9709817309036
430.74188748053416
102.987922127898
872.1026622362946
596.9292850978671
506.856225173463
1066.6830407137056
400.3164051840864
