616.9726546569407
400.42105280730476
799.1072246236904
712.1026758639563
1138.4038577961292
1125.154006367177
471.196445367213
1298.0669975372778
291.60195651269424
1161.2384250403584
239.85641016960844
509.00841456655877
106.50801818143412
744.4969569024754
1082.4162790067692
1135.377146271025
340.55564575123725
287.1612229502222
1110.1867811666516
224.79137125600835
431.349572869485
305.846837515308
816.3222652907588
623.9864965796293
937.7203614480932
451.11908024835043
432.9916401843966
1012.684343932636
660.2766723991753
449.6931312917245
