984.4921921622041
205.11410454602668
163.6356507538345
537.7545237096004
313.66178510776433
1106.38840385336
194.13987091192274
1175.1768946457435
965.7778869204649
52.61653575600981
575.3198584587377
0.8031832997091068
516.0886294533024
291.4877357058591
254.94834356228947
972.4827954990272
245.45229171678025
633.0249876676656
549.6880982023575
1104.4330010935143
580.5702527780562
193.3514170659239
807.3397977907204
284.29034950293715
23958.172681144817
1213.9724442157544
4959.005350409397
222.60479514188648
29056.590361470666
982.1519501608094
