0.0002821830000243608
0.010931408000004694
0.0005086509999898681
0.0004407129999890458
0.0005027020000056837
0.0004679339999995591
0.000490995000006933
0.0004523990000109279
0.0005217490000006819
0.0004851059999850804
0.0004352729999936855
0.0004905710000002728
0.0004884429999947315
0.00045771300000296833
0.0007482910000078391
0.0004836189999934959
0.00047105199999464276
0.0005517289999943387
0.0004776090000007116
0.0005518270000095526
0.0004712850000032631
0.0004560870000034356
0.00045223600000099395
0.0004729229999895779
0.0004206710000005387
0.00042529099999910613
0.0005026449999832039
0.0004912059999924168
0.00047379899999100417
0.0005007430000034674
0.0002848410000098056
0.010882496999997215
0.0005791279999982635
0.00045728700000324807
0.0005008740000107537
0.00045937999999523527
0.000491621999998415
0.0004893040000126803
0.0004967010000029859
0.0005216990000178612
0.00043858399999407993
0.0005157539999913752
0.00046204099999158643
0.00044836099999656653
0.0008430379999992965
0.0004663949999894612
0.0004885939999894617
0.0004750129999990804
0.00045094099999687387
0.0005181800000002568
0.0004017219999923327
0.0005000150000000758
0.00046147500000870423
0.00045624999998494786
0.0005080319999990479
0.00049049599999762
0.0004385059999947316
0.0004406440000082057
0.00050689599999032
0.00046338799998579816
