0.0006185109999989891
0.00038074599999049497
0.0003535779999879196
0.0003536499999938769
0.001180116000000453
0.00036882099999502316
0.0006052599999861741
0.0005395800000087547
0.0003678180000008524
0.0003683059999843863
0.0004907450000075642
0.0003392530000212446
0.0003523020000102406
0.0006058669999902122
0.0003517500000214113
0.000413494999975228
0.00031273100000817067
0.0004118440000127066
0.0003349769999942964
0.0012878829999749541
0.00037362999998435953
0.00036773300001868847
0.0003301459999818235
0.00043081000001166103
0.00035808600000564184
0.00036459000000377273
0.0006790269999896736
0.00048001599998315214
0.0005447430000060649
0.0009463670000116053
0.0005724759999736762
0.0004006579999895621
0.0003752020000149514
0.0003432250000230397
0.0010979699999893455
0.0003733990000114318
0.000655876999985594
0.0005751559999964684
0.0003408779999745093
0.00033125800001698735
0.0004700869999965107
0.0003469540000082816
0.00038520999999036576
0.0005408729999771822
0.0003729819999875872
0.0003282839999769749
0.00038361500000405613
0.00034127200001421443
0.00032186900000397145
0.0012245270000050823
0.0003792499999804022
0.0003549870000085775
0.0003483650000077887
0.00035584400001198446
0.0003406360000042241
0.00034704899999837835
0.0006310569999925519
0.00047133000001053915
0.0004212399999801164
0.0008642390000090927
