9.676293622141998
6.2565238798621365
7.306155507559395
7.314054054054054
0.7959419936631733
0.508446208936634
0.10000688910831974
21.016059957173447
15.383515242754987
13.697607260726073
9.676293622141998
6.2565238798621365
7.306155507559395
7.314054054054054
0.7959419936631733
0.508446208936634
0.10000688910831974
21.016059957173447
15.383515242754987
13.697607260726073
9.676293622141998
6.2565238798621365
7.306155507559395
7.314054054054054
0.7959419936631733
0.508446208936634
0.10000688910831974
21.016059957173447
15.383515242754987
13.697607260726073
