7.236238946038621
0.9062253743104807
34.82969885773624
0.8533735843907764
34.32097948378557
22.260837619397503
65.78306878306879
33.89063568010936
33.455635491606714
4.025991792065663
7.236238946038621
0.9062253743104807
34.82969885773624
0.8533735843907764
34.32097948378557
22.260837619397503
65.78306878306879
33.89063568010936
33.455635491606714
4.025991792065663
7.236238946038621
0.9062253743104807
34.82969885773624
0.8533735843907764
34.32097948378557
22.260837619397503
65.78306878306879
33.89063568010936
33.455635491606714
4.025991792065663
