0.009036304999995082
0.013075112999956673
0.008737942000038856
0.007235715000035725
0.014179903000012928
0.02225977199998397
0.006799635999982456
0.026796130000036555
0.007445382000014433
0.007248634999996284
0.010497641999961616
0.007167574000050081
0.00802083399997855
0.008180276000018694
0.007779267999978856
0.007804147000001649
0.00820668400001523
0.0072680909999576215
0.020751807999999983
0.007664411000007476
0.00995124799999303
0.011058461999994051
0.0070472319999907995
0.008572321000031025
0.007673021000016433
0.008964057000014236
0.008532169999966754
0.02095599299997275
0.00791457600001877
0.019328959000006307
