0.01222023099999997
0.0034544479999999433
0.004177988000000021
0.0031633779999999945
0.001754349000000044
0.0008276219999999723
0.0002472380000000385
0.0002812600000000609
0.002798041000000029
0.002488749000000068
0.0002485999999999322
0.00025922800000000024
0.0015084579999999903
0.0023792089999999932
0.00023859700000006256
0.0011507020000000034
0.00023369499999992271
0.002075339999999981
0.0002505010000000141
0.002494427999999993
0.0018224359999999828
0.0008541049999999384
0.00025516599999997336
0.00024006100000006914
0.0009629580000000137
0.001719908999999964
0.002573106000000047
0.0022085179999999927
0.0006746570000000229
0.0002632220000000629
0.00023752600000004342
0.001567560999999884
0.00023456300000002095
0.0002206419999999376
0.000225361000000035
0.00023457999999987322
0.0027014260000000068
0.00025556000000004353
0.0002397069999999779
0.00023171699999990913
0.00256894299999999
0.00025674799999997333
0.00023875699999997835
0.0005036670000000409
0.0002402730000001796
