0.001286782999999403
0.0004383399999987603
0.012921647000000647
0.002399253000000101
0.00044297900000067614
0.00040345599999902504
0.0003786230000013546
0.00042655000000024756
0.0004548820000014331
0.0003871110000002176
0.000433547999998396
0.0027485870000010237
0.0004043290000002031
0.0003848160000003986
0.00044112900000037314
0.004089643000000365
0.0003632140000000561
0.0035366229999986842
0.0004185530000011539
0.00037898599999941496
0.0004023509999999675
0.002870559000001549
0.0034197529999993037
0.003938307000000307
0.0023322439999997613
0.0004075070000002512
0.0012452389999992874
0.031469973000000095
0.0004286960000001727
0.00039984299999851203
0.00652086600000068
0.0010806929999986892
0.002710081000000031
0.0004589100000007562
0.0024182009999993426
0.0023992069999998478
0.011338634999999542
0.003029979000000793
0.001002541000000079
0.00042810500000101115
0.0017348609999991993
0.0008798510000005422
0.00201256800000138
0.02299185299999884
0.001298642000000072
