0.005950289000000275
0.0022607779999992417
0.00036089099999969676
0.0003004219999995783
0.006376872999999783
0.0027158729999996467
0.0021986619999996293
0.0071864640000001145
0.0002845210000002041
0.0003438249999998533
0.0009093249999994057
0.00031150900000032067
0.0019502259999999438
0.00551474700000032
0.0015824300000000235
0.0003603210000004964
0.0037283539999997117
0.00029761699999930613
0.002524672999999922
0.00029566900000066454
0.002357248000000034
0.0015217390000001885
0.1494527579999998
0.002200403999999878
0.0008026899999995507
0.0018286160000000606
0.001993726000000251
0.0003083060000008686
0.0032222439999998187
0.0003328140000000701
0.0007508109999996293
0.004221684000000003
0.08040059600000049
0.07935523600000138
0.0018432079999985973
0.0003161180000006425
0.0009873460000004997
0.0003464179999994599
0.000893571000000648
0.006354128999999986
0.0003044949999999602
0.0027040609999993137
0.00031809400000071264
0.00253681599999922
0.0011782489999987433
