0.017941908999999256
0.0010685050000009966
0.000903242999999776
0.0012566480000000269
0.0031457420000009506
0.0008498030000012591
0.004250685000000587
0.00038522200000024043
0.002715416000000914
0.0003764929999992006
0.002649524000000625
0.00038975000000007753
0.0008087450000004992
0.005885639000000609
0.0003277829999994708
0.00036844099999910895
0.00037073800000086976
0.004070571999999828
0.004003020000000745
0.004435656999998372
0.0019086850000000766
0.0003310479999996119
0.00338464700000074
0.004530728999998956
0.00036618600000082324
0.0009917789999995819
0.00038702500000020734
0.0012042399999998565
0.0003972480000005163
0.0003903309999984117
0.001926407000000907
0.0003232129999997113
0.002226237000000353
0.00039283599999961893
0.004844751000000258
0.06252868099999986
0.009716352999999955
0.009636650999999219
0.005547573000001194
0.0003496289999986857
0.0003407190000004334
0.0004313190000004852
0.0004476650000011517
0.009088209999999819
0.0004444869999993273
