0.26800627699999957
0.006112949000000256
0.0011554050000004423
0.0024399899999991703
0.0011117069999997398
0.003358158999999361
0.07829523400000049
0.07691445899999927
0.09788207400000104
0.000340098000000566
0.044536662000000504
0.0003472939999991098
0.0017686189999999158
0.0003420260000002173
0.00400433699999958
0.0008149499999987597
0.00719027999999966
0.003635352000001646
0.004310511999999989
0.003658162999998993
0.10403400799999929
0.007076925000001566
0.011559358000001296
0.006459374999998602
0.0010506579999987053
0.0023999029999988153
0.0009367089999994249
0.0003300110000008516
0.0007718200000006448
0.07831668200000053
0.0023484969999998384
0.0009367089999994249
0.0022700980000003312
0.0003973389999991639
0.0021327840000004983
0.002677206999999626
0.0003617859999991424
0.0035271149999971385
0.05027314700000218
0.0003315859999979409
0.00040974400000237665
0.003722913000000716
0.005539931999997805
0.003151247000001689
0.013056583999997429
