0.009521405999999955
0.0034982049999999765
0.00422900100000001
0.0002371500000000193
0.000231504000000049
0.0052131869999999525
0.004142473000000146
0.005870446999999945
0.0002781190000000766
0.0025691660000000116
0.00020398199999993594
0.0025702350000000873
0.00025948999999991784
0.0020013629999999782
0.0003384980000000759
0.0013357549999999385
0.00024286799999995168
0.00021920100000016873
0.0015458259999998614
0.001230167999999976
0.00026391300000017104
0.004241544000000097
0.00019804299999992558
0.00023202700000002352
0.002690073000000126
0.0002500979999999764
0.00023613399999988793
0.004482770999999719
0.00024311999999993006
0.00020718299999988865
0.003010134999999803
0.0025017759999999
0.002744469999999888
0.0002057839999998201
0.0002320430000000151
0.000245886000000084
0.00022330300000006353
0.0016463199999998679
0.01016926699999976
0.0002164880000001812
0.0002366560000002238
0.0002930150000000076
0.002854209999999968
0.0021126449999999686
0.0002400229999999226
