0.00451418099999934
0.004420879000001321
0.0003456650000011052
0.00033464100000024644
0.006677770999999666
0.004789265999999515
0.0015594229999997822
0.007704840000000601
0.0021190450000005967
0.0003818490000000452
0.007261256999999688
0.007013220000001041
0.00034347300000092673
0.00032488199999924916
0.0015787199999994783
0.0022710630000002396
0.00041453699999927096
0.0017775179999990343
0.0020585449999988015
0.009490270000000578
0.0015020640000003027
0.013748024999999942
0.0038273059999998083
0.004787745999999871
0.0076502550000014935
0.00036200699999966446
0.004289222000000592
0.00039282700000065063
0.0004752799999998558
0.005717653000001377
0.0003858560000011835
0.003584985000001595
0.005700663999999023
0.0003322640000007482
0.004674657000000693
0.0004557569999992239
0.007031537999999671
0.00037240300000007664
0.0036708890000003436
0.0017723119999999426
0.004388218999999083
0.0004134530000001746
0.00043475100000023303
0.004494786999998723
0.0017953100000021038
