1.9642270699999997
0.011092016000002758
0.00023847199999948998
0.0002422549999963053
0.00029166399999525083
0.0005290290000061759
0.0002995020000042814
0.00025696999999524905
0.000252699000000689
0.011018019999994522
0.00023630300000121451
0.00028226900000305477
0.0002671620000000985
0.00022556399999729138
0.00026432499999629044
0.0002928460000006794
0.00045212699999552797
0.011524091000005399
0.0007568990000095255
0.00026155099999414233
0.0003229069999974854
0.012371493000003397
0.00028245400000059817
0.00026232700000150544
0.00033619799999939914
0.0002730820000067524
0.0003514829999886615
0.0007834779999882358
0.0008102160000049707
0.0003041930000051707
0.0002852460000042356
0.01091796400000078
0.000243425999997271
0.010402927000001227
0.0003366949999872304
0.011700877999999193
0.00023223399999494632
0.000264812000011716
0.0008800720000010642
0.00026668900000004214
0.0006762470000012399
0.0008804210000050716
0.0002731849999975111
0.000264313000002403
0.00022307500000806613
