0.9567038932220713
13.017949172845722
1.122181102066363
10.630487535920741
7.1985845713455845
7.437003162237831
4.4693069082659695
5.879047831874212
3.701095240499567
2.700518849314993
1.1853211865336186
14.536729105057923
1.0713642371337349
10.395618659081178
7.363117992661916
7.265996809282378
4.93698119669517
6.619334913268218
3.2477664452993036
2.8993625367003406
1.1656568664580527
12.054138400360747
1.012791689818639
9.97851018958846
5.078036996490908
5.9918902133937975
4.290335435084494
6.802515605507161
3.693469224167569
3.0024443817969844
