9.800142631042927
4.89739990608755
1.4893159597686147
4.940435721761705
4.102803240519676
1.4608757934991417
5.165368630675876
5.074953845888882
5.987531204733851
5.177779743381418
10.016846125699495
4.358906367864821
1.4484251421692418
4.994412528180993
4.470621449631623
1.3903665049275418
5.225031703539796
4.754674797120953
6.290292874093482
5.46301829299188
6.8737890151891055
4.625746940591764
1.3914399511827316
4.776768631196941
4.391791603566242
1.1710527916903486
5.061790705450693
4.218859511776269
5.319891088089201
4.970693983035472
