4.310348798489296
19.21881496880807
4.386392206358163
6.136643776419299
4.906810267114045
7.446431686958374
0.7748512606928606
7.706920291834975
6.159763969232365
7.3424638852485264
4.32386951820474
20.50772001108646
4.010789220338652
6.009762794256747
5.424094195511071
8.030642934231462
0.7811588257072518
7.494666205020389
6.042940232126607
7.499762691813062
4.403734153259929
21.21358896330713
5.044477077160852
6.830829587574916
5.051351225653811
8.088562437873998
0.7556752574467365
8.058870333046308
5.885954125497761
8.771007204547805
