0.5181210772867747
91.38783185964775
0.22845355677242904
64.62538598980004
0.9905349277457043
22.7135049955249
0.9684862258356532
2.3283055210524237
0.842447049377694
0.9000182016457463
0.5265778793693798
87.07166131775034
0.22871973242856822
70.00162787400717
0.9692144098174927
22.544680738485805
0.9569568294445616
2.390347825287605
0.8716783490470579
0.8462909851597853
0.546602478143651
94.00654081694735
0.23313124527494894
61.843640628577255
0.9847369175795267
22.552355693311302
0.9385066787548861
2.1317081309718904
0.853740874015959
0.8833776689064864
