0.011255177000009553
0.0003132070000049225
0.0003333570000165764
0.0003622999999777221
0.00032271000000605454
0.0002847830000121121
0.00028852900001652415
0.0003840180000054261
0.0003522730000042884
0.0002701909999984764
0.00036499199998729637
0.00025184500000818844
0.00025238099999569386
0.000344993999988219
0.00025115599999026017
0.0002560979999941537
0.00031913300000496747
0.0002473210000175641
0.00028599099999837563
0.00022619000000645428
0.00024973600000066654
0.0002655069999946136
0.0002695319999759249
0.00025153699999691526
0.0002537629999892488
0.0004307749999838961
0.00029040199999030847
0.0002953979999915646
0.0003113799999994171
0.0004081120000023475
