0.00040106700001274476
0.000679480000002286
0.0008631270000023505
0.002404735999988361
0.0005373109999879944
0.0005489979999993011
0.00042505799999048577
0.00048366699999746743
0.000440584999978455
0.01705089800000792
0.000836832000004506
0.0008406520000221462
0.0011564309999982925
0.0007018380000261004
0.0004600190000019211
0.0007952869999883205
0.0005263429999899927
0.0004427490000011858
0.001832678999988957
0.0004803070000036769
0.00043004500000165535
0.00044492199998558135
0.0006344749999982469
0.000776322999996637
0.00038087999999447675
0.009923565999997663
0.0007399989999896661
0.0018706010000073547
0.0006944160000159627
0.0009727629999929377
