0.00039241199999651144
0.020073620999994546
0.00037127400000258604
0.17585862699999666
0.001595937000018921
0.00043539300000361436
0.00036864300000161165
0.0007554940000034094
0.0004148710000038136
0.001423999999985881
0.0018247489999794198
0.0012026900000137175
0.06938901500001293
0.004986868000003142
0.00040067599999815684
0.00042354499998964457
0.00043320700001459045
0.00038271200000394856
0.0014980029999946964
0.04004227900000501
0.00040436700001578174
0.00039909699998474935
0.005075750000003154
0.0007425430000012057
0.00042434099998445163
0.0007208609999906912
0.0004312160000097265
0.0017312579999781974
0.0005573280000135128
0.0008004750000054628
