0.09030214700032957
0.0004873859870713204
0.00032112098415382206
0.0003016350092366338
0.024988327990286052
0.0002810509759001434
0.0003101179900113493
0.00031943200156092644
0.0004971549788024276
0.0004493979795370251
0.0004615390207618475
0.0004030390118714422
0.00033888500183820724
0.00030027198954485357
0.00030851102201268077
0.0003306010039523244
0.00037127299583517015
0.00031629999284632504
0.0002923720167018473
0.0003200960054527968
0.0003261640085838735
0.0002990960201714188
0.00038770100218243897
0.0004183549899607897
0.00046268998994491994
0.0003252380120102316
0.00036350099253468215
0.00031127501279115677
0.00033491398789919913
0.0004361500032246113
