0.001486202992964536
0.0005844719999004155
0.0004760499869007617
0.0003995140141341835
0.0013664760044775903
0.00048321200301870704
0.0004877150058746338
0.00038731799577362835
0.000511569989612326
0.00043323999852873385
0.0007022599747870117
0.001097678003134206
0.0005156219995114952
0.0003649480058811605
0.002432419976685196
0.00041107600554823875
0.0004118939978070557
0.0004351660027168691
0.0035294909903313965
0.0004100019868928939
0.0004605040012393147
0.00035401599598117173
0.00046070298412814736
0.00041744697955437005
0.00036536401603370905
0.00039019802352413535
0.00046197298797778785
0.0004316879785619676
0.0005295190203469247
0.0004052419972140342
