0.03781864299999782
0.0005087579999987213
0.00038600700000301913
0.04073551299999778
0.03602725500000048
0.00864118499999833
0.7344340610000017
0.0004716960000017423
0.013050998000000646
0.0004417359999990822
0.0004442950000012047
0.009153597000000957
0.014230677000000469
0.038044916000000484
0.03925219599999963
0.031111006999999802
0.030580536999998742
0.039896265999999514
0.00043167799999821455
0.00048653399999665226
0.041347111000000325
0.04022774399999918
0.0004515460000007465
0.0004379579999991279
0.00047257100000308583
0.0004841980000023227
0.040121897999995326
0.0004989030000004391
0.028380525999999406
0.03248727399999751
0.0005502670000012699
0.0005653210000033937
0.0005249839999947881
0.00048168700000417175
0.0004522799999975291
0.049824659000002214
0.00048555999999422284
0.014532615000000249
0.06200711099999978
0.00042743800000266674
0.000496065000000101
0.014634441999994863
0.0005005310000001373
0.00043605400000501504
0.0005239999999986367
