0.013961886000004142
0.0003793859999987603
0.014288628999999275
0.005268184999998482
0.005369970000003832
0.012211288999992576
0.00031196900000907135
0.00034383800000625797
0.014470059999993623
0.0003218930000059572
0.013815592000000265
0.0003723149999927955
0.04766466700000649
0.005852826000008804
0.00034958099999471415
0.014246790000001397
0.0003518989999946598
0.01305814299999497
0.0003288489999988542
0.013890848999992045
0.005841994999997269
0.014532441000000063
0.00032322200000578505
0.013343697999999904
0.00036529700000187404
0.004938383999999019
0.27171822700000803
0.00034964500000000953
0.01569779300000107
0.0003785290000024588
0.00037553199999251774
0.0003298200000045881
0.31571606999999346
0.0003340290000011237
0.005423729000000321
0.0003459590000005619
0.01369923299999698
0.004919947999994179
0.006422583000002646
0.00033655599999349306
0.0003503239999957941
0.014956632999997055
0.02719309299999395
0.014343971999991822
0.0003794109999972761
