25.47584187408492
0.5405711695376246
8.853006681514477
1.132367042856089
22.726128793486307
22.755840241145442
0.04441338544124062
0.6283054666192339
0.5660417668108744
7.017024426350852
0.4893482578082686
1.013420245398773
4.35192096597146
2.7101835405565424
20.759637188208618
8.97758496023138
7.791451129866594
0.008779354921662172
3.674975720297831
9.269781461944236
0.671902627575147
12.094744633604737
5.002382086707956
15.184381778741866
11.219964136282128
3.404142416980486
13.702191987906273
12.385394070860448
19.299278846153847
0.6300351691381748
0.37466473618000995
0.6081081081081081
28.885455915599096
27.23608017817372
27.642049736247174
27.23608017817372
1.6118472330475448
10.283380971825235
0.7682680092222275
3.336676842564326
2.7392438070404173
1.7954558331916823
8.984455958549223
17.218887262079065
0.8087020922051472
