49.03622641509434
0.7427439853401904
1.2141472116652448
12.539541759053954
3.529935851746258
3.8091116917047683
17.5522949586155
1.254249815225425
5.107599699021821
4.994069681245367
5.069224981188864
1.9907907907907907
7.504905660377358
3.116922051965356
15.64924863387978
32.89344852411807
3.4840525328330205
6.703971119133574
6.385114885114885
0.8481628151787057
15.391698113207546
4.569867291178767
1.2608893437962014
7.644711842938569
2.4243301955104997
10.027924528301886
9.205776173285198
9.622641509433961
0.7364553566221497
10.05056603773585
8.215162454873646
0.4505625746432837
5.313565604151223
0.65337812616648
6.538432459677419
10.85227841762644
5.249480249480249
0.42979908729923544
36.51371386212009
4.528333898880217
1.0863824971708789
4.284528301886793
4.392368610511159
4.604528301886792
2.618798955613577
