6.4693174702567315
31.73922775601567
14.524574442579716
3.023125206475058
48.436158192090396
48.05011655011655
20.46439482961222
50.743589743589745
59.40395480225989
62.255827505827504
59.40395480225989
5.567531196476633
26.214861751152075
25.78413597733711
26.214861751152075
0.6834295313576844
17.98922902494331
0.6850192509625481
11.119886363636363
5.118731988472622
5.265340909090909
7.359921026653504
11.863636363636363
0.7032689133791195
24.151692436272462
9.837463976945244
9.8551201011378
0.8803418803418803
3.2396365701306076
2.810483870967742
20.343960095423988
29.14333222480878
5.518218623481781
10.20922190201729
2.593411234689568
0.487343165309267
0.8651531290684156
2.560711523588554
97.85804962492787
83.94739787353106
1.1839285714285714
23.49147442326981
1.2734449005367856
0.6169202255000387
1.0193181818181818
