1.3737321336063357
6044.689239048111
7860.30384945548
8480.151295747566
7509.736082888957
6547.259640336601
4881.927284057619
4280.910312050797
1887.9503335003856
1386.2246428632345
109.99783811332979
4692.491697571982
4747.757178129036
4464.608077337848
7005.554175851335
4831.331827088466
6281.805027488806
4447.654220271305
1756.293197402976
5633.413184935282
2321.2871779183924
5502.059725030941
3895.7040092610714
5214.946062261003
4706.9387159656235
4581.3111114470685
4462.909716878641
4832.729958298505
6303.309529676386
6048.128856602849
5612.734512645096
6460.669654975364
81.6918241004919
891.624073954259
4718.195476490808
4491.387716790692
4385.186488209962
5688.70044467379
4078.9332560659586
1672.5088452279365
3819.9023379399628
5162.112739409851
4325.59453636579
5340.788649314242
3588.385197647446
