168.57867243492026
1814.257043281753
2370.6686417419605
2312.841656623419
2104.3212687903706
2175.4604987435855
2354.2281342666474
1967.6235897789445
2390.7136584423374
2218.382170168659
2342.397192146668
2113.9762788893827
2185.3599061429295
2170.7014599046443
2000.310335661904
2392.573035521684
157.87657075069626
2233.7948807577404
2191.6750894196844
2153.3641840027744
2118.1106730190177
2147.996982128457
3124.039548677883
2781.2784166262236
2186.1629567322734
2448.7029623506837
2191.958229956684
2613.7617005526877
2597.903399702659
3243.899930592077
2098.2724019987245
2689.193576776535
1007.1890196239558
1825.3989256332763
2201.000932197304
60.04903977028748
1802.0208794720277
1732.980448123834
2328.324525018626
2437.0819729164004
2642.545230034383
2159.362343066344
2701.093288702966
55.33756331075392
1569.0294916804344
