1011.4760632456397
1999.1592369439566
2264.9773298523596
2140.571213285386
2194.3935881523685
1897.2592535739743
2039.2525228494887
2707.93078593326
1018.2920976778731
2908.743288494944
3012.9553598100692
2795.5673177132044
869.053125443184
50.51636103160546
1864.1805225668488
2244.1852595985765
2099.593683490124
1984.1857799294853
1796.5707403170918
2013.179799485357
1876.2434727479708
53.596569427933694
1972.4926373967278
2044.2458842021933
2050.067310998131
1910.4925742976354
1982.8485130166296
610.6293463202112
1747.392727715262
1823.284184139898
2083.4403864593664
1652.353033368354
2082.4702294773224
1817.4011631848227
1994.358969811289
726.4907456536205
2029.826107261311
3541.3766238645844
2200.2583223376832
2058.076418514953
2102.1173355147766
2076.76592809315
1990.9070418701795
1757.765286331741
1824.0855169503297
