371.34878666436316
95.42325468132937
2468.9348922796567
1935.1784993188403
2317.1037308263644
60.9995129147096
58.99707829347316
1688.1395012236262
2208.085657703776
1648.5729233496802
1747.0552990400834
1613.033684780231
1966.8639320924542
0.5488985064341367
2856.032541120399
2494.0980992813215
0.9487285357266244
2400.5708499480165
2379.7552980239307
2861.2873777127984
2616.8612940102744
2465.1281993460516
2848.342738857739
2700.540194790572
2640.6624891409506
2102.538784352897
2426.5918215011784
2229.2038048561126
2581.1162116180662
2531.2385979220962
2149.7711661588514
2453.257199985606
2117.260397346432
2270.5490024640662
2445.961760307079
2451.2961501146997
0.9201753162049838
1476.4458311584833
2574.448133983642
2288.4047209018745
2541.911305579567
0.944037606369017
1666.1564894588587
2138.0411784460075
2520.589691767986
