0.9629784867790685
65489.240664167824
74361.30552818708
78722.80529818792
65505.99557228226
84.00401275068933
2324.9913457741886
548.0576472987512
2506.7429548432956
2986.223000684759
2599.3135531240227
3039.12989956567
2541.888176659729
2573.523539284629
2880.897933756406
2541.1021840083504
0.8486305933404159
2851.1653107144575
2091.4774675986146
2280.4660387663016
2321.0286964485895
2541.1230972941717
1583.3570838554022
2486.509633782374
0.964251577054612
1642.2960100426214
0.9281839593064979
1570.9602991046452
2408.3729103675814
0.9512018470756392
35342.10976634794
0.987996232246411
47638.86868632255
35462.77241492376
35476.10785518251
36527.690005955454
34491.99792846038
47.14480132851984
2233.623879735192
0.691658105385089
113.64334590649165
2730.6297949929144
73.70369769885572
2732.210259395565
2180.159803798187
