1.0340804946899758
29.33247979729477
24.944695925298557
18.99494617840074
20.160562114167803
21.564208536794816
23.00783976519341
17.883919503523547
18.778032945778858
27.842718669520224
29.79672157299508
40.90262661430884
41.94510680347563
19.728577888963052
29.440116900610672
28.281751517731664
22.474322617494177
30.4174332121747
30.38900524855559
37.61597771677566
44.1438519074671
36.042703206342885
35.66163943742555
42.975757046134554
42.49979311578725
20.06817712336425
28.94016914582156
24.435155282732726
22.26502023255813
183.2363738374877
