16.5801416632194
16.028423761318102
41.57400334283311
76.13011455243678
3.706048041111077
18.937337987719634
8.077979991032466
26.294896246368335
25.202699341019013
25.936406211011214
25.637443605953493
27.419288676333256
26.872374952080143
29.521396399935178
43.93969714149326
26.291425157271785
21.886338119477127
25.35125465790844
25.04341357860208
15.030040646406972
10.911776804219315
57.483861653255545
31.733650902102173
18.992938282614517
1.6817503162499803
20.27442066978532
22.499972118251225
18.095401982550538
23.428715626979297
20.78030101714781
