10.347743087531043
12.213877103300424
45.42067284461728
6.399718879159518
18.39026200862097
47.09279351463765
8.442680206930156
52.948605602927344
48.4942380749327
17.191598325035812
24.790057578650178
22.61912921281794
3.3076949843841654
7.368790533619993
17.36514539481087
17.338210877180977
18.9541551505801
19.92090933385416
16.359473233074247
17.353510185333175
17.2465293826045
14.545899569268517
27.789081260226162
4.985095972491136
16.54622914133403
17.45824187202577
17.886827506206497
17.991849814578007
6.172430695577899
16.779684586252117
