0.022466806000000616
0.022844977999998406
0.02223320100000059
0.023360974000000923
0.02316665800000095
0.02304258699999906
0.02320757100000037
0.02260275899999975
0.022284781999999836
0.022192816000000448
0.023146020000000433
0.023877469000000318
0.023590857000000298
0.02280801600000082
0.021953955000000747
0.0206399459999993
0.020879993999997737
0.022197603999998705
0.021961709000002827
0.02223394600000006
0.022397138000002315
0.023098734999997816
0.02467279300000058
0.022132000999999235
0.023017095000000154
0.02257790599999865
0.023040385999998136
0.02226558799999978
0.02295886300000305
0.022596842000002226
0.022132405000000688
0.023992545999998782
0.02354630499999999
0.022602655000000027
0.022999788999999993
0.02304486400000272
0.02286851499999898
0.022683684000000426
0.02283499400000011
0.0237759579999981
0.02404699400000254
0.02442847999999742
0.024987626000001484
0.025488920999997333
0.025370038000001927
