0.022702161000001553
0.01839104399999769
0.018154493000000826
0.018342586000002825
0.018994845999998233
0.018333833999999882
0.01877361800000088
0.019554517999999632
0.02327980700000154
0.02216019299999772
0.021118745999999078
0.021712292000000133
0.02110604699999996
0.021114923000002506
0.021559549000002676
0.020945707999999286
0.022230174999997132
0.02103733200000235
0.020241565999999267
0.019913861999999227
0.021178427000002387
0.021412292000000832
0.016088133000000227
0.023073439000000917
0.025209757000002497
0.02327600099999927
0.02229783499999982
0.022698217999998604
0.022555574999998385
0.022239606999999495
0.023254012999998963
0.022011372000001472
0.02232038400000036
0.0235894959999996
0.02159400600000083
0.02146076800000074
0.021462383999999446
0.022945288999999036
0.021298857000001448
0.022498163999998155
0.02349819099999806
0.020833956000000597
0.022109349000000833
0.021921659000000204
0.023075601000002166
