0.03217659699999942
0.03134820899999724
0.018625321999998334
0.019997322000001816
0.026034576000000698
0.026064891000000756
0.026328961000000817
0.026717041000001274
0.026660544999998592
0.025468574999997884
0.016699312000000077
0.016604334000000165
0.02339440900000156
0.022988396000002354
0.0185094219999975
0.030108154000000553
0.023365353999999172
0.02317790199999692
0.23121177699999862
0.22671285800000263
0.022907381999999643
0.022801300000001135
0.02286833999999871
0.02303383499999967
0.022943162999997213
0.02392438700000099
0.022529333000001373
0.023060958999998604
0.024388875999999726
0.023291397000001268
0.015861836000002683
0.015945716000000942
0.025529993999999334
0.025847307999999458
0.02499049300000067
0.022293649999998166
0.02327293800000163
0.024164482999999848
0.01738784199999799
0.02040299899999809
0.02035408599999755
0.022179927000003374
0.022941231000004336
0.02126312299999711
0.021201197999999977
