0.0201820529999992
0.02013956700000108
0.021552990000003547
0.01538119700000351
0.014664604000003578
0.01401997499999652
0.03428402499999805
0.022256102999996585
0.022594189000002984
0.02164922800000113
0.019042669000000956
0.01906926600000247
0.01829369099999667
0.017241734999998926
0.01763536400000021
0.01779064000000119
0.016670894999997188
0.014067833999995116
0.022363997000006464
0.022782094999996616
0.022339805000001434
0.02192905700000125
0.022434850000003337
0.020425420999998778
0.021946164999995688
0.020203842999997335
0.026929694999999754
0.02063119099999966
0.02187471599999924
0.021717705999996895
0.0214221389999949
0.021835045999999636
0.02125057199999958
0.021282715000005226
0.21455528999999984
0.21448248099999745
0.02120249200000046
0.022205063000001246
0.021512720000004038
0.022115196999997977
0.021739504999999326
0.02126459800000191
0.022367246999998258
0.020166527000000656
0.01923460000000432
