0.0003614989999998208
0.00033816399999997415
0.00034410999999989755
0.00037057200000001345
0.0012629230000005265
0.0003245390000001791
0.0003686429999998353
0.0003446000000000282
0.001111428000000192
0.0003620009999996121
0.0003126280000000925
0.0003263479999997543
0.0003269379999997213
0.0003081749999997996
0.000329747999999519
0.0002979779999998655
0.0003385169999994275
0.0003063299999999103
0.02177111399999987
0.0018263340000004291
0.020469835999999297
0.00030602300000026617
0.0003524499999993935
0.00036081799999987396
0.0004440929999995902
0.0003762689999993185
0.0003165379999998663
0.00031711000000012035
0.0003345169999997566
0.00034137600000061497
0.0003716110000002715
0.00032212700000044947
0.00039327499999952664
0.0019418990000001912
0.00035182799999944336
0.00031986599999989096
0.0003244349999995677
0.00033803599999959744
0.00035192700000052923
0.0003554909999996525
0.0013858569999998238
0.0003031870000000936
0.0003079509999999175
0.00035528699999964886
0.0003407460000000029
