0.000321629000000101
0.0004038189999997499
0.0003199939999998236
0.000381904000000155
0.0003482379999999452
0.00032517200000015123
0.0005706939999994276
0.0024031110000004574
0.0003257039999997602
0.0005019329999997879
0.0022729969999994992
0.0018171740000001435
0.00034735500000060426
0.0003166140000008255
0.014438134999999797
0.0003370159999995792
0.00033795600000008363
0.00035858999999938135
0.0003343500000001498
0.0002991500000000258
0.0003658349999993149
0.0003155350000003665
0.00039301599999941317
0.00030321900000007673
0.0003113039999993461
0.00034928399999945015
0.00034671299999988747
0.000302371000000079
0.00030997899999984924
0.0003405910000005008
0.00033891399999941285
0.013773698999999695
0.00031292899999968427
0.0003221060000004883
0.0003085010000001276
0.0003368410000001987
0.00036082999999997867
0.0003670600000003077
0.000321635999999792
0.00032549799999959106
0.0003600070000002731
0.0003591529999997789
0.0003281560000001349
0.00032812199999998626
0.0003074610000002309
