0.0008901880000005136
0.00035343100000062577
0.00041664700000065835
0.0004066429999998178
0.00044723799999957237
0.0015326340000001437
0.000398377999999866
0.00039757300000076157
0.0004139580000002141
0.0003746250000000728
0.00047255299999982014
0.0004202810000002444
0.0004139680000001533
0.0010366169999995734
0.0004317909999995706
0.0004005549999996916
0.0007926939999993721
0.0004011219999995319
0.0003920280000002663
0.00037204200000040544
0.00041676900000009454
0.0003642470000002618
0.00042030600000053653
0.0007764669999996698
0.0017515519999999896
0.0003521840000004772
0.00040985799999937456
0.0004187130000001815
0.00043969199999960296
0.00038587800000033923
0.00041840000000004096
0.00040021000000045603
0.0004134150000005832
0.00046228500000022876
0.00037840999999971814
0.0004295039999995254
0.0009722620000003346
0.0003993710000003148
0.0009093139999993838
0.00041706400000052213
0.0004330009999993223
0.0014729349999997865
0.0004133749999999381
0.0004189889999999252
0.0013614960000003506
