0.04136972700000019
0.002032832000000262
0.002173768999999659
0.0034950780000002624
0.004864523000000176
0.004862748999999944
0.004831281999999604
0.00509529899999972
0.004474447999999853
0.005079806000000353
0.004808634999999839
0.005198142000000239
0.0028655669999997357
0.002939887000000141
0.002202963999999419
0.0027430849999996454
0.0026895959999997388
0.002708827999999386
0.002769165000000129
0.0025854729999998938
0.0027710049999996045
0.002159342999999758
0.002769411000000055
0.0028504409999996483
0.0030487379999994957
0.00275887299999944
0.001946278999999329
0.0025997369999997133
0.0027812100000002005
0.00269586500000063
0.002775510000000203
0.0017085830000000968
0.001927057999999704
0.0020674609999993265
0.0020799390000005857
0.001981461999999823
0.0016160819999999632
0.0019482450000003482
0.0021470369999994077
0.0017996499999997084
0.0019566739999996585
0.0021064759999998017
0.0019430710000003515
0.0019535599999995767
0.0020880580000000037
0.0018240370000004447
0.0018137029999998333
0.0020575400000000243
0.00187729499999989
0.0019613960000004482
0.0017466940000003817
0.0018492650000005995
0.0019123880000000426
0.0018578539999998256
0.001899442000000029
0.0020895389999999736
0.0016149920000003704
0.00188895099999975
0.0019428789999995644
0.0018690790000004398
0.001624760000000336
0.0013896049999999605
0.0020334570000004604
0.0018110770000001608
0.001908693999999933
0.0021679080000005513
0.0020241849999997896
0.0016993579999997621
0.00170807900000014
0.002083692000000248
0.0019321989999996347
0.002037469000000236
0.0017715990000004567
0.0020071650000001995
0.0019702030000008364
0.0018374070000000131
0.0019418790000003128
0.002034380999999641
0.0017222189999994697
0.0018621389999999849
0.001931981000000249
0.002015553999999753
0.001956451999999942
0.0019484970000007706
0.0019981980000007837
0.0018672269999999713
0.001995829000000171
0.0020366960000011147
0.0020296809999997834
0.001999159000000361
0.001789038000000076
0.0015546059999991257
0.0017117880000014907
0.0017491930000002043
0.0019231650000008926
0.0018775190000006603
0.0019558430000010674
0.001922331000001165
0.0020048010000000005
0.0017984660000003316
0.0017020910000002942
0.0017927019999994798
0.0018795259999997427
0.00195677800000027
0.0023364920000013
0.0018549439999997475
0.0017601159999998117
0.002066870000000165
0.0017336610000011632
0.0018606390000002193
0.0018333120000004755
0.0018025599999997866
0.0015480060000001572
0.0019870280000002793
0.0018175770000006253
0.0020707829999988547
0.0019003509999997448
0.0021018770000011955
0.0021449530000001715
0.00219029500000012
0.0019052179999992092
0.0020726949999989586
0.0017624979999997237
0.0019984340000007705
0.0014911810000004522
0.0018635429999989128
0.0020940669999998107
0.0019787559999997484
0.0019644830000000724
0.0019101890000001731
0.0020446799999991327
0.0020409380000003807
0.0018090569999991146
0.001746099000000001
0.0018309160000011815
0.0017989800000002276
0.0014915630000000846
0.0019982409999990125
0.002087282999999829
0.0022375499999984783
0.001998342000000264
0.0020553349999996584
0.0016822930000000014
0.0018243250000011813
0.002021108000000993
0.0016054909999994038
0.0018594509999996234
0.0019182500000010094
0.0020460309999990045
0.002144889000000205
0.0017744720000010261
0.00191653799999969
0.0019229389999999569
0.0018662860000002723
0.0019617969999998763
0.0020799359999994493
0.0019636030000000915
0.0019049229999996697
0.0019947200000007825
0.0017888040000002547
0.0016187419999997843
0.00201168100000082
0.0020062809999998876
0.0019928539999991557
0.0017942419999990022
0.0017265420000001086
0.0018759970000008508
0.002006996000000427
0.0018798120000003138
0.0017067320000005992
0.0017901069999997077
0.0018639470000003655
0.001858386999998629
0.001964689999999436
0.001833189999999263
0.0022419390000010253
0.0020025639999996514
0.0019552609999990977
0.001830973999998875
0.001717614000000367
0.001771150000001498
0.002096952000000485
0.001801307000000918
0.0018870030000002203
0.001958106000000015
0.00203748800000092
0.0020465319999996012
0.002032419000000729
0.0019587420000011235
0.002159190999998728
0.001976458999999764
0.001964480999999907
0.001843056999998538
0.0019025739999989355
0.0021228569999998115
0.00198565599999867
0.0021295430000005666
0.0021408839999992324
0.002034126999999941
0.0017478189999984295
0.0020901799999997195
0.002015544000000702
0.001946110000000445
0.0021891170000003513
0.001965687000000216
0.0018266759999985283
0.001793993999999799
0.002026834000000477
0.0020179809999998355
0.001999742000000637
0.0018174630000000747
0.0022256120000001545
0.001989992999998691
0.0019745169999989542
0.0023417420000004796
0.0021761999999991843
0.001899290000000775
0.002043768000000057
0.001812045999999512
0.0017803119999992845
0.0018926780000008137
0.0015450530000009621
0.002058405999999735
0.0018614159999987834
0.0020479620000006804
0.0018706939999990624
0.0019071970000013039
0.0017823660000004793
0.002038517999999101
0.0020083240000001723
0.0015931419999990482
0.001887893999999335
0.001922545000001108
0.0020633720000002853
0.0019432869999995717
0.00208059700000085
0.0017057280000010167
0.001973367999999809
0.0019917209999995578
0.001757426000001061
0.001920570999999427
0.0021502560000001836
0.0017096080000005287
0.0018047259999995902
0.001884971999999152
0.0018778120000000342
0.002090195999999267
0.002246463999998838
0.0018251990000006657
0.002111683999999059
0.0020690649999988153
0.0020276969999990513
0.0020543250000013558
0.001862608999999793
0.0019266400000006456
0.0018467550000007549
0.0018272269999997093
0.0019337699999990576
0.0019561530000000715
0.0018516580000014216
0.0018975739999991248
0.002118652000000054
0.002133879000000505
0.0020680359999989406
0.0018824760000004659
0.0016349460000011362
0.0018364100000010097
0.0020351070000010907
0.0019686109999987877
0.0020019960000006165
0.001908456000000669
0.0020036680000004026
0.0019066260000002444
0.0018659930000008984
0.0018801939999999462
0.002142269000000141
0.001877482999999458
0.0019445850000003873
0.0018277580000010119
0.0017851079999999797
0.0018027200000005905
0.0019592990000010246
0.001889947000000447
0.0016832190000002356
0.0019387740000009757
0.0017896809999999874
0.0019148590000011012
0.002002004999999585
0.0019692809999991567
0.002259806999999725
0.0018913739999995016
0.0020946649999995515
0.0020520590000003835
0.0021592100000003
0.0018124089999993487
0.0021450789999999387
0.001646434999999613
0.0020304119999998704
0.0022180570000003286
0.0019597040000007837
0.002011908000000062
0.0015235790000005522
0.0018750569999994582
0.0018444229999996509
0.0019576550000000026
0.0018581859999997619
0.001922333999999637
0.001217307000001
0.002099265000000017
0.0013933239999985858
0.0017228399999993371
0.0018130179999999996
0.0019436460000008537
0.0017457759999999212
0.0017360259999996686
0.001912189999998759
0.0017655360000006226
0.0018630469999987298
0.0019451200000002444
0.0018915449999994394
0.0019023209999993185
0.0018648409999997284
0.002018101999999189
0.002106477999999967
0.001972457999999122
0.0016563090000012437
0.0017152549999988054
0.0020884419999998016
0.0019446820000013076
0.0015826650000008158
0.0019838050000000607
0.002039507000000995
0.0017213449999999852
0.001780343000000073
0.001796309999999579
0.001933091999999803
0.0018541990000002784
0.002049579999999551
0.0018752919999993622
0.0016764829999988962
0.001973157000000114
0.0014402810000007094
0.0018191969999996616
0.001958989000000244
0.0015716979999993441
0.0018134940000003041
0.0020025060000001815
0.0018059629999989113
0.00207746300000089
0.0019609200000001437
0.002079213000000024
0.002032663000001378
0.002173240999999493
0.0019070810000005878
0.0017201110000009123
0.0019790919999991274
0.0018998989999996496
0.002094266000000289
0.0019474679999991196
0.0019431050000005001
0.0018811900000006432
0.0020305269999987274
0.0019453700000013896
0.0019464909999999946
0.0016423599999999539
0.0019436640000005667
0.0018553910000012053
0.002007467000000318
0.0017671640000003208
0.0019500709999995536
0.0020231849999987617
0.00216815799999992
0.0019352779999994851
0.002069435999999314
0.0020555449999992703
0.0017291149999998368
0.001990269000000211
0.002154636999998516
0.0018614650000010613
0.0020562139999995566
0.0019448109999995467
0.0018687629999991628
0.0020220640000001566
0.001916411999999923
0.0018935790000007557
0.002051613000000785
0.001995781999999835
0.001846559000000525
0.03158544299999999
0.00171918499999979
0.0016854029999997522
0.0018153099999995703
0.0014599889999997728
0.0013664739999992292
0.0018053940000006818
0.0017471430000002286
0.0014313379999997267
0.0016946430000004398
0.0017373780000005112
0.0018448009999998405
0.0016355159999994484
0.0017350340000001907
0.0014407869999999434
0.001759485000000005
0.0016937959999996366
0.0017652539999994943
0.001695158999999613
0.0018534729999997168
0.0018957180000001017
0.0013945959999999147
0.0017149539999996577
0.0015995800000006
0.0018321889999999286
0.0016303820000000968
0.0011370939999997276
0.0017663910000003114
0.0017244359999999403
0.0018125389999994468
0.0018766679999995262
0.0017308240000000197
0.001799962999999849
0.0017489939999997262
0.0018437449999995081
0.001665511999999758
0.0015465199999997736
0.001693591999999633
0.002010323000000369
0.001565534000000035
0.0018081409999997078
0.0018222560000005217
0.0018702540000008483
0.001733694000000341
0.0019064020000003623
0.0017190810000000667
0.0020604600000000417
0.0018645939999997196
0.0018482989999997201
0.001986371000000098
0.0016491280000003883
0.0017724009999993129
0.00196540299999981
0.001855770999999784
0.0016795260000002088
0.0018990709999995303
0.0016988370000001751
0.001769446999999147
0.001930699999999952
0.0017870719999999451
0.0014897200000003608
0.0012569819999992404
0.0018924629999998999
0.002073356999999554
0.0017125650000000547
0.001841263000000204
0.001991543000000817
0.0017742780000000735
0.001453964999999613
0.0019255359999998944
0.001660955000000186
0.001783658999999993
0.0015770179999998746
0.0021012280000007877
0.0017438450000000216
0.001695439000000576
0.0017164140000005546
0.0018415369999997822
0.001714320000000491
0.0018183609999997685
0.0018505070000003343
0.0019818940000000396
0.0017134289999996
0.0017771670000001905
0.0018835939999997109
0.0016087920000007472
0.0016202270000000851
0.0015271209999996316
0.0017755629999998135
0.0017277890000002571
0.0016532180000004004
0.0015011540000005041
0.00203798600000038
0.0017202649999994435
0.0018388019999999727
0.0017618510000003695
0.0018233140000001313
0.0017208809999997854
0.0019049159999999787
0.0015557079999997114
0.0016111580000002235
0.0016129510000002512
0.00163150299999959
0.0016171339999999645
0.0018524890000000127
0.0018098520000000562
0.0015505249999998583
0.001984922000000111
0.001776803000000271
0.0015923950000003018
0.0016241409999997458
0.0016783419999999438
0.0015595749999999242
0.0018226679999999718
0.001782637999999892
0.0018869669999999061
0.0017608339999997114
0.001964309999999969
0.0018582709999996894
0.0018210670000007312
0.0016910340000002577
0.0018269289999999216
0.0016052219999993511
0.0016195979999995558
0.0014979339999996455
0.0016269900000001059
0.0017813490000007093
0.0018063829999999115
0.0017811439999997347
0.001890170999999441
0.00180491099999891
0.0018548959999993286
0.0015461160000000973
0.0015539499999999151
0.0016574179999988559
0.001731952000000092
0.0014227240000010966
0.0015627020000010816
0.0015627099999999672
0.0016672910000004038
0.0016941649999999697
0.0018519070000007076
0.0016302269999997065
0.0016892809999990988
0.0017004099999997635
0.0014792960000011846
0.0017016719999993768
0.001804577999999779
0.0018801840000008951
0.0016974580000006512
0.001388139999999538
0.0020343739999990618
0.001824476999999547
0.0017792480000000666
0.0017626540000001967
0.0021677520000000783
0.002019841000000966
0.0016842969999988355
0.0017054190000003189
0.00163929599999868
0.0014447509999993002
0.0018837989999997973
0.001922863000000774
0.0019230999999990672
0.001592493999998723
0.001738425000000987
0.0017946300000009074
0.0021266209999986074
0.0016764669999993487
0.0017960879999989743
0.001741475999999409
0.0018183349999993936
0.0015910930000000434
0.001725160999999531
0.0016229499999997898
0.0019005449999998092
0.001895645000001167
0.0017092699999992078
0.0017237070000000188
0.0017415910000000423
0.001685799000000543
0.0018074830000003317
0.0016125060000007352
0.0017977560000002057
0.0015990119999997887
0.0015860910000000672
0.0016886480000000148
0.0016435939999990268
0.0018427799999987116
0.0019582229999990375
0.0017435809999994945
0.0016742580000013163
0.0017183120000012764
0.0016193890000000266
0.0017370990000014075
0.0018165499999991397
0.0016904990000004005
0.0017173580000005018
0.0016872560000003034
0.0014015399999998124
0.001811209999999619
0.0017795889999998593
0.001793823999999944
0.0016941209999998819
0.0015905580000001862
0.0017128929999987719
0.0016678780000010107
0.0018111399999991562
0.0016186270000009273
0.001682090999999275
0.0016337330000002481
0.00180166100000001
0.0016993000000002922
0.0015910269999999116
0.0018159569999998126
0.001739145000000164
0.0016622559999994735
0.001735426999999845
0.0016158250000000152
0.0017277430000000038
0.001909540999999848
0.0014581039999992385
0.0016974680000014786
0.0016715670000007066
0.0018140429999995433
0.0016115439999992986
0.0017456060000000662
0.0016224460000007213
0.0019123470000010911
0.0018950740000001076
0.001548182999998815
0.0018607680000002347
0.0018560149999995446
0.001688177000000124
0.0015871789999994945
0.0019521319999995512
0.0016505650000002703
0.0017556840000008123
0.0017712739999993232
0.0017053440000012188
0.0016100570000006087
0.0018752180000003449
0.0015736559999997013
0.0018461799999993644
0.0018767840000002423
0.0017139119999995955
0.0018221509999989394
0.0019002050000000992
0.0017311729999995862
0.0017122720000006808
0.0017561029999999533
0.001814056000000619
0.001788354000000325
0.0016188709999997997
0.0017335860000002867
0.0016461430000003219
0.0017039569999983684
0.0016287669999996979
0.0019125469999998757
0.0018478670000003916
0.0016611680000000462
0.0017845409999992512
0.0018135689999994042
0.0017385409999999268
0.0018762639999998498
0.0015614250000002272
0.0016490249999989715
0.0016298520000006533
0.0016868450000000479
0.0016771100000010364
0.0016345179999994741
0.0018110330000009611
0.0019190839999989606
0.001692465999999726
0.0016909810000012016
0.0018914389999995507
0.0017730690000004046
0.0017369019999993185
0.0014771200000005535
0.0015928390000006232
0.001396337000000969
0.0017415569999990055
0.0016836540000007005
0.001688816999999787
0.00195901399999876
0.001707853999999287
0.0018270680000007644
0.001770869999999647
0.0017251819999994922
0.002007145000000321
0.0017048269999992982
0.0017494800000008581
0.0018107720000006822
0.0017741259999990433
0.0015543610000001706
0.0018692539999989322
0.0015516470000012106
0.0018431520000010693
0.001781449999999296
0.001715686999999022
0.0019177959999989724
0.0015603360000007171
0.001797476000000131
0.0015472699999996564
0.0018425749999995134
0.0017615700000011003
0.0018733149999992094
0.0011352010000003077
0.002091796000000201
0.0015324620000001232
0.001719806999998852
0.0018084040000001522
0.0018125510000004397
0.001659388000000206
0.0017425470000009824
0.0016715460000007454
0.0015598160000003247
0.0017562670000010883
0.001755580000001089
0.0017716459999999046
0.0016632310000002093
0.0016264269999997083
0.0017722140000007158
0.0016369830000009244
0.001586030000000349
0.0013967819999987086
0.0014394949999996243
0.001769100000000634
0.001780894000001254
0.0016042610000006619
0.0018893589999997573
0.0018939429999988988
0.001908365000000245
0.0018896370000014429
0.0017971519999999686
0.0016999470000005346
0.001678997000000848
0.0017818270000002912
0.0017526710000002055
0.0016564710000004368
0.0017002450000003222
0.0014464849999988871
0.0016721200000002767
0.0017840819999985769
0.0014769929999989273
0.0016089000000008014
0.0016594290000000456
0.0017099490000003215
0.0015902299999996927
0.0015461870000006428
0.0016061749999991548
0.001731647999999808
0.0019417510000003801
0.0017628550000008403
0.0013208979999994597
0.0016473019999985183
0.0018984949999989453
0.0017953239999997095
0.001834883999999093
0.0017636690000006894
0.0017385690000004672
0.001894362999999899
0.0018389550000001975
0.0016792149999993455
0.0014358699999998947
0.0015945459999997524
0.0016235429999991169
0.0016587460000003773
0.0015554810000004693
0.0015526509999990168
0.0017954790000000997
0.0017090979999991873
0.001582879999999065
0.0016686169999999834
0.0019285590000013286
0.001663437999999573
0.0016925509999996535
0.0017761170000003546
0.0017618210000005519
0.0016871500000004147
0.0017272960000003224
0.0016776899999992878
0.0017078150000013892
0.0016099939999989488
0.0017489299999997598
0.001682219000000984
0.0018140920000000449
0.001581576999999612
0.028933697000000258
0.001619104999999621
0.0017089600000002036
0.0016430100000004444
0.0015493009999998364
0.0014672589999999985
0.0015927749999997687
0.0017624060000001052
0.0015866479999999683
0.001814023000000553
0.001669113999999361
0.0017434679999999148
0.0016207350000003728
0.0016686820000000324
0.0013514879999991791
0.0017579520000001736
0.001712045999999745
0.001789120999999838
0.0017149039999999616
0.0016603389999998441
0.0017253730000001966
0.0013254629999996936
0.0015845180000004788
0.0017054669999998495
0.001837180000000771
0.0016475189999995976
0.0010782669999995775
0.001679024999999612
0.001714409999999944
0.001807934000000344
0.0017762759999992994
0.0015254870000003251
0.0017801229999996337
0.001760090000000325
0.0017739989999991934
0.001541562999999968
0.0014268419999998727
0.0015967059999999478
0.0018578810000002832
0.0014783779999998359
0.0017137250000001103
0.0018330090000002741
0.0017627299999993795
0.0017417310000000796
0.0017306139999995196
0.0017635440000001168
0.0017260359999999864
0.0017780910000002592
0.0016670569999996943
0.0018440229999994173
0.0016081400000000912
0.0016403830000006892
0.0017103570000003288
0.0016651010000003907
0.0016391069999999175
0.001795455999999973
0.0017623499999999126
0.0017465809999999138
0.0017052500000005466
0.0016874090000005282
0.0014265870000000902
0.0011453960000000762
0.0018066519999999642
0.0017962000000002476
0.001689820000000175
0.0017457560000000427
0.0017317900000000108
0.0016881990000001679
0.0014221689999995846
0.001776886000000033
0.0016514320000000637
0.001715524999999829
0.0015147449999997065
0.0017952099999991589
0.0016616469999997108
0.001598407000000357
0.001616371999999977
0.0018477089999997531
0.0014484000000001274
0.0016738900000001777
0.0016856809999996614
0.0016583350000001218
0.001560773999999654
0.0016471410000002962
0.0016506160000000492
0.0015856059999999061
0.0015326559999992995
0.0013030029999994142
0.001698121000000441
0.0016363950000002347
0.0014615059999991686
0.001531213999999892
0.00161870000000075
0.0016594290000000456
0.001711886999999912
0.0017488810000001465
0.0017341200000000612
0.001633808999999431
0.0018785389999997903
0.001495652000000014
0.0016440960000005944
0.0016577460000002375
0.001649071000000113
0.0015676559999997508
0.0016556489999999258
0.001609605999999708
0.001503712999999962
0.0018891950000003987
0.0017254370000001629
0.001594208000000208
0.0016291339999998655
0.0015822899999999862
0.0014067669999997534
0.0018380860000002386
0.0017122299999998702
0.00192792300000022
0.0017071499999996576
0.0017370159999998691
0.0017679069999996244
0.0017253479999999044
0.0018023650000005276
0.0019388830000002244
0.0016462170000002274
0.0017948030000001225
0.0014294760000002071
0.0016024219999994926
0.0016639210000004567
0.0017477630000000133
0.0021652639999993895
0.0018623680000002807
0.001706588000000231
0.001788807000000503
0.0016808510000005938
0.0017724250000004105
0.0016707219999991807
0.0018115529999995772
0.001333820000000152
0.0016117649999998207
0.0015482200000001
0.0016582780000007347
0.0017573189999993133
0.0017275740000002315
0.0016718350000015647
0.001581354000000701
0.001664107999999942
0.0014223829999995274
0.001633525999999108
0.0017652679999997645
0.0018282910000007035
0.001744566999999364
0.0013735599999993298
0.0017812250000002194
0.0016884309999998237
0.0018221760000010079
0.0016969400000004242
0.001966731999999638
0.0018195710000004084
0.0016847579999996753
0.0016871499999986384
0.001563904999999366
0.0014150560000008028
0.0018323780000013556
0.0019224319999988637
0.0017206399999984967
0.0016750459999990142
0.0015641899999998543
0.0017178110000006797
0.0018456909999997606
0.0015926049999990255
0.001772266999999772
0.0018393400000000781
0.0017873030000004064
0.0016696970000005251
0.001766336999999396
0.0016480199999993062
0.0018279470000006626
0.001802961000000991
0.001696514000000704
0.0016627559999999875
0.0016035159999994164
0.0016571810000005627
0.0018962439999992142
0.001507945000000177
0.0017533560000000392
0.0015909929999988748
0.0017513400000002122
0.0017257700000001819
0.0017184869999997687
0.0017427419999993532
0.0019106039999989832
0.0017341829999999447
0.001719077000000624
0.0017017690000002972
0.001648166000000728
0.0018111399999991562
0.0017655669999996348
0.001687518000000665
0.001772814000000622
0.0017850250000002177
0.0015110539999998451
0.0017025900000007255
0.0016954980000001285
0.0017909659999997274
0.001815963000000309
0.0016597609999990937
0.0017559070000014998
0.0016546740000009663
0.0019153790000014936
0.0016486849999992614
0.0017400829999996148
0.0016535690000001324
0.0017521890000011808
0.0017089020000007338
0.0015109540000004529
0.0017699469999996609
0.00178363800000092
0.0018279300000010323
0.0017866610000005778
0.0015247160000004811
0.0016216409999998405
0.0018756069999987801
0.0015580669999994967
0.0018054030000005383
0.0017343170000003738
0.0019116960000005179
0.0017720429999990017
0.0017681159999991536
0.0015859939999991468
0.0017646760000005202
0.0018227219999999988
0.0014762360000002417
0.001853180000001231
0.001791140999999996
0.0016917930000008852
0.0015798979999992468
0.001983171000000894
0.0017471150000005764
0.0016740510000001763
0.0018234689999996334
0.00171647400000019
0.001611469999998505
0.0016807559999989508
0.0015702379999993354
0.0018096669999998483
0.0018109690000009948
0.0016401880000014302
0.00191260800000137
0.0019223879999987759
0.001704912000001002
0.0018534519999988674
0.0018085069999997927
0.0017469339999998112
0.0018082699999997232
0.0016282190000005414
0.0017767269999993118
0.0016965249999998377
0.0016601220000005412
0.0017095109999996083
0.0019557409999997333
0.001728495000000052
0.0016361229999990456
0.001695996000000477
0.001982350999998772
0.0017719410000012203
0.0017474740000000821
0.001561670999999265
0.0015812030000006416
0.0016755139999986568
0.0017332860000003336
0.0017199580000006875
0.001626088000000081
0.0017487859999985034
0.0017959429999994114
0.0017922790000000077
0.0015800500000011652
0.0018998569999997272
0.001817886000001323
0.0017612759999998673
0.0014371749999995131
0.0015723830000009542
0.0014217290000004823
0.0017940269999989766
0.0017382549999993557
0.001895155999999787
0.001968233999999569
0.0016437400000004487
0.0018736069999985006
0.0017319980000003454
0.0017910809999985844
0.0018951789999999136
0.0016130649999990254
0.0017871280000001377
0.0019110940000004462
0.0019036850000002659
0.0017099540000007352
0.0018831739999995989
0.0016863800000006535
0.001967837000000472
0.0018367300000008413
0.0017042509999996014
0.0017802719999995276
0.0014661160000013496
0.0018848630000007915
0.0016310990000008019
0.0018926490000001905
0.0017664630000009396
0.001963201999998887
0.001176802999999893
0.0020245469999995436
0.001336537999998555
0.0016844149999997171
0.0017128619999997596
0.001684047000001243
0.0015316680000001526
0.0016984710000009784
0.001589775999999432
0.0014519599999989197
0.0016302390000006994
0.001741518999999414
0.0018108170000008528
0.0017196519999984616
0.0016692169999998896
0.0017543419999999088
0.0017262290000008562
0.001702266000000563
0.0014360419999999152
0.0013777780000001627
0.0018807170000005868
0.0017021439999993504
0.0015416939999983725
0.0018465619999989968
0.0017223969999999866
0.0018661160000004173
0.0018790129999999294
0.0019542339999993885
0.0015639709999994977
0.001717013000000378
0.0016323259999992956
0.0016726809999987324
0.0016951399999989292
0.00166551199999887
0.0012622029999995732
0.0016807850000013502
0.001785502000000605
0.0014857920000004299
0.0016683329999995777
0.0017236350000011669
0.0015689989999998488
0.0016944599999995091
0.001605019999999513
0.0016494159999993485
0.0016766290000003181
0.0016613069999991126
0.0015974639999996043
0.001387703000000684
0.0016740869999996022
0.001846338000000003
0.001753317000000365
0.0016706319999997277
0.0017339129999989211
0.0017604379999998088
0.0017697210000005015
0.001797521999998608
0.001608405000000701
0.0014852709999999547
0.001609032000001065
0.0016803930000008904
0.0016255669999996059
0.0015952740000013677
0.0015613609999984845
0.001697573999999591
0.0016960780000001563
0.0015317129999985468
0.0018066780000012272
0.001903976999999557
0.0016371119999991635
0.0017246960000001366
0.0017564419999995806
0.0017539620000004419
0.001826289999998565
0.0017899379999999354
0.0016536739999999384
0.0018305450000006829
0.0016451630000009487
0.001742671000000584
0.0017763229999996355
0.001823783000000745
0.0015756510000013435
