254.52159429203542
48.548370194513474
86.6998450761366
139.6166660133746
134.36849267000835
154.0278613757823
114.74198459430647
107.17603883784055
6.34470102050851
122.69981901104097
133.36261999358769
160.4894501732768
2.0605262295358293
156.30144819746982
121.95860476426702
170.9492899633204
45.66061200051142
52.394538644975164
0.03485765320463744
38.2198844874997
108.57510180360808
123.32949498894315
90.18265571369439
14.286859066415044
2.924754303304635
46.346978573049064
64.12760936622435
183.22402000284367
232.3997935407699
51.03900045049645
