176.55953819033215
192.916675539424
36.4645003349505
34.72794621378268
632.8262788962394
258.26275135325034
76.55176386001277
771.2829395956958
350.0338319232459
30.781135686768074
63.626362735610044
228.86710256659015
59.64876828550223
69.67833440974228
95.42192614240147
66.97826182318958
240.9767000789296
34.3878786400008
138.82057829921686
17.56690855130903
18.153687450002444
95.43119690229533
80.1721414506798
1403.3938448762722
160.6973996724212
2058.3845611787447
173.67289468932663
74.49731653351313
192.48017620490543
44.681326847056475
