152.51321730026828
40.26570459515734
1594.157344485102
2393.128398791541
2484.450078410873
2393.128398791541
1517.6447453255964
2368.0754527162976
2489.2755156002117
880.9163101604278
40.906463246931835
1672.949732620321
1590.2506354855109
0.007748864524500435
1591.3342231713827
1538.5627593360996
1583.7421249332622
1538.5627593360996
2610.025627335825
2535.569502074689
2610.025627335825
2535.569502074689
77.63602581355518
2648.2916014606158
2565.1958762886597
2595.9728742827333
2565.1958762886597
2595.9728742827333
703.0343642611684
1789.9696345856921
64.06013682356314
102.70759827245443
1411.554828973843
1437.1529715762274
53.58031088082902
1934.5953488372093
1883.0160965794769
135.84546431312356
1697.5504032258063
1861.1970660146699
1916.4894259818732
1976.7825405122844
1904.1213494461228
1976.7825405122844
550.4098743267505
