206.17644504748984
2827.2441597588545
2784.985152190052
55.462081767555574
2777.7573696145123
2657.24295010846
2777.75283446712
2657.24295010846
808.7714471403813
2699.4135936370208
185.36132624651987
35.57868263145665
155.96607923027832
1362.9698508410029
147.4438140955706
209.31407922912206
2902.7067557535265
875.5086505190311
2809.2746113989638
6.419937564918456
75.96555471399874
3476.590052750565
45.85729393990263
233.18189955246146
3380.881038211968
198.40850761753944
2627.227042660882
3222.9871504157218
3083.1612436731743
3222.9871504157218
3083.1612436731743
3444.151171579743
45.12571783083849
2144.1708238851097
2051.1438900939984
2144.1662887377174
2051.1438900939984
156.54844794136667
59.4040699121948
2705.0272108843537
67.23511101276094
3.582608757860398
1886.912584777694
264.42585941508463
3060.822568671121
