0.024547004999476485
0.0007898390031186864
0.00027972400130238384
0.0005432170000858605
0.0002828190044965595
0.00029280899616423994
0.0005703200004063547
0.00029189300403231755
0.0002344029999221675
0.0002739749979809858
0.0003542830017977394
0.0003180189960403368
0.0002853050027624704
0.00027590499666985124
0.0007664849981665611
0.00036389399610925466
0.00035089800076093525
0.0002992709996760823
0.00023126099404180422
0.0003002480007125996
0.00030788700678385794
0.0005402120004873723
0.0005154039972694591
0.00031438699807040393
0.0003543089987942949
0.0005291880006552674
0.0003251230009482242
0.00029605100280605257
0.0005743910005548969
0.002214292995631695
