0.0004899359992123209
0.0003538309974828735
0.001051510000252165
0.00037675399653380737
0.000977065006736666
0.0016567709972150624
0.0011410910010454245
0.015247688999806996
0.0007936710026115179
0.0024620300027891062
0.0004433349968167022
0.0019497129978844896
0.00037631800660165027
0.0004152749970671721
0.0003327020021970384
0.00047287299821618944
0.0003693769976962358
0.00045404800039250404
0.0015651099965907633
0.0007534270043834113
0.001007621998724062
0.0007989579971763305
0.0035464030006551184
0.0005977699984214269
0.0005307089959387667
0.0011077059971285053
0.00040034200355876237
0.0004854869985138066
0.00045865800348110497
0.0004150040040258318
