0.0003189769995515235
0.0015038369965623133
0.000763782998546958
0.001415459999407176
0.0004294680038583465
0.0015025559987407178
0.0013387800063355826
0.004109815003175754
0.0004914439996355213
0.002948121000372339
0.0008432999966316856
0.000847431001602672
0.0003929130034521222
0.0007354629997280426
0.000707772996975109
0.003368493002199102
0.0004524589967331849
0.0004507490011746995
0.000700789998518303
0.0004772239990415983
0.0004565109993563965
0.0008862140020937659
0.002188876002037432
0.0009740060049807653
0.004340186002082191
0.0004857259991695173
0.0008818299975246191
0.0009108140002354048
0.0004368679947219789
0.0010609410019242205
