0.0006946200010133907
0.0010111579977092333
0.0004997529977117665
0.000564285997825209
0.00037509600224439055
0.0003553589995135553
0.0009505289999651723
0.0003665569965960458
0.0014378269988810644
0.0004082400046172552
0.0017241669993381947
0.0008297759995912202
0.003929140999389347
0.0005666349970852025
0.00044478899508249015
0.000381220001145266
0.0012471989975892939
0.0014459400044870563
0.000364257997716777
0.0018947799981106073
0.0009240529980161227
0.001353770996502135
0.0005112639992148615
0.0006536250002682209
0.0004303419991629198
0.0009068250001291744
0.000932230002945289
0.00040877600258681923
0.0006126730004325509
0.0009088450024137273
