6.7911629594220315
4.632329878759562
1.350395312861968
209.94734299257468
209.31221006431645
194.47466255209645
198.311290825719
209.158708780213
187.76065283250128
2.3067624147854784
194.4838841246117
188.81044436572623
154.07431954593315
229.79429477318405
228.4260864756623
2.207328678851467
176.3033953527798
2.239252675983718
1.3608830880322182
213.29516145494134
209.59623999063737
2.266390051045726
181.25372711607795
217.0130994347828
3.235348770126908
222.41198110950694
217.25027342734765
244.009853515258
4.864475258762104
2.2907267289083397
1.3671788433569358
202.21186210398926
178.18250666960267
2.3690789630738665
5.499398494882599
2.153847561632238
181.50360334613563
202.4637382348025
176.2675341069189
213.411971696657
4.740361747994753
2.1301760824072016
219.55860221309004
200.18502509520118
2.3184040695310424
