2.4990239335191564
233.79112790719705
2.7282120060547923
2.207374484255548
2.3660624492719156
2.2871746741971126
190.93644442912495
2.2585922618696377
6.945056502697239
211.21839398765096
5.837661628915567
2.294596775916442
173.93861476025072
2.208477089114662
7.317037596728766
2.741538436206259
180.98061759382097
224.40394241831007
2.8832868104420326
229.61826404672172
1.5258812782429216
2.7767708731675924
212.84832485894526
1.2610065154353491
2.8122336314554217
2.7952280434203534
2.6142970716947236
244.02247454143455
2.383399132836725
1.5159091382421999
2.319106741578165
157.7999752404335
162.04509471869488
2.3746513220129994
168.6820629555122
7.011914122298818
2.7472660819780206
7.257889762461242
211.68501596774655
213.3294870476958
235.32438562484367
2.7170022411834807
7.177191645077208
2.7109924062460578
7.03751944469808
