6.4492256559883705
3.2347883603016037
7.8558870048941465
246.0445912241854
3.0258321442999114
182.48713691516602
164.92241201781889
1.2281432332351814
1.3726142728455266
191.7634421556942
0.9430076391183008
3.0484488479791705
2.035115618790855
226.19990832465672
1.1676165123152178
157.43829430348822
179.83700012096452
167.28765315879818
1.9922994944263122
143.79802761216493
154.43888420659414
1.0991652581580829
222.7019406537669
2.53225217794513
2.1373086976910396
8.091739216108543
8.172207004396801
271.63711765536027
263.9381234881064
265.613706890285
226.21805588154115
266.13091650163005
3.5226132422147787
222.4330225960614
275.60703675924964
230.33262452986054
313.7900092670169
4.073117074732667
3.1707512719258983
5.62431277351981
1.085840207250039
3.67576988315936
262.30826560451794
231.68857906951985
2.0001492984727496
