283.42476590225425
292.941805830206
1.2113520888662241
1.7301179450711857
229.36501735603176
258.89395798018086
0.8001626905123936
4.820109576497122
1.6919334787904512
3.7878643684221105
221.99904076079326
1.3773581895178113
155.97391381304686
1.3185960670883254
274.7428371151458
1.7793370143545855
1.154004520002046
2.1073174334715667
1.6680394617733147
3.52489935346744
0.7728828512705829
186.620144576851
9.338377668971082
163.19703198314775
3.6432197518280964
1.0642238033455294
1.277926036131107
183.747235694592
218.1070894875473
202.90158087008905
3.3737908601663604
1.7445074676530608
252.33592214465892
315.57449538452653
278.7726156180274
3.8131797489644614
321.3336275235974
5.946486780051873
0.710533043543817
161.5938291269329
1.6460125487511685
4.4043836358025485
1.6350954713242472
2.063173495215186
217.3733293658094
