8.72820194500001
0.0006023550000122668
0.000279639999988035
0.00022317199999122295
0.0005315919999873131
0.00027878400001668524
0.0003426960000183499
0.0002588600000024144
0.0009917639999912353
0.00026377800000432217
0.00024101900001483045
0.0002679769999929249
0.0003159469999900466
0.021464111999989655
0.0009923979999939547
0.0002636830000142254
0.0002469869999970342
0.00023195299996814356
0.0010969830000249203
0.00033055000000103973
0.00033358700000007957
0.0008193959999971412
0.0004973900000209142
0.00030077200000278026
0.00023489400001608374
0.0002783619999604525
0.00024917400003232615
3.0856944579999777
0.00024304900000515772
2.8807148559999973
0.00028216000004022135
3.2269470269999943
3.6707367299999873
4.33883334799998
0.020800387000008413
0.001040128999989065
0.0008545619999722476
0.00028406699999550256
0.0008904709999910665
0.00027234899999939444
0.001055958999984341
0.0011816169999860904
0.02025234799998543
0.0015184079999244204
0.0009551119999287039
