0.0003935689999252645
0.0003525770000578632
0.00035536800010049774
0.025303139000016017
0.001991823000025761
0.023549809000087407
0.00038381299987122475
0.00149213199983933
0.024900074000015593
0.0020555460000650783
0.0003056410000681353
0.001145196999914333
0.02482347000000118
0.0004011589999208809
0.001116567999815743
0.00040981600000122853
0.00047136200009845197
0.001803490999918722
0.0025311290000900044
0.0003609180000694323
0.0003484280000520812
0.026758137999877363
0.001911490000111371
0.0003187639999850944
0.00196531500000674
0.0003202570001121785
0.0008729910000511154
0.00036188700005368446
0.00033307900002910173
0.0021196109998982138
0.00033766399997148255
0.0015247700000600162
0.00040083100020638085
0.002332135999949969
0.00028909100001328625
0.0019264190000285453
0.000361315999953149
0.0017106919999605452
0.026055951999978788
0.00038685599997734244
0.026906093999969016
0.00032355799999095325
0.00037362199987001077
0.000995574999933524
0.0003328329999021662
