0.0009861280000222905
0.02608392100000856
0.0009758369999417482
0.0004563719999168825
0.00047714099991935655
0.00045297199994820403
0.0007557240001005994
0.0012350010001682676
0.001286482000068645
0.02420719800011284
0.0004299199999877601
0.0004301889998714614
0.00044506299991553533
0.0004289359999347653
0.0004402319996188453
0.00044438699978854856
0.00041191299987985985
0.020374158000322495
0.0005123529999764287
0.0004167530000813713
2.352966004999871
2.2218921409998984
0.0015017559999250807
0.00038821500038466183
2.370666103000076
0.024162969999906636
0.0031482539998251013
0.00045594799985337886
0.0003767400003198418
0.000448474999757309
0.0022906449999027245
0.0011275450001448917
0.0016684500001247216
0.0017514370001663337
0.018290639000042574
0.0004417089999151358
0.00043733100028475747
0.0012364230001367105
0.019776620999891747
0.003011185999639565
0.002369277000070724
0.0229950689999896
0.0012833539999519417
0.00040972100032377057
0.0024276700000882556
