6.426768642447419
2.164616497829233
1.1756529064869419
0.586986133910796
21.021166306695463
14.259963768115941
1.4314779270633398
0.710393476572612
1.6250663834306958
8.337016574585636
6.426768642447419
2.164616497829233
1.1756529064869419
0.586986133910796
21.021166306695463
14.259963768115941
1.4314779270633398
0.710393476572612
1.6250663834306958
8.337016574585636
6.426768642447419
2.164616497829233
1.1756529064869419
0.586986133910796
21.021166306695463
14.259963768115941
1.4314779270633398
0.710393476572612
1.6250663834306958
8.337016574585636
