5.375152998776009
7.4689711486118675
3.8649734538671257
1.838380281690141
5.995070518964809
9.49121744397335
1.9169451871657754
1.19846547314578
11.727221279003961
3.5393946531621716
5.375152998776009
7.4689711486118675
3.8649734538671257
1.838380281690141
5.995070518964809
9.49121744397335
1.9169451871657754
1.19846547314578
11.727221279003961
3.5393946531621716
5.375152998776009
7.4689711486118675
3.8649734538671257
1.838380281690141
5.995070518964809
9.49121744397335
1.9169451871657754
1.19846547314578
11.727221279003961
3.5393946531621716
