8.497529456480425
2.73507217847769
2.4334847501622323
1.1294703485740154
4.0299199325748
0.702935865712566
3.0083748302399274
5.296001045478306
10.282520956224776
3.2653979238754327
8.497529456480425
2.73507217847769
2.4334847501622323
1.1294703485740154
4.0299199325748
0.702935865712566
3.0083748302399274
5.296001045478306
10.282520956224776
3.2653979238754327
8.497529456480425
2.73507217847769
2.4334847501622323
1.1294703485740154
4.0299199325748
0.702935865712566
3.0083748302399274
5.296001045478306
10.282520956224776
3.2653979238754327
