1.12255872432154
7304.938519494964
11832.416439499226
14802.135976421412
5059.909904709248
9732.727609323325
7762.059302873622
10301.292880225345
2630.9012204749106
9954.512779522836
10908.452088168277
9788.938006132159
8202.363020005376
139.37478778537084
2911.830258643823
11562.353052094795
11422.38729582481
12068.631569259664
2499.711800399554
8296.371946729336
8190.543012765332
3388.1424049051698
5550.608085976595
11444.4788742574
12870.150799054156
10114.807579339153
11193.400192789697
1.0435435895643146
12201.39057530404
0.9558914157243461
10745.229595150911
0.9777372326230058
0.9658391417790357
0.9819468890096794
136.16075753777145
2689.8477256468823
2993.904546519846
9797.712054001668
3021.435827811332
9666.598015802749
2452.7903763672684
2152.5778640878752
147.47686386794388
1916.7300495946117
2753.7781613007483
