5934.690723719226
6501.7550510211995
6430.089437861462
101.64138840632968
1131.0831283557102
105.59235686331434
6449.664687831123
1510.1813587824465
99.39847391611256
1181.638669688358
7861.517589146388
2211.0163659086334
120.81671571298332
7576.568950464167
1979.712315205811
5432.407609740235
6032.910403057395
1574.5116477587103
1001.577182715644
6754.418503735072
7113.862248813147
84.73555450720738
1294.9652553012813
7824.078236929696
1209.05467316532
7419.314026446372
2646.397528570918
5842.413575747067
6378.218944498111
978.0778322529793
6127.054948631952
1497.862825153976
5776.233207531067
1094.5651746101798
8892.107602387501
1095.3650804777162
5942.789708395212
1232.3488021506535
82.91146072888861
5599.264943872772
96.95343073591495
8163.561670779248
6578.643631411091
2672.3735179947644
9147.248511700946
