7198.606014088163
417.18285806546305
965.4558049097906
134.9770927138512
0.6849492373811948
0.9768750685009873
6483.452885030561
0.9550511251419566
4747.51456073168
5365.046280272078
4339.547834959493
5236.295265326132
130.29606702745045
1067.3851096023295
5295.225921077552
5078.24900955605
5554.657597717092
2546.847072008596
1223.9171741369264
6439.807955044512
1225.6835265620996
4974.056377233704
1663.213343084521
5674.334737280081
13.1950438061555
134.1407027699319
5732.624617100975
5352.818556063795
5866.060339065626
89.37378873129582
4704.546693477384
91.36914917031392
2878.966921828711
6321.607201648278
0.3000038683348082
0.9657902381207855
135.86519547926687
5182.480044529471
4251.576316551651
887.9676546371878
6471.97132543207
5476.694998248648
7312.157224267413
5530.969992199605
2095.1289171884
