0.4201209258756809
501.84916345731244
465.7299219283383
394.7975778031653
38.784009504896815
397.40735708363695
61.28046295131492
519.3231360597582
66.86407993030691
479.01928460632183
605.3804506650895
67.5791965296306
22.112474026533683
77.21067355949587
24.866290587560442
518.6561939717068
39.782625426195004
49.85222065769805
385.72023024485486
352.95176037922624
0.006307939464592389
66.25464095198569
516.4897695054017
459.4342927253853
540.6756169106752
515.1690637355581
25.21351172522207
44.879570641890524
28.44679010077593
36.79411487813627
543.5316134773678
560.5268329013221
603.7325605674356
499.12271567371647
573.1078463948588
34.95265024262853
585.9064496604659
41.31387983368849
64.85974906468067
609.9756391839925
528.0060910603058
35.967032921248894
550.8649166673431
532.854626517049
509.03679279798365
