431.027233173899
35.879603249507795
357.73482362307914
18.327766490114723
68.2991487800205
167.02726771973556
161.5731055467627
165.07166365385152
155.4418077003316
22.76928224666687
339.3300063063632
21.936133361939152
48.83686728659222
104.25394844181703
25.941049923659712
377.1482015803426
385.3034885682296
28.121351251227107
137.68303729768522
23.628664474830938
328.67677478610534
83.1331914214322
215.63027331739104
26.584475179432637
320.8041989782231
98.12070318533243
0.9946053988811939
26.50931923825361
60.452158642405536
262.2969350315807
226.06218885669097
221.2230570543423
62.29086988317192
179.24058505538042
42.048974388903375
300.1532564912804
121.23631691245589
57.043588716724464
86.6026892010346
91.4971513445085
100.74041908118019
23.334249506883317
90.01239284915562
35.760796507025574
97.73078843124577
