33.90974183411583
911.0541810488946
16766.782457445013
721.2801267918643
5684.885374193324
0.9758944198333439
1760.262015992212
10638.403177165648
284.75041034462845
1227.0284420376986
701.8747101350895
2336.2393613041763
11201.41391968753
11317.84850511636
13112.436872110813
11872.427196734374
1.4708157487325075
114.74904272074677
291.09843510797145
90.4509972859139
34.04322570172901
2814.335886946275
5612.406869310093
5085.35675239176
182.53180982117587
3394.8662397282746
4512.153187262787
6575.058974626155
2347.311410324572
4308.521718826914
10687.80400374451
10847.3192986515
34.55363996106466
262.74031367436953
251.46358748127994
4144.4655202859085
26.749473067899668
217.01243366075585
223.03601079498208
206.25947683098929
2848.084890645633
106.97213574253632
92.03843970049147
263.3714687852531
226.07821575203178
