0.0003578980000007448
0.01049128499999874
0.0097726490000003
0.008037197000000162
0.0003445629999987432
0.0003912640000010015
0.0003737419999989555
0.008606381999999968
0.010147604000000143
0.020803101999998574
0.00035066800000116416
0.0003725460000012504
0.0004386200000006113
0.0028607639999993495
0.009266069999998905
0.00030285300000088
0.0003729979999995692
0.030909029000000032
0.0003856069999983447
0.004642708000002216
0.00037223800000063534
0.0003778270000012185
0.008322701000000876
0.004008080999998498
0.00040810199999796737
0.00033251099999986877
0.0003838489999985484
0.01125920100000144
0.007295047000003052
0.00036219399999737334
0.0004306300000003205
0.011231931999997613
0.008165071000000523
0.004150343999999251
0.0003527450000007093
0.00041233600000012416
0.00039658400000064375
0.0004570510000014849
0.00046577799999880654
0.010301316999999699
0.008897105999999155
0.021405957000002473
0.013464855999998804
0.008508433999999454
0.00046947100000238606
