0.011583527999999177
0.0005054419999979132
0.007735464999999664
0.004523493000000656
0.0005414059999999665
0.007875802999997461
0.0005682580000012649
0.00047907799999791223
0.00044121999999902073
0.0029105160000000296
0.01779385600000083
0.0004219549999966432
0.0036657560000001865
0.0003840490000008856
0.0027748540000018806
0.004168712000002017
0.010080251999998069
0.0003891480000000058
0.01574349499999883
0.0004264440000021352
0.011268008999998358
0.00040669099999846026
0.0004499349999989022
0.0003699230000009379
0.0004668810000012513
0.0004622560000022702
0.00933257899999873
0.0004993549999987579
0.016465905000000447
0.0031935929999988844
0.008929956999999433
0.00043447399999863023
0.010034221000001509
0.00041310000000294167
0.00950806900000245
0.008382528999998584
0.0003994240000011473
0.0004405759999954739
0.016496123999999668
0.01029188800000469
0.0005122710000051711
0.013289193000005639
0.003140654999995718
0.0003899069999988569
0.0003901460000008683
