0.00033448500000332615
0.00035529500000563985
0.003649072000001752
0.007057481000003918
0.0004491660000027764
0.0027298169999951938
0.028045921999996892
0.0003658509999979742
0.00043282699999735996
0.008586035999996966
0.0062082290000020635
0.00041044099999965056
0.01098538200000121
0.009266388000000347
0.0026044840000025715
0.0003764120000013804
0.00779083599999808
0.0003420999999974583
0.0003838539999989621
0.00039591299999841567
0.0003841859999980102
0.00034944800000147325
0.0004415559999983998
0.010150189000000864
0.003313272999996286
0.010102807000002656
0.0004509360000000129
0.00034874100000337194
0.000447108999999557
0.000343159999999898
0.0064366120000016736
0.00034326400000139756
0.0036252380000050266
0.0003786110000021381
0.01200616000000565
0.0004203160000031403
0.0030714879999962363
0.008865578000005314
0.00315992899999884
0.00039263999999405996
0.00044004499999772406
0.00039253499999603036
0.0028636710000000676
0.002631317000002298
0.007063323000004118
