14.849142280524722
2.2342526022105376
1.8367571533382245
0.7774057176342556
55.765658747300215
3.870034052213394
11.017023613399232
3.988277727682597
4.541353383458647
0.2925891279492776
14.849142280524722
2.2342526022105376
1.8367571533382245
0.7774057176342556
55.765658747300215
3.870034052213394
11.017023613399232
3.988277727682597
4.541353383458647
0.2925891279492776
14.849142280524722
2.2342526022105376
1.8367571533382245
0.7774057176342556
55.765658747300215
3.870034052213394
11.017023613399232
3.988277727682597
4.541353383458647
0.2925891279492776
