2.8305813164442433
0.5741553187852544
0.13921324588513334
16.94302176696543
3.736842105263158
2.1625386996904026
2.5652173913043477
12.815750371471026
9.846957590657652
3.4078853046594983
2.8305813164442433
0.5741553187852544
0.13921324588513334
16.94302176696543
3.736842105263158
2.1625386996904026
2.5652173913043477
12.815750371471026
9.846957590657652
3.4078853046594983
2.8305813164442433
0.5741553187852544
0.13921324588513334
16.94302176696543
3.736842105263158
2.1625386996904026
2.5652173913043477
12.815750371471026
9.846957590657652
3.4078853046594983
