3.2858719646799117
4.149440715883669
0.4111568754967844
0.4378025355359201
2.632872503840246
3.3792295889525965
2.6721560678996705
3.8335866261398177
0.732911172796669
4.589159465828751
3.2858719646799117
4.149440715883669
0.4111568754967844
0.4378025355359201
2.632872503840246
3.3792295889525965
2.6721560678996705
3.8335866261398177
0.732911172796669
4.589159465828751
3.2858719646799117
4.149440715883669
0.4111568754967844
0.4378025355359201
2.632872503840246
3.3792295889525965
2.6721560678996705
3.8335866261398177
0.732911172796669
4.589159465828751
