0.762633063998974
34.73013048635824
0.8037097224690857
6.903092783505155
3.097544338335607
5.932751726644857
0.30404911562637044
3.9180622009569377
4.551695269987443
0.4406903080171849
0.762633063998974
34.73013048635824
0.8037097224690857
6.903092783505155
3.097544338335607
5.932751726644857
0.30404911562637044
3.9180622009569377
4.551695269987443
0.4406903080171849
0.762633063998974
34.73013048635824
0.8037097224690857
6.903092783505155
3.097544338335607
5.932751726644857
0.30404911562637044
3.9180622009569377
4.551695269987443
0.4406903080171849
