9.477762822333428
8.3301030199858
4.454988203289462
12.545164662101554
0.5285342208382943
11.526422577686558
9.674679151154448
2.8675081744698767
2.040718776542052
5.292247464263241
18.901927436207433
0.5199554539374458
2.7912853892188374
0.6761811548061457
5.3311693721476985
4.5864159025493665
5.831259617941886
6.258728793512654
0.6897787871797273
0.05270374404100479
13.078339278253278
5.630811132201615
0.38504086028444334
2.273513629624712
2.293473965022953
0.9328386290771514
11.474184478553424
0.8445758506976818
7.486397617156463
0.7560959723604247
0.6755383638703871
1.006993013779143
2.261157752979427
3.629786122466869
10.09749596502011
12.716483829279753
0.1659027241547105
8.711662348902495
4.240184393185787
5.067708990037507
1.3118324737225826
0.3904106865616055
3.9111182161217246
4.046902848881944
0.6648224097920384
