1.622555613518695
2.409174650586145
6.359209642669293
3.1720273475962575
8.808701774761184
14.121106474945254
2.027119682485879
4.229013389422782
0.9147310532298378
1.680503643668188
0.7037861153367339
2.2823833176386326
61.99349496178756
0.5666932750835317
0.5785184330328188
0.7363609309348909
3.246618924011247
6.369978062107769
8.736020703665034
6.500971619066309
3.371506128424615
0.9085534290615852
76.89802162910165
127.66179477876899
0.9469381580466546
4.240676048751554
10.688882668372765
1.9180279987777684
3.8281378316231915
2.124758515762207
0.7680385865030637
1.932184217880767
16.053589404589957
53.41254060261672
54.835965028598466
0.5168310690401131
19.830153969165735
4.315146311355587
3.2079562889414652
1.1905558228401936
0.7569715892768899
32.35780432417289
0.7262241146161966
0.7911165570251207
23.696418038479287
