0.6030338799999981
0.0005143779999983167
0.0005709090000038941
0.0006171260000016332
0.0069050769999989825
0.000707263999998986
0.0033429869999963557
0.0003858219999983703
0.0036852100000004384
0.0005040289999982406
0.00039692400000035377
0.003786599000001445
0.011729756999997676
0.0031994949999969435
0.008897772999993947
0.0004300390000011589
0.00578218500000105
0.0035210739999982366
0.00044838300000549225
0.0004890999999958012
39.04397757499999
0.0036395010000092043
0.00047676100000160204
0.0005333959999944682
0.00045350700000312827
0.0004762760000005528
0.007402652000010335
0.003994242000004533
0.008640130999992834
0.007339967000007164
0.0004958170000008977
0.0004724610000010898
0.0004537850000048138
0.0005385620000026847
0.00047565799999915725
0.007712690000005296
0.0004698540000021012
0.006363448000001881
0.004046218999988582
0.000421947999996064
0.0004811979999885807
0.006724375000004557
0.00043832199999371824
0.0004492909999953554
0.0004767509999936692
