0.0005409569999983432
0.00033990200000744153
0.00541237900000624
0.0006422200000031353
0.0012976129999913155
0.0012962099999924703
0.0003496620000191797
0.0003901800000107869
0.013543831999982103
0.0003957430000127715
0.006714504999990822
0.00041636599999606005
0.23695462200001316
0.00042431200000692115
0.00039941699998280455
0.007660516999976608
0.00037471900000696223
0.15925482099999044
0.00034236999999848194
0.008288810000010471
0.0008971470000176396
0.000832110999994029
0.00036571799998341703
0.0014635089999899265
0.00034265100001107385
0.0003729249999935291
0.0009795730000234926
0.0003301200000009885
0.0007750209999812796
0.00035665100000414895
0.0003448909999974603
0.0003247340000029908
0.0022286899999812704
0.0003181940000160921
0.0014083719999860023
0.0022105600000088543
0.005682514000000083
0.0012923350000164646
0.0005271470000138834
0.0004021630000181631
0.0003774139999848103
0.00036699400001793947
0.007552615999998125
0.08532453300000498
0.0003324650000138263
