62.77432676336236
2.177519531687601
2.2750434401153576
2.9066071168842136
67.23489753712805
58.89268371212297
62.09516457894812
2.6262788474878103
2.19606342541545
1.0668032104059273
66.00550948453692
64.09267311934681
53.78427112299352
7.972700998756278
2.3692843891750592
68.1516973579239
55.97883634770657
0.7181592149012084
56.95360561425779
4.7890037452257275
60.16886508084636
61.13574466600672
2.964517528624179
5.521844743159514
56.40034844258248
67.90123033525977
60.024608635388574
1.9775460088150956
3.14718506954012
62.38878059870152
51.39540905181761
2.136101429389341
2.8837844765830547
5.445971466462565
65.20231045076116
55.88855690503807
57.66373580366797
49.63053138473984
49.02548853758361
2.3080503201676827
2.7027882999263833
1.1412000874333532
1.8557663000631943
2.9957241250268813
54.03962758055979
