60.33769227259371
56.68407098237068
5.906430456837574
2.1794174153632113
32.64851747441465
5.135866250382793
1.222424600624713
60.8337902592034
52.201431519153836
2.5214462180229362
3.067327091187298
46.460431584609495
1.6652758183552157
1.86067483899857
6.7711546701699055
47.26374291982175
2.1398082311065583
41.121993569423076
58.261727115171226
57.54318499288426
58.148409885100286
62.753419678775664
50.80861770666607
2.0123192779954184
6.623711659141969
1.9998247021834648
59.71955000265888
59.15906360250209
48.924794625071094
63.287405292001836
3.328170006206577
63.6100668870337
5.861841898371945
56.21261664316419
17.870434010532833
510.28864235098115
6.9030033651527996
2.504637937874771
6.8079757488259816
56.324360738418264
49.40291333866256
54.17248907795982
7.810690194508283
7.664043138847598
2.7231658526720506
