1.515871236939205
182.02380952380952
186.95906432748538
2.286788983698256
0.04794801449638509
186.27277432712216
1.843141740143071
183.79056505961637
5.152382221827283
180.72415584415583
3.371380065933632
1.8638641731561831
177.5077306733167
1.8424480099935492
4.966261609699955
1.8428653152592962
185.231
1.8536770659442818
1.8093187976435448
2.3421969569472236
200.29904051172707
2.4018301016062904
2.9990968413858194
186.2531581606872
2.901587783090789
7.531251284158619
2.6326254565129177
2.4465759945596735
193.13791267305643
3.904995978192868
3.4433083750681805
175.80050632911392
184.8807241746539
2.33675799086758
197.2880724174654
2.463307660103269
186.70287539936103
185.8946835443038
195.49627263045792
185.8946835443038
197.0
4.668394431089744
194.76012793176972
182.86786786786786
196.11034115138594
