1.5191716023373216
3.6464205649379764
1.2273368894964414
2.160439121756487
4.695845402396774
1.623340215558881
4.613118787658498
2.1836475786342358
96.73643410852713
4.716042347719162
101.44967741935484
3.6914225941422596
2.1568025324332734
2.260711968632761
1.2059192810947827
5.165419111201025
98.32862644415918
2.217929955225827
98.18216805644644
2.183035331140037
97.64299424184262
2.235918897685381
1.873849745070336
396.4643908744883
0.8782033067070797
3.444202785354658
2.153322285532678
187.70976253298153
5.142672399857748
104.8569545154911
103.96601307189542
1.8140331785925146
3.6369413667817847
2.4342487672664337
1.1671475133727367
98.66974291364535
0.3698596385254892
181.30519480519482
0.5628047332318138
183.11363636363637
66.53769337463933
0.894044969339087
191.7116883116883
194.7467018469657
2.2196264774787893
