332.233819821
0.004456777000086731
0.0003276539999887973
0.0007447739999406622
0.0008078920000116341
0.00032524599998851045
0.00038000299991836073
0.0009693370000150026
0.012791631000027337
0.004525437999973292
0.004117032000067411
2.2191062519999605
0.004535915999895224
0.0008641499999839652
0.0003840339999214848
0.004878006000012647
0.0160365520000596
0.00045353799998792965
0.013582796000036979
0.00394068800005698
1.9874714489999405
0.0038000840000904645
2.0576518520001628
0.003646654000021954
0.0038993170001049293
1.9811354729999948
0.003394402000139962
0.003732014999968669
0.004123108999920078
0.004283082000029026
0.0003577600000426173
0.011989412999810156
0.0033628040000621695
0.011441704000162645
0.003590091999967626
0.00035127599994666525
0.003470643999889944
1.9501086320001377
0.003797271999928853
0.0008757909999985714
0.00440634599999612
289.88806066899997
0.0003402790000563982
0.017421571000113545
0.0035214299998642673
