0.0013842179998846404
0.012137338000002273
0.0011904160000995034
0.015672073999894565
0.0003926399999727437
0.0003773659998387302
0.0005838889999267849
0.013167801000008694
0.0006259940000745701
0.0007439920000251732
0.0006736459999956423
0.09086286799993104
0.0009521529998437472
7.787232569000025
0.016579735000050277
0.001132846000018617
0.0003865310000037425
0.9448622719999094
0.0006238260000372975
0.12567734300000666
0.0018709340001805685
0.00040062099992610456
0.00041775500017138256
0.0003409609998925589
0.0007249830000546353
0.000645450000092751
0.013055731999884301
0.00080251400004272
0.011635568999963652
0.00036555199994836585
0.012814672999866161
0.0015843520000089484
0.000683996000134357
0.0006744250001702312
0.00035016900005757634
0.00038049899990255653
0.13893241400000989
0.0006545910000568256
0.016429349999953047
1.1981983329999366
0.0004021250001642329
0.0004190879999441677
0.013710692999893581
0.00036488699993242335
0.0006701479999264848
