0.0022742080000170972
0.010064024000030258
0.010391179000180273
0.00897165500009578
0.010579922000033548
0.014241731000083746
0.0005175119999876188
0.0004234410000663047
0.5917136819998632
0.015795724000099653
0.004547443000092244
0.0004427950000263081
0.0010343049998482456
0.014528462999805924
0.0012040020001222729
0.0003996680000000197
0.00041927999996005383
0.014398131000007197
0.0017363229999318719
0.013105149000011806
0.0024956830000064656
0.011919324000018605
0.010753994999959104
0.010401841999964745
0.00043621299982987694
0.0007417680001253757
0.002341310000019803
0.001009914000178469
0.0028029420000166283
0.001448666999976922
0.010431406000179777
2.2517863449998003
0.011621484999977838
0.000534850999883929
0.014043173000118259
0.00041745399994397303
0.0003994959999999992
0.004049716000054104
0.012344653000127437
0.0024873650002064096
0.00040267000008498144
0.0004110549998586066
0.015413803999990705
0.0016112709997742058
0.00047148399994512147
