0.0018849049999971612
0.000831706999861126
0.0004488479999054107
0.008163557999978366
0.011496347000047535
0.009414590000005774
0.009600558000101955
0.009203135999996448
0.01078627700007928
0.0003919719999885274
0.003279091999957018
0.0009129509999183938
0.010564893000037046
0.0007176089998210955
0.007601899000064805
0.008623357000033138
0.0010123780000412808
0.0004149310000229889
0.001984390999950847
0.0003989319998254359
0.0021392359999481414
0.00036837399989053665
0.001803271999960998
0.00196352099987962
0.010059753999939858
0.00035586199987847067
0.0003768120000131603
0.002744745999962106
0.00037507799993363733
0.010465626000041084
0.0008543470000859088
0.0003668490001018654
0.003279625000004671
0.014506395000125849
0.00037466200001290417
0.023757255999953486
0.0004654389999814157
0.010295621000068422
0.0037219920000097773
0.0014660199999525503
0.013225904999899285
0.0015443849999883241
0.0004448049999155046
0.00989249799999925
0.009933001000035802
