0.0204750119999062
0.12855500399996345
1.3001171900000372
0.007822452000027624
0.5721594080000614
0.6388574689999587
0.4938330099998893
0.00840964899998653
0.004964714000152526
6.515162849000035
0.012056004999976722
0.002840618999925937
0.0004506689999743685
0.0037076099999922008
0.0003523549999044917
1.0882082969999374
0.007454655000174171
0.011283584000011615
0.15697173199987446
0.000445123000190506
0.003062733999968259
0.010756018999927619
0.00036243500017008046
0.004427634999956354
0.00036477599996942445
0.0003841110001303605
0.0071679289999337925
21.746965950000003
0.007813278999947215
0.0004599090000283468
0.011683053000069776
0.0022079309999298857
0.011447874999930718
3.100117224000087
0.00046634499994979706
0.002512260999992577
0.007685685000069498
4.600641758999927
0.013705009999966933
0.05806396399998448
0.0003926290000890731
1.137855122000019
0.009106977000101324
0.0035157819997948536
21.87873655600015
