18.94473102431835
19.228122662677638
18.94473102431835
5.308144416456759
18.635224760501107
2.013333333333333
5.788525683789193
18.633500357909806
19.469708302169035
2.432333301984388
2.732142857142857
0.7066568914956012
17.96942580164057
17.705363703159442
17.96942580164057
0.5769860505197393
0.6938892882818116
18.047868362004486
0.21129697310467624
0.5992030651340996
14.406042741341194
14.62154076290202
1.99517151192033
14.834704562453254
14.157030692362598
20.952131637995514
0.9333720930232559
12.007479431563201
11.830508474576272
12.007479431563201
11.830508474576272
12.007479431563201
11.830508474576272
12.007479431563201
0.6337578377536317
11.956649522409993
17.47427293064877
0.8949468786000949
2.9416071117308698
12.08017179670723
12.660165041260315
12.08017179670723
12.660165041260315
12.08017179670723
0.12778570265107578
