0.019706325000000025
0.007455407000000136
0.015397815999999898
0.00021091999999978128
0.00024652999999985603
0.0002837700000000165
0.015623252999999782
0.00022513300000026604
0.0002525539999997939
0.00023061000000001997
0.0038978820000004077
0.009008064000000093
0.0002490480000001405
0.00023251999999995832
0.0002215080000000924
0.0003076889999999999
0.005258627999999987
0.000231655999999969
0.005509506000000108
0.0002616639999999393
0.00027399900000002475
0.0002437839999998026
0.0002732779999998769
0.008969749999999888
0.00023799299999982537
0.00026661400000005386
0.00022387699999981692
0.0030249860000002293
0.008337368999999928
0.0002525069999999019
0.00026132399999978517
0.0060354269999995935
0.0029700280000000134
0.00021411600000043052
0.0002134950000005631
0.005497882999999426
0.0002745200000004999
0.005404279999999595
0.00024288799999983013
0.0049544539999999415
0.0034543310000003657
0.005033160000000869
0.00023353799999981106
0.0024435189999998386
0.0054243359999999186
