0.003546253999999749
0.003726100999998039
0.00039085099999880413
0.008628399999999203
0.00034468299999446117
0.007471574000000203
0.0003732439999950543
0.014629939999998953
0.0003229840000003037
0.008217918999996243
0.007641054000004033
0.015774697999994203
0.04431051900000682
0.0003975019999984397
0.009477656999997919
0.00042922100000453156
0.01591746199999733
0.007418020000002912
0.01371777300000332
0.00871054499999957
0.004060381000002167
0.003627008999998793
0.00033814300000045705
0.00042327399999919635
0.0023933509999949365
0.008648610999998141
0.0003402970000010441
0.00034949799999850484
0.0036643989999944893
0.003981310000000349
0.00043705399999538486
0.01397067199999924
0.0003847979999989093
0.00044298099999906526
0.032222562000001176
0.0003868330000003084
0.0003518290000030788
0.00041406100000074275
0.0003390460000005646
0.00040605399999549263
0.013571667999997317
0.00035523399999704
0.037456307999995886
0.055925596999998106
0.000372306999999239
