0.0073198990000094
0.021434851999998727
0.008233638999996629
0.008834097000004704
0.007348918999980469
0.008568001000014647
0.013475319999997737
0.00972272100000282
0.013696240999991005
0.008905368000000635
0.012894291999998586
0.012746499000002132
0.01930261600000449
0.008853706999985889
0.009018142000002172
0.007291258000009293
0.00772660599997721
0.013786866999993208
0.008958324000019502
0.007066291999990426
0.011453904999996212
0.00690627800000243
0.006731561999998803
0.008949727999976176
0.012445253999999295
0.018571022000003268
0.015780129999996007
0.01824977600000466
0.006337524000002759
0.01111580000002732
