0.012554531999967367
0.011771320999969248
0.0072558589999971446
0.008409845000016958
0.007269029999974919
0.007471668000050613
0.007646862999990844
0.007157477000021117
0.014801888000022245
0.021948936999990565
0.01725680099997362
0.006903332000035789
0.00862398999998959
0.008160943000007137
0.008060146999980589
0.009335174999989704
0.009612864000018817
0.00770418300004394
0.0072704469999962384
0.006344088999981068
0.006345183999997062
0.006295039999997698
0.0215046679999773
0.009368313000038597
0.012946563999946648
0.012661137999998573
0.015734534999978678
0.014665717000013956
0.007850789000031
0.0068988740000008875
