0.008879658000012114
0.02057365499996422
0.02427492499998607
0.012190662000023167
0.0070710630000121455
0.007117496999967443
0.0112098100000253
0.01865418199997748
0.010149424999951862
0.006977409999990414
0.010567036999987067
0.006163613000012447
0.007549018000020169
0.010172722000049816
0.010390036999979202
0.01840843100001166
0.015462933000037538
0.008272051999995256
0.014982169000006706
0.07951485500001354
0.007715447999999014
0.01063424900002019
0.008751554000014039
0.024128858000040054
0.029958430000021963
0.008009630000003654
0.00787184600000046
0.00696224500001108
0.0067107190000115224
0.00633270899999161
