3.907980094197103
3.574610244988864
1.4442459571267394
1.311286910127863
16.49884259259259
18.21990740740741
3.605189519206309
1.622033503955328
3.523652085452696
1.6453239776340314
4.209651898734177
18.119182746878547
4.416289592760181
16.821793416572078
17.006928406466514
4.142227816236627
15.95949074074074
1.4811037148378785
1.504935781764144
16.447795823665892
16.16647662485747
1.3432265902976654
14.664766248574686
15.513921113689095
15.248574686431015
15.424593967517401
15.397947548460662
0.8852373158756137
16.22505800464037
1.771905424200278
4.597782568524792
17.022805017103764
17.319025522041763
18.035347776510832
4.458451906659078
16.6248574686431
1.4290346198096433
15.579247434435576
1.2533988533988534
3.86078184110971
1.3641322044936504
19.107183580387684
3.7724687144482365
19.0193842645382
1.4320363387041481
