3.1875041366073202
97.30562709472571
0.8314362944302447
2.821056766843449
22.11806981519507
2.870377779047837
0.2603847908576007
23.98769861609431
3.6208100050897984
25.668556701030926
24.71315136476427
4.066733233483109
1.2863275441205353
23.766718506998444
1.738841956419274
25.188550420168067
9.568801521876981
8.652
1.94029147021003
3.140846001321877
24.06126582278481
25.304046858359957
171.08787857786402
1010.7597200030434
1.5448781319243226
0.775403074615673
1.6453468810981764
1.225022173527417
3.5108437549469684
2.2376787449673747
2.145514860806025
25.29598308668076
0.31514405125316075
24.84917355371901
25.521485411140585
0.31771575150755016
23.111855670103093
23.723280423280425
23.111855670103093
0.7988519700332963
23.793904958677686
24.4896331738437
0.3529896083133493
2.461477405016404
24.795842217484008
