0.671614290101341
17.221475939466078
147.85328467153283
144.78842030021443
0.6744043192913258
2.1268748463240716
2.1949170565716716
0.7000376146523538
14.81301421091997
14.594694178334562
57.477493606138104
176.515106853353
2.5136431784107947
0.6585888437384558
2.5034509701784087
18.393290506780872
0.9295938748335553
12.347089167280766
2.3555723397113124
20.150035893754488
2.448287941150714
33.66086009798585
0.9623095244227612
2.730058365758755
6.202359579379328
12.648258008844785
3.0109086689102935
18.625269203158652
1.467164563481844
16.31209735146743
5.417123705057891
1.36986301369863
0.9498860110649132
0.6056898370875159
24.4041157847128
159.0493736182756
57.769149161892635
195.4529791816224
4.734889148191365
0.6475899742930591
14.851142225497421
1.4751569645763893
14.234106207928198
1.7587698964611342
4.361386138613861
