4.521752118784714
4.9879209370424595
5.043810848400557
3.9236765772298767
1.3584686774941996
7.5538000544810675
1.2039283083722072
16.17282321899736
1.725773698318577
84.28453214513048
2.3510926782580954
14.211330362826226
5.8535096642929805
0.8309689744224714
15.494063324538258
15.252597402597402
14.343667546174142
1.1380536367330354
1.2024724016889659
1.0226042230644288
2.5187005770463773
15.245795601552393
20.819178960872353
0.8705603081470865
12.621428571428572
7.322137060414788
20.955483870967743
5.124171295466763
12.621604139715394
12.621604139715394
2.0215746421267893
12.805051813471502
1.8531833150384194
13.087209302325581
5.255939260347784
0.05568870806883123
0.9672190585876682
0.44307780908698247
0.7844572664983772
86.1325857519789
84.79025974025974
86.1325857519789
84.79025974025974
0.7484927393436085
20.664507772020727
