1.0913318914393357
2.643156394249184
3.4145745339005704
509.76054732041047
1.4035761130124078
528.3643586833144
3.4534230606189062
520.1949828962372
4.888099104233652
518.3112884834663
527.330626450116
518.3112884834663
527.330626450116
2.2491340406159694
3.439694835165639
2.3009060234326584
539.6612529002321
530.4310148232611
1.4177687074829932
534.6944127708095
543.9988399071925
5.227302797555643
3.3824322239931837
2.2479410594934377
549.27030162413
542.903078677309
552.3503480278422
2.2669678136825064
534.4547563805104
530.5438996579247
544.4628770301624
2.221601307509371
1.3927944160819752
526.2599771949829
4.978072492866955
2.262147409447488
2.2543829900175467
532.3677494199536
517.0114025085519
526.008120649652
522.8745724059293
527.5290023201857
2.2705412613042117
5.112260501933975
1.0457115630405427
