2.767803006640184
537.6195574589578
563.3545250560958
2.6992491919994586
2.871276921026429
2.6294189089542095
545.7119279819955
1.7853450219038192
2.6245723349621946
1.4961607554488656
538.9434502505369
2.6511521625809586
2.639293011348251
561.3403141361257
6.040333864986252
460.33109619686803
5.934320626269824
2.720655309059618
2.585022187815364
559.4397905759163
535.4123120973514
1.4556031435492809
1.0267472116181333
462.48242333582647
1.4341800833112015
448.32984293193715
0.9688154298722221
1.2271388095367826
452.6970567121321
2.283926404657079
445.97709377236936
5.962065729516365
441.1288475304223
1.860634234596442
553.8204936424831
2.662390724604612
560.2085521380345
2.6569850692570607
0.8631355601813675
546.45325355273
0.010719020238910021
551.3389830508474
559.5863874345549
560.719970523213
569.10770381451
