2.79979677414068
0.7018590636204245
2.634022524685031
452.88733965421085
472.65832363213036
452.88733965421085
5.264024003383737
6.578475186320029
4.017440258935335
1.365806595725468
501.8242142025611
480.83324037925263
501.8242142025611
480.83324037925263
501.8242142025611
480.83324037925263
501.8242142025611
4.58826105517282
725.7037252619325
695.3480200780814
3.3608982581129667
4.449722485447408
5.51549805365767
386.2782805429864
2.5858667517639966
3.2345628668520234
2.7149750718730665
650.6232558139535
10.840480668202968
693.6621468926554
2.820629876967349
8.037183064418294
669.8869417750142
571.7259174311927
3.5931724335215542
652.8774011299435
671.8563953488372
7.515670910871695
1.3613365206629275
8.410255457155866
1.2951040083114977
2.212900030504629
1.5376540350651913
585.4837019790453
0.6093821259505686
