0.0005024970014346763
0.0013760069996351376
0.00044901500223204494
0.0003556099982233718
0.00169239699607715
0.0009855509997578338
0.0005504599976120517
0.0007618629897478968
0.0007440289919031784
0.0014175649994285777
0.0005168899951968342
0.0012113199918530881
0.0016019600006984547
0.001172386997495778
0.0005115889944136143
0.0005058800015831366
0.0004199499962851405
0.0004052190051879734
0.0027253159933025017
0.0005009380111005157
0.0029906970012234524
0.0012767660082317889
0.001305059005971998
0.00040081799670588225
0.004166079990682192
0.0005483630084199831
0.0007967319979798049
0.0008368670096388087
0.000864543006173335
0.0007363869954133406
