51.365629993753934
49.87231428922671
57.37880768559143
61.620954309626576
2.863373359157357
57.61592206190075
4.941956128641845
2.3960368098271267
58.365691153265146
1.872981136061098
5.259644639851147
2.544016572291238
6.4888485356244905
6.335862572081112
48.73077973530144
2.2686739826501885
1.984483441266233
2.2816576866004543
57.76713740718816
2.192039793360038
5.968414384137306
44.989846083685066
34.77825916510154
7.603699039594365
56.58967960819093
2.1470258210625484
2.936615948258004
2.307085416989076
52.629909125207504
1.6734782527607412
39.9424690851973
1.5161008769386703
5.967011715883426
41.075722546265304
1.8954309916535133
2.1377558142380266
2.470158337124849
2.1262133297747976
64.73950132515782
39.70695687913747
41.72094951510846
2.1990990240188424
0.7052172411128488
52.22991320403735
51.32844763357467
