0.049198418000059974
0.047452409000015905
0.04532349099986277
0.027419287999919106
0.026966366000124253
0.04980791599996337
0.03489600900002188
0.02436546199987788
0.024363607999930537
0.027256394999994882
0.02612488900012977
0.022966086999986146
0.023512320000008913
0.02218541900015225
0.028581598000073427
0.024810298000147668
0.024813012000095114
0.02361315600001035
0.02577157999985502
0.026052345000152854
0.025624160999996093
0.024973892000161868
0.03935683200006679
0.047698855000135154
0.02837238699999034
0.03748636700015595
0.02584491600009642
0.04316228500010766
0.04050263299996004
0.039366090999919834
