2.564004452483651
19.54135737009544
5.766909041020716
22.31157112526539
21.723514211886304
22.31157112526539
21.723514211886304
153.37487570434206
700.0484114977307
739.9765458422174
700.0484114977307
739.9765458422174
23.187712608874435
642.1268115942029
659.5369484316852
4.54192995608868
22.593500266382524
21.450682852807283
22.593500266382524
0.40009868319610203
20.747334754797443
19.62783661119516
20.747334754797443
19.62783661119516
20.747334754797443
19.62783661119516
20.747334754797443
19.62783661119516
6.18845367311625
0.9567356762669021
6.175902950096498
23.566543924250393
22.962583290620195
23.566543924250393
3.1681435698860674
3.9081426943640984
23.114567133229652
22.27172827172827
23.114567133229652
22.27172827172827
23.114567133229652
22.27172827172827
23.114567133229652
22.27172827172827
23.114567133229652
