4.389330837622836
6.051808406647116
18.249078850405304
18.522064323111444
18.249078850405304
18.522064323111444
18.249078850405304
18.522064323111444
18.249078850405304
0.20179146280024934
17.622669649515288
17.363703159441588
6.650277557494053
18.484937545922115
18.76062639821029
18.484937545922115
18.76062639821029
18.484937545922115
18.76062639821029
18.484937545922115
18.76062639821029
18.484937545922115
18.76062639821029
18.484937545922115
18.76062639821029
18.484937545922115
84.90380313199105
83.65613519470978
84.90380313199105
83.65613519470978
84.90380313199105
83.65613519470978
84.90380313199105
83.65613519470978
84.90380313199105
83.65613519470978
2.337394564198688
12.865143699336773
13.057591623036648
12.865143699336773
13.057591623036648
12.865143699336773
13.057591623036648
12.865143699336773
13.057591623036648
