0.9598333493815185
530.7766233766233
539.179419525066
530.7766233766233
539.179419525066
530.7766233766233
539.179419525066
530.7766233766233
539.179419525066
530.7766233766233
539.179419525066
530.7766233766233
539.179419525066
112.85612862810608
219.9914304548451
218.12222222222223
219.9914304548451
218.12222222222223
219.9914304548451
218.12222222222223
219.9914304548451
218.12222222222223
219.9914304548451
218.12222222222223
219.9914304548451
218.12222222222223
219.9914304548451
218.12222222222223
219.9914304548451
218.12222222222223
219.9914304548451
218.12222222222223
219.9914304548451
218.12222222222223
219.9914304548451
218.12222222222223
219.9914304548451
218.12222222222223
0.9629212576406757
151.55420333270922
533.938654353562
525.6175324675324
533.938654353562
525.6175324675324
533.938654353562
