0.011989513000003171
0.011582312999991018
0.011481562999989592
0.01403399099999092
0.012129329000003963
0.010730544000011832
0.00951350099998649
0.019825253999982806
0.016365116999992324
0.015997886000008066
0.006744794000013599
0.007346586000011257
0.007418565000023136
0.007361097000000427
0.007479222999990043
0.00671215500000244
0.007507048000007899
0.00711311400002046
0.007169951999998148
0.007749479000011661
0.006840168999985963
0.0067966559999774745
0.0068115149999812274
0.007079083000007813
0.0065037700000232235
0.007673697999990736
0.020488607999993746
0.007932904000000462
0.008151830999992171
0.009374930999996423
