2.6660037733924837
36.17327766179541
8.03679496489954
18.78810408921933
34.74798619102417
35.35831381733021
34.74798619102417
35.35831381733021
34.74798619102417
17.79432624113475
7.432782018659881
31.50858175248419
40.13463751438435
24.667281105990785
19.11658456486043
27.15303738317757
27.003504672897197
27.003504672897197
27.003504672897197
28.755841121495326
28.755841121495326
10.55872340425532
21.856637168141592
31.12967289719626
0.6373409216662714
56.51635514018692
78.57242990654206
17.94358074222668
59.75409836065574
5.7810182896688085
27.388758782201407
26.912543153049484
25.198372329603256
28.504027617951667
29.004683840749415
0.7701069270106927
27.09228971962617
30.48481308411215
6.2173660800618835
14.241903502974223
26.747986191024165
22.94496487119438
22.548906789413117
14.35552457302196
41.50172612197929
