5.295702840495266
5.000753579502637
6.888971132494449
7.013564431047476
6.888971132494449
7.013564431047476
1.5111980092428012
0.8567055221947486
9.51150399612497
0.1488556606652426
0.6583732848404695
1.4241684707734699
12.461024498886415
36.79879427279578
7.140216698534098
3.9573515861524284
22.553880934438585
5.254164096236891
4.988066825775657
0.23108350586611456
6.238851095993953
5.86117136659436
2.765452179570592
6.129055515501081
4.665410700828938
2.7256857855361596
1.952837140751658
0.17615966964900207
0.8954831165034352
16.79881217520416
20.865437158469945
8.969813391877059
3.99343268502147
11.67706013363029
11.477769404672193
11.307349665924276
0.6112575385302658
10.158129175946549
13.116804822908817
12.922048997772828
4.617039964866052
15.60950259836674
15.844762622456669
15.60950259836674
15.844762622456669
