12.646404744255003
12.836719337848006
0.8966234513795314
8.513945380592679
43.32754716981132
10.211552346570397
10.673962264150944
0.9516820801501139
11.919221411192215
14.317998849913744
17.348382242287435
11.740157480314961
13.18209179834462
11.961452928094886
17.054176072234764
17.747961452928095
18.0150489089541
17.747961452928095
6.227750525578136
6.587842846553002
6.310759969902182
6.217197924388436
0.5269324406573341
3.664427383237364
6.233935018050541
4.550279329608938
7.949624392399469
8.487547169811322
0.6487749978356853
1.3032747217293112
5.537259178480553
0.7613876319758672
7.047442550037064
9.312264860797592
0.9099795717636378
0.7981060840502568
27.69236471460341
0.48664108824555286
16.397769516728623
6.827111984282908
1.5762458967472397
0.4328744063007275
2.9904284412032816
3.022979985174203
3.956358164033108
