49.23701410388717
12.474898714109566
7.700550170290804
10.034071550255536
16.593348891481913
5.749268700376097
15.877668782458166
15.839596186203028
16.296595499134447
15.839596186203028
16.296595499134447
7.793324775353017
38.53491055972302
6.933260222465925
9.541204986149584
2.5978573295009144
9.225568181818181
41.980979827089335
41.38465909090909
41.980979827089335
1.8948863636363635
0.8406988512277837
13.077385725741781
1.3541523678792038
2.2156640181611804
3.6051344743276283
5.01530612244898
0.26122418437593536
0.09672194869137082
5.6439694984427025
63.08309290248125
61.31407739764442
17.833381047809905
0.9150981054441613
7.580178173719377
7.677809798270894
0.7204669916350726
6.802272727272728
10.5164265129683
10.161363636363637
28.52687038988409
30.728717366628832
0.8093745452102947
40.985827664399096
70.19551466359977
