1.0913318914393357
741.8695652173913
829.3564814814815
829.3564814814815
829.3564814814815
4.4895757722396965
1.3452574509456248
518.0844907407408
2.265447029775165
522.6218097447796
513.6830102622577
522.6218097447796
513.6830102622577
522.6218097447796
513.6830102622577
522.6218097447796
513.6830102622577
522.6218097447796
513.6830102622577
522.6218097447796
513.6830102622577
1.3751002732349606
510.1527936145952
519.030162412993
510.1527936145952
519.030162412993
514.2896237172178
523.2389791183294
514.2896237172178
523.2389791183294
514.2896237172178
523.2389791183294
514.2896237172178
523.2389791183294
514.2896237172178
5.181555327319818
529.2394526795895
538.4489559164733
529.2394526795895
538.4489559164733
529.2394526795895
538.4489559164733
529.2394526795895
538.4489559164733
5.233804529912568
