0.011115955000000177
0.011376250000000088
0.011132965999999911
0.01109691700000015
0.010999042999999986
0.011101940000000088
0.01119077699999993
0.011057364000000014
0.011262399999999673
0.010827040000000121
0.011121962999999901
0.011290885999999833
0.011368991999999967
0.011391300000000104
0.011428449999999923
0.0114052499999997
0.011397086000000112
0.010918465999999682
0.011121428999999683
0.011495910999999914
0.011287048000000244
0.010906260999999695
0.01101748899999988
0.010320328000000156
0.010863157000000179
0.011419012000000173
0.01101426899999991
0.009445350000000019
0.009181983999999588
0.009537670000000276
0.009605652000000298
0.009617428999999511
0.009677196000000166
0.009417805000000001
0.009507056000000347
0.009717940999999897
0.009688402000000096
0.009213174000000102
0.009523129999999824
0.009481329999999843
0.009233982000000474
0.009211577000000304
0.009522958999999886
0.009531865999999667
0.01014149000000053
