0.006847012999969593
0.023774845000161804
0.022182783000062045
0.027962708999893948
0.02516527800003132
0.022598313999878883
0.022426439000128084
0.04121340400001827
0.02275720700004058
0.030716320000010455
0.02927465400011897
0.032784943000024214
0.023481419999825448
0.06965848300001198
0.030179811000152768
0.021598839000034786
0.024094918999935544
0.02371726299998045
0.023151603999849613
0.023955035999961183
0.03769450200002211
0.02338794999991478
0.02178481000009924
0.022605723999959082
0.023261718999947334
0.023846810999884838
0.022808521999877485
0.02257142799999201
0.023684037000066382
0.07026315799998883
