0.06153922299995429
0.0233789290000459
0.03258468300009554
0.026179857999977685
0.029171846000053847
0.02675072499982889
0.027394282999921415
0.027220475000149236
0.02802374900011273
0.024747786000034466
0.02465697699994962
0.024276598000142258
0.02389429499999096
0.05194680799991147
0.03292827700011003
0.03229455100017731
0.05711118999988685
0.04978764800011959
0.044385463999788044
0.03065430399988145
0.030727795000075275
0.02772992800009888
0.025075699000126406
0.03175351499999124
0.026891661000036038
0.028109221000022444
0.028446888999951625
0.054435863999970024
0.023878032000084204
0.04134554000006574
