0.03739295899999995
0.0003725839999999536
0.000206236999999998
0.00023513800000030116
0.0002322669999998972
0.00030313700000039745
0.00022492599999957008
0.00022789199999984078
0.0002705929999997636
0.00028037000000047385
0.00024041799999974245
0.0002347349999993753
0.00021034099999983624
0.0002363400000007232
0.0002717849999998023
0.0002361459999997706
0.00026320200000018446
0.022787012999999412
0.018807381000000234
0.010986850000000103
0.0002157409999998805
0.0002766290000000282
0.00023231899999842653
0.0002684649999995514
0.00023566799999841237
0.00024621499999888385
0.005163580999999695
0.00024914900000005957
0.0002461409999998665
0.00021804100000011317
0.000235635000001011
0.00028798099999960414
0.00020854999999997403
0.00022052999999999656
0.00027890199999980325
0.0002674049999988881
0.00024852499999994393
0.01051397300000012
0.00023363800000097967
0.0002358610000001704
0.00027703800000011825
0.00027268500000054985
0.0002578190000015468
0.017813628000000747
0.00023599500000059948
