0.09913379900000052
0.0003552199999958816
0.0003556269999975825
0.0004520940000034557
0.015074184999996021
0.0003597939999977484
0.014172334000001285
0.0004121050000023274
0.0003775730000015187
0.00040037999999498197
0.00035670199999771057
0.0004354370000001495
0.02629420800000304
0.0003917619999995736
0.00034545599999802334
0.00040798699999555765
0.0004001359999961096
0.0004214129999979832
0.00041813800000056744
0.0003776629999947545
0.0004419159999997646
0.0003943209999945907
0.0003665099999992094
0.0003958969999970918
0.00033606800000285375
0.00036849600000010696
0.0003538489999996841
0.00038245300000028237
0.0003807059999942908
0.0003838240000035853
0.00037727600000181383
0.00039220200000045224
0.00037828800000028195
0.00038378800000060664
0.0004016729999989366
0.000384775000000559
0.00042606799999589384
0.00039448700000122017
0.00043711099999654834
0.0003751779999987548
0.015481263000005185
0.0004490439999997875
0.0003628940000055536
0.015647653999998568
0.00035537000000118724
