720.3472333200929
49.946270887049074
332.90180399812704
27.686036599970095
417.8951012268468
513.6613260256332
0.2264768457060744
32.91393260867806
581.2868545096707
150.53536392646836
601.7958927545548
15.694137883592612
310.17293790647375
397.7708039246691
363.1397898520525
336.1349661570605
235.61880846226268
543.7920403275427
398.5270187824603
649.3852427203224
117.54683971101174
40.697413563689636
420.54900307077685
91.46729654621734
29.509349129869182
298.9733339622189
664.0959747532046
80.4949135360698
361.7679855836673
677.9462750723432
611.2530125136436
542.8850911693571
706.2873985750166
643.4433457711135
697.8035606052508
316.1163476487422
0.19120376229687877
22.745305797973117
206.91151407207443
638.9332525572108
516.3038150013758
549.6725128561663
26.367181769527495
576.8782376743253
565.0073984638653
