245.0757642045207
25.12210488413722
447.64446937636905
497.6453280959828
40.41225952156237
517.219622149816
521.343427069457
513.2262942768389
72.12197647505113
568.312252062662
475.6685611177727
30.350230234358456
576.9328504220586
507.81087094692015
586.6591401041869
31.836308495675944
461.3741051874607
33.833092024796976
452.4915603095351
229.27771519419437
536.4827051643897
153.56804914422327
36.481184329680026
480.8873609158618
603.8040810393563
533.8236005947516
309.57474883647654
459.95691725731876
58.63928989998524
34.23704053514966
165.9569155757062
28.53982437671778
54.16515675171833
17.79988134228926
420.43161743090195
98.51492042811493
0.9100957534965612
435.6055513905979
187.52103616543275
192.53175212804703
188.75578497032
28.674329457875622
125.61441377866419
402.42080524161696
21.252711184603605
