90.19014554680197
37.73851194068454
653.9519379844961
631.15625
647.1390180878553
631.15625
647.1390180878553
631.15625
647.1390180878553
631.15625
647.1390180878553
631.15625
647.1390180878553
631.15625
647.1390180878553
631.15625
647.1390180878553
631.15625
647.1390180878553
631.15625
647.1390180878553
631.15625
647.1390180878553
631.15625
647.1390180878553
631.15625
293.8538283062645
446.4033232628399
463.2702561421851
446.2416918429003
463.2702561421851
446.2416918429003
75.26788528206744
600.0628140703518
624.1259801359122
599.9763819095477
624.1259801359122
599.9763819095477
624.1259801359122
50.45616649043545
554.2719112988384
239.84987348889513
449.97151898734177
443.94846434148883
449.80221518987344
