627.6241660489251
628.5560504825538
638.0293896006028
628.5560504825538
638.0293896006028
628.5560504825538
638.0293896006028
628.5560504825538
638.0293896006028
628.5560504825538
638.0293896006028
35.075961618228575
958.7694633408919
914.5248738284066
958.7649281934996
914.5248738284066
958.7649281934996
914.5248738284066
958.7649281934996
33.22599776523508
876.5585789871504
838.525668835864
876.5540438397582
838.525668835864
876.5540438397582
838.525668835864
876.5540438397582
838.525668835864
115.29883928571428
931.0360490266763
976.3650793650794
931.3129055515501
976.3650793650794
931.3129055515501
976.3650793650794
931.3129055515501
976.3650793650794
931.3129055515501
976.3650793650794
931.3129055515501
111.50636648828197
0.41214952419425877
130.72918582081928
925.0354302241504
966.6107331821618
