0.9114641989705837
8783.008387096774
19796.854317732366
19375.372903225805
0.789233585434425
1532.389677419355
0.9618410669015144
9695.550322580646
15811.083717864205
15474.46064516129
15811.083717864205
15474.46064516129
0.954979677740019
13891.535483870968
13845.696110744891
13550.916774193549
13845.696110744891
13550.916774193549
13845.696110744891
13550.916774193549
13845.696110744891
13550.916774193549
13845.696110744891
13550.916774193549
13845.696110744891
13550.916774193549
13845.696110744891
13550.916774193549
13845.696110744891
13550.916774193549
13845.696110744891
13550.916774193549
13845.696110744891
13550.916774193549
13845.696110744891
13550.916774193549
13845.696110744891
13550.916774193549
13845.696110744891
13550.916774193549
226.2282587453586
740.6333973128599
753.0144832126399
2524.1578260869564
15338.343461030383
