0.03924648700000066
0.03902197899999926
0.041245469999999784
0.04036732800000031
0.0402321850000007
0.04227457599999873
0.03633728099999978
0.03740603800000031
0.041279070999999945
0.03824825000000054
0.0401187029999992
0.03921500700000102
0.04000372400000174
0.04092415000000038
0.040533955999999094
0.039925447999999975
0.03642257400000126
0.04093486699999893
0.03969271300000088
0.03560999199999948
0.04070177799999897
0.040221134999999464
0.038294340000000204
0.038926199000000494
0.03827498100000071
0.04205600799999942
0.041309177000000474
0.03828209499999957
0.03886465399999928
0.03912433499999857
0.04111629600000022
0.038619737999999515
0.03838974900000025
0.03894869400000012
0.03766856099999849
0.039708945000000995
0.04056777999999994
0.04030989600000012
0.040525889000001314
0.03736003999999937
0.03905860700000119
0.04122617300000009
0.04146874599999961
0.03976984800000061
0.038207667
