0.018932497999998077
0.017620137999998065
0.021814561999999427
0.0217902169999995
0.01977505199999996
0.019634641999999758
0.016693315000001263
0.02035983400000063
0.020113109000000406
0.01670546900000147
0.018166902000000817
0.01993177200000318
0.019624879999998512
0.01690990400000203
0.016950953000002045
0.017247872999998748
0.018123938000002227
0.018261171999998993
0.018943173000000257
0.015427483999999936
0.01616684100000043
0.016371760000001956
0.015436538999999527
0.0214952770000032
0.020682962000002192
0.019289260000000752
0.01935262800000004
0.018041843999998974
0.01850951800000189
0.01749814800000138
0.017209772000001067
0.02047778200000039
0.01677615199999849
0.01730470900000114
0.01887736299999787
0.017749468000001656
0.017509830999998144
0.020685516999996878
0.02057434299999983
0.017487460000001676
0.017661813000000137
0.020344527000002444
0.019867878000003003
0.020134735999999265
0.020115207999999996
