1.0074571785642232
113.00477636995883
1190.7313703284258
4186.405063291139
4230.23887587822
4157.219792865362
4230.23887587822
4157.219792865362
6334.258782201405
108.90968509856332
6107.104215456675
6001.361334867664
6106.771662763466
5832.479861910242
5934.923887587822
84.68541618942501
4761.720140515223
86.1215425919374
1556.109577221743
3515.3279631760643
3547.8758782201403
70.94653514078874
4050.847775175644
3962.681557846506
3339.4861788617886
642.4862601975096
3416.543153049482
3448.622950819672
5739.0368239355585
1426.9122864651774
854.5488521089162
3683.6582278481014
3721.1276346604213
61.8803187120092
3237.909722222222
1084.8467002071618
4189.0494821634065
4114.266978922717
3256.260069044879
3313.4543325526934
3460.3176064441886
1389.2212735681253
4473.197021764032
4572.571428571428
70.67857281515704
