605.8105160345108
2679.2613390928727
1845.5727777777777
43.69696060964208
435.5826898904651
40.372113318137416
2342.7743396226415
76.0641131966894
399.75515463917526
2233.3290136789055
1389.1753477838888
78.76703928897463
3450.9267924528303
748.4939799898253
992.8651324591918
39.88811692225273
1779.405283018868
1702.3148014440433
1200.4473824786326
3245.1083032490974
512.6725743466507
65.15147353020214
3274.9781132075473
670.9533905434965
1023.8537104622872
3271.431903686983
3161.7220163083766
3209.3024830699774
663.696879410381
46.2119560458804
1817.5816953316953
2118.9263537906136
2196.765283018868
44.737851257130785
1917.6837735849056
955.7655485674353
417.99860296172113
967.8999031320633
2204.693847294292
2237.5831452219713
2204.4091919940697
45.415333280368635
1183.3520048974594
37.025803072035686
0.968962705867307
