619.3153867951261
31.65986894558501
639.0458243400299
2153.870733072188
307.46232461458516
2015.8773424190802
2044.7263824884792
265.2928768152228
92.47556315812858
2411.2051282051284
92.51292304911662
362.07217802375186
477.17509233610343
2369.185014409222
44.17591601928952
1664.1057242990655
1567.7973893303065
1613.5858644859813
87.65263421519967
2248.761098130841
2179.7842582106455
574.3840125391849
1245.0407701019253
37.049961376491986
516.7447246525991
740.2095639943741
748.8432145305003
2480.0346197502836
627.9569868995633
1632.2604994324631
1679.747663551402
1632.0817253121452
2027.2517523364486
1969.7247446083995
2027.2517523364486
1969.7247446083995
2027.2517523364486
37.10200595904579
443.66001534919417
50.19515016820666
634.9868186676167
217.0609811714118
1855.5748738081884
1891.0120898100172
22.663243603780472
