0.009359683000000008
0.010165977999999853
0.010212845999999942
0.009468415999999813
0.009766659000000066
0.011016417999999861
0.011250642000000033
0.010860356999999876
0.008793809000000152
0.00929877400000012
0.009259260999999963
0.009457256000000136
0.010002225999999892
0.009781057000000093
0.01014572299999994
0.009711615999999923
0.009624359000000027
0.010072833999999808
0.009567821000000087
0.010369820999999835
0.010568038999999807
0.01053655099999995
0.010187525999999947
0.008549160999999916
0.008522994000000006
0.009646023999999809
0.010444065999999808
0.009655645999999907
0.009635206000000007
0.009694531000000062
0.009682600000000097
1.0112653390000004
0.00937451999999972
2.0219587170000004
2.0226021979999995
2.0354324900000007
1.8688844589999984
1.8936266269999997
0.009427968000000675
0.009620214999999988
0.008798142999999925
0.0083898059999985
0.00924118700000065
0.009444166999999837
0.00970615199999969
