0.005156898000002741
0.005826974999997958
0.004908870999997816
0.02957686799999948
0.029892874999998043
0.005983437000001146
0.005381229000001042
0.0054438260000004846
0.005331277999999884
0.005381846999998885
0.005227862999998223
0.004685676999997668
0.004627147000000775
0.004884022000002375
0.005116855000000697
0.004375535000001207
0.004387517000001395
0.0039980130000003555
0.00396737000000158
0.0039745629999998755
0.0041569350000010274
0.0041232700000009
0.0044471220000019684
0.030581461999997117
0.029724233999999683
0.028892093999999702
0.028544781999997326
0.42172196099999937
0.00550845299999736
0.17940902000000136
0.1779837079999993
0.1767488780000015
0.005818055000002431
0.005623284999998646
0.004629446000002702
0.004476242999999158
0.037377798000001405
0.03673377700000202
0.03755223099999938
0.036750239999999934
0.004498884000000203
0.004478632000001426
0.0083399400000026
0.008323133000001093
0.008320567999998474
