0.004944652999999022
0.1950927490000005
0.1947089240000004
0.20056720299999853
0.005993518000000364
0.005645913000002167
0.10960581800000213
0.08684422800000036
0.08668660899999736
0.006089950999999871
0.20432559300000008
0.005381724999999449
0.00484409000000241
0.004833554999997602
0.004166393999998519
0.004119503999998386
0.0040805639999987875
0.004653914999998676
0.004744680000001722
0.08276627100000056
0.08280639499999864
0.08189236699999825
0.0066862489999977015
0.005988596000001678
0.00618339600000084
0.006043690999998574
0.09621006800000131
0.09558780499999742
0.09594559599999997
0.09398416799999865
0.07399494900000292
0.07553187099999903
0.005953455000000218
0.0057709129999992115
0.005844677999998993
0.004212227000000013
0.004176406000002686
0.00454807699999904
0.008861632999998648
0.00854895699999858
0.004081910000000022
0.0040803939999989325
0.18725638399999767
0.15100016399999916
0.005583458000000263
