1.0913318914393357
2.643156394249184
3.4145745339005704
509.76054732041047
1.4035761130124078
528.3643586833144
3.4534230606189062
520.1949828962372
4.888099104233652
518.3112884834663
527.330626450116
518.3112884834663
527.330626450116
2.2491340406159694
3.439694835165639
2.3009060234326584
542.677494199536
533.3956670467503
542.677494199536
534.5210946408209
534.3016241299304
525.1630558722919
3.398789563478056
527.0022805017104
3.4874674589063193
2.253712595179204
525.2921478060047
3.408063309222013
521.8715277777778
2.181058847524791
5.0894366673429365
1.4071731946163037
527.7605473204105
3.457144775818715
2.220304354290264
537.546403712297
528.3523375142531
537.546403712297
528.3523375142531
1.4234440129962755
2.1681965986590312
526.677494199536
2.250009874787692
1.4136647046543005
5.124049435012336
