722.9504447268107
8.140242715870292
587.2922782386727
7.590808749749147
758.4573091849935
762.8985035783995
7.644505330975682
564.872574385511
2.6559734211355566
692.3861578266494
2.698927775657676
709.0620957309185
709.0620957309185
7.514170914655327
1.9755575014446964
1.6790388635908011
588.2106299212599
572.0695596681558
1.9935965003137777
417.6222080408424
2.0126513241147292
419.1876196553925
11.220849516568878
691.4500318268618
1.503343835070515
2.4437882098363413
1.3385956580362357
482.70866141732284
469.46266751754945
5.744476976310886
515.1832258064516
3.433499818315248
1.7935009867714011
667.3139458030403
643.906887755102
3.6947179466570215
2.549790747004529
2.088147233233531
2.674935874710654
2.1065583483653505
9.342136705569734
2.2434794954671977
8.535446384853925
833.2804333970682
846.7726683937824
