0.012889333999999586
0.005408673000000697
0.00047529800000045697
0.014759518999999166
0.008165046000000231
0.013728257000000355
0.29441279199999926
0.0004944949999998727
0.021263297000000847
0.014952338000000509
0.0004976199999990882
0.0005565599999997062
0.0005263149999983341
0.013754904000000678
0.0004823229999999512
0.020722797999999543
0.022740008999999617
0.050610979
0.01552793299999955
0.019648843000000582
0.00045349199999833445
0.014296592000000885
0.012333206999999291
0.00047884600000003275
0.010414073999999829
0.030305349000000703
0.0005333209999989208
0.014946565000000689
0.021679794999998947
0.000466706999999289
0.013747647999998946
0.0004482450000011795
0.3497321289999995
0.0005148719999983342
0.0004992910000005679
0.0004803320000004163
0.0005376340000005086
0.0005198990000003789
0.02907751099999878
0.01577445599999905
0.0004931919999986434
0.0004771599999990883
0.0004277520000002255
0.016247705999999695
0.016631386000000248
