0.000349647000000175
0.03193228899999845
0.007297580999999553
0.03111276599999968
0.0003501080000027912
0.004256565999998685
0.009944431000000975
0.0003373399999979654
0.031175076000000246
0.00033012599999793224
0.0071072269999987725
0.00039028499999815836
0.007476535000002116
0.007112635999998673
0.0071142870000002745
0.010760456999999946
0.007521169999996857
0.018831475999999014
0.006674010000001118
0.008566902999998405
0.0004110969999970848
0.020409500999999608
0.007985475000001685
0.00035189299999771606
0.008444522000001342
0.031168991000001256
0.02940005900000031
0.000344610999999162
0.00038518100000217714
0.008172670999996967
0.011537275999998542
0.0003860610000003817
0.004088374999998479
0.0003612860000004048
0.00035440899999983344
0.011110734999999039
0.007965205000001419
0.033323399000000364
0.03208252700000003
0.007599538000000905
0.00850743199999826
0.007601052000001829
0.004055169000000802
0.007797044000000142
0.00036648600000077636
