28.191549453046697
0.8775412096949605
19.221417042721683
21.844781071217177
17.197763286991165
23.834951082854865
18.18485931601495
20.385668402849262
16.74515715407921
18.079116729729073
20.51926262396265
17.986519790181852
18.344445513839638
28.617026389727688
18.83706071546946
19.397486451329378
19.2061152486376
16.795430365399177
19.99028494016146
16.539187100060435
19.886266271901302
53.61430823466659
32.216482102210115
30.592071014387038
20.676319499068267
19.90919394019571
17.81546419499751
17.891923144575053
19.535549885451747
17.56819965522548
28.394834310113225
0.8354654267307156
16.61178530483842
20.383483457699057
18.881365372926545
26.075456049723847
19.12052349168345
18.163470970527314
17.901004829752473
16.36736508925707
20.364345256797144
16.925830919694427
20.18232148267966
29.687682470401747
17.042944683425294
20.404052359524375
20.24955075219526
19.523006738770594
20.436979560657637
17.4483442047276
22.009675845958736
48.85321440353721
32.06752478406166
31.38398685034121
16.21502582514617
17.178664046270075
20.915184741156345
18.830064632314915
17.8270572270506
19.463479848993693
