16.311146659304427
16.90624779580079
16.819423287597264
18.84625401358293
19.279829344419618
14.195114174235377
103.68203051645008
17.127746823497887
16.423013059083505
75.11624995431575
50.96050936557641
65.36521394245268
63.340808064058706
58.089835310918886
54.356050660327526
56.534010729661354
43.5045468857413
15.735087086482247
50.97450170360511
54.2220480155687
46.163461486597456
21.341997032946892
13.214718330319036
24.231045225009275
4.941492251093341
21.320553989353897
19.223291011300542
37.96653657683717
42.35508596371782
16.99681064792092
17.517009294029695
14.144122195303844
18.106879514346215
16.748015506772656
19.951832534052368
15.404415355073775
110.1532387487545
19.006579495411472
18.917045115357205
63.31282824073715
49.74060371985778
61.14190309693303
59.99924844646108
62.80221583834528
49.37513472294376
54.92263418158117
65.27420824836999
18.14814022519542
48.68891577940656
51.23902792278316
48.249284992138676
18.88481062699182
15.322618569125039
22.722099436370314
5.490191578728313
23.434718195709248
18.705856837501862
35.69407550485002
35.554589242858285
17.056264916438682
