8.377346612744045
31.204273995651803
9.324594471138271
25.43495851204069
67.22109974957351
17.267458756425075
40.880817382684484
57.438548474073855
48.11946704168329
18.803193802444593
47.22266589024959
0.9818243819144274
5.303880624013097
1.0020571446491173
20.469902438844404
18.028309179201894
8.672901663191798
9.870249715729699
10.692157662092848
16.604689645714387
8.214913570591047
17.09427473687374
10.29872626688413
17.747604672295026
15.606239464903865
17.1192374273945
13.429107800009852
8.451852001870252
101.87069398683514
15.410439356730805
8.702557511851841
34.753463934976786
9.444382379121492
28.342455648571093
69.39413218359842
17.78619955851376
75.2067700824024
54.48674170456598
48.3199057281044
18.905805102478038
47.829464970128065
0.9976787069112929
5.4187906168279065
1.0235975066673013
18.72050997768064
13.564588822363827
9.191076035975874
8.965452471004458
10.405045780839089
16.483009846560012
7.322043567252107
19.300393737579938
10.513179810095986
14.93054884946404
14.393596117088405
16.94891701583583
13.198330852718241
8.105309599262187
107.85231049233141
14.031399050328831
