0.02979586099999998
0.0005280549999997497
0.0004306130000000241
0.00041159599999995855
0.0005816089999999274
0.0021437690000001286
0.0005419840000000509
0.00043707800000003516
0.0009206339999998647
0.0006394240000000551
0.0004567390000000948
0.00038541800000002624
0.0010009779999999857
0.0006493010000001576
0.0008078740000003748
0.012564706000000037
0.00043067600000012973
0.013400891000000303
0.00044262300000008636
0.001333338999999878
0.0012356529999997257
0.006805549000000077
0.0004560759999998609
0.0009766299999998118
0.0021185969999999443
0.004657440999999984
0.0004521469999998473
0.0004968329999996968
0.0004542629999999548
0.0005314739999997542
0.00043766999999972356
0.0008695439999999444
0.0009358079999999269
0.0022465279999996923
0.0004299890000001305
0.0004572199999999249
0.0007266989999998863
0.0004109919999999434
0.001337095999999871
0.012183961999999937
0.00045243400000005707
0.0004386319999998278
0.0006235010000001928
0.0004330249999999758
0.0005238819999999755
