0.000657935999999637
0.0012191589999996921
0.0008183639999996828
0.0005901200000000273
0.0004676469999997934
0.0009959109999995164
0.0003740719999996145
0.0003479290000001356
0.0004126980000007663
0.00041082300000017113
0.000408923000000172
0.001650355999999853
0.00036043799999951887
0.002352885999999721
0.0005773160000002164
0.003964707999999817
0.0004597889999997662
0.00035050899999955476
0.0003938639999994109
0.0003790160000001208
0.00041158299999999315
0.023768243000000133
0.0005703999999999709
0.0006677469999996077
0.000395160000000061
0.0005492329999992052
0.00040263799999973315
0.0026341290000004847
0.00932727699999969
0.001825057000000463
0.0003793149999999912
0.0003710730000001661
0.0007265380000003319
0.006802288000000267
0.0003395949999998038
0.000463644999999957
0.0032945889999993483
0.0005126710000000756
0.0004434450000001533
0.00044011000000043765
0.00042295400000025296
0.0004204799999998343
0.019250082000000113
0.0003891050000000007
0.00038056500000038795
