0.01534212000000057
0.033812961999999835
0.0003628669999997669
0.02943760800000028
0.0003484949999998932
0.0003514430000004509
0.0009184449999999345
0.007964662000000011
0.00036098100000003797
0.04800435900000011
0.02218487200000041
0.0018287319999998886
0.00036774099999981047
0.00034419999999979467
0.000955419999999485
0.000389852999999718
0.03583795700000003
0.0005386760000005708
0.0003699899999993761
0.033443441000000185
0.00034787099999977755
0.0011059369999992796
0.0017574180000003992
0.00036653300000022426
0.0003300910000003654
0.0003238160000016421
0.0003748610000009478
0.0004332690000001804
0.00033439999999984593
0.0003145259999985939
0.001034571000001705
0.00039999800000067864
0.0008084190000001712
0.0004451549999995308
0.00037175699999991707
0.07468736199999881
0.000327620000000195
0.00043194299999882446
0.1667101339999988
0.000412755999999348
0.09713058699999877
0.00039315999999978146
0.009286962999999204
0.047292655999999766
0.11304727599999964
