2.6660037733924837
36.17327766179541
8.03679496489954
18.78810408921933
34.74798619102417
35.35831381733021
34.74798619102417
35.35831381733021
34.74798619102417
17.79432624113475
7.432782018659881
41.323185011709604
28.108341323106423
0.7801759487064788
15.191029900332225
49.263521288837744
50.1288056206089
49.263521288837744
50.1288056206089
54.069044879171464
55.01873536299766
46.01117318435754
30.386988598256202
0.7551933928064811
29.110981308411215
0.9096485336915155
47.4696261682243
82.53971962616822
84.56191588785046
82.53971962616822
84.56191588785046
0.9571039854879155
20.95677570093458
15.460227272727273
22.251168224299064
29.87967289719626
29.87967289719626
29.87967289719626
29.87967289719626
29.87967289719626
29.87967289719626
29.87967289719626
29.87967289719626
28.17427385892116
31.72897196261682
