8.769056603773585
8.389169675090253
8.769056603773585
1.5602067183462531
9.113962264150944
1.1350439582907381
4.528056484578224
9.017328519855596
9.132075471698114
6.726014319809069
2.006550218340611
2.1968077096822767
10.945823927765238
10.592290585618978
10.751693002257337
5.737363966142684
17.29811320754717
16.946570397111913
1.9657883986928104
0.742134484885873
12.481509433962264
11.940794223826714
5.417358490566038
5.182671480144404
5.417358490566038
19.35374149659864
1.064388961892247
5.808878856282919
5.541141586360267
5.624529721595184
5.541141586360267
5.624529721595184
5.541141586360267
5.624529721595184
0.7315131676833805
7.289103039288362
15.20221066319896
0.6979755081845544
0.853969026189897
12.552106430155211
33.06922498118887
32.494456762749444
33.06922498118887
32.494456762749444
0.43294058661318624
