17.55603751465416
0.5447207883622712
3.6870967741935483
0.8852947832221822
43.0045045045045
95.98615688859591
0.8224826336454243
43.92322580645161
0.8748878606166486
48.02967741935484
300.210942649967
28.641970111555462
151.8048780487805
25.74493531852575
67.74373795761079
0.9308817923228058
102.4
338.50164798945286
6.038900183468042
161.3066225165563
18.66358595194085
144.48309492847855
0.5603786654352344
12.392903225806451
0.8378396029258098
11.072467433919313
95.69459102902374
93.63822963438102
1.6698400592790317
246.54766474728086
13.741978561374381
244.2264271969211
254.21569920844328
247.20397690827454
254.21569920844328
247.20397690827454
0.9415023659305993
245.83268983268982
320.88727752142387
313.4259974259974
0.9415025463067286
202.37935483870967
211.9367172050099
0.9116873399815285
250.93951093951094
