0.018546315999999896
0.018450403000000115
0.018648484000000076
0.018033146999999916
0.019903848000000002
0.018537915000000016
0.018227851000000017
0.01657935300000002
0.01656360000000001
0.016609868000000194
0.016536827000000143
0.01772431199999991
0.016518142999999874
0.018342537000000103
0.01834273299999989
0.01848251199999984
0.01785475999999986
0.01716632699999998
0.016944276999999897
0.017468049000000097
0.016902506999999733
0.01668086599999996
0.016613903999999957
0.01665286900000007
0.016999965999999977
0.016440304000000072
0.017046237999999825
0.016083919999999807
0.016097222999999827
0.01617711700000002
0.01606229800000003
0.016217773000000157
0.01653314700000008
0.019858457999999857
0.019037432000000187
0.018751194000000027
0.01872821800000013
0.01895947600000003
0.018721842999999794
0.019242517000000348
0.01971252800000034
0.02104161900000001
0.01926230100000037
0.019427810999999906
0.01940715500000012
