0.011112200999999988
0.010658339999999988
0.011033112999999872
0.010849394999999706
0.010588946999999571
0.010517476999999609
0.010569527000000356
0.010639010999999865
0.010705152999999967
0.010818376000000018
0.010758054999999711
0.010572686000000164
0.010601956999999995
0.010534133999999806
0.01067707200000001
0.010662120000000108
0.010669049000000097
0.010796726999999784
0.011087748000000452
0.010611485999999726
0.010466838000000145
0.010498343000000077
0.011110751000000363
0.010855665999999875
0.010195567000000239
0.010656126999999849
0.010483137000000031
0.010497516999999679
0.010392191000000217
0.010409375000000054
0.01043541800000014
0.010554326999999919
0.010502420999999984
0.011344776000000056
0.010831126999999885
0.010761022000000064
0.010882146999999787
0.010761043000000026
0.010989911000000241
0.010708079000000037
0.010816580000000187
0.010557876000000022
0.010650398999999755
0.010900969000000149
0.010657439999999685
