0.010851284000000128
0.010718538999999971
0.010508962999999483
0.010614369999999873
0.010816311000000134
0.011892049999999266
0.012232346999999422
0.01258098200000024
0.012191731999999789
0.012134419999999757
0.012179775000000781
0.012008994000000328
0.01238883799999968
0.012231176000000232
0.012321664999999982
0.012366216000000207
0.011690987999999791
0.011746733999999925
0.011311608999999834
0.011538500999999535
0.01149668600000009
0.011396707000000283
0.011393115999999814
0.013162144999999903
0.011981268999999628
0.012411118000000165
0.012579419000000591
0.012598724000000061
0.01282701399999997
0.012864633999999597
0.012330285000000885
0.012295288999999876
0.012477035000000747
0.01218564400000055
0.012425735999999965
0.012850152000000392
0.01140969799999958
0.011196397000000857
0.00849048500000027
0.00825718100000028
0.008464211999999804
0.00788745400000046
0.008199347999999773
0.008114861999999334
0.0851635289999999
