0.010328000000000337
0.01084163199999999
0.008609297999999654
0.008661996999999921
0.008544591000000601
0.011088239999999416
0.008400700999999344
0.008435426000000135
0.00828082299999977
0.008405184999999982
0.009609548000000245
0.008747343999999657
0.008863823999999632
0.008843227999999925
0.008861636000000672
0.009095681999999883
0.009237106000000495
0.009157205000000168
0.009078811000000186
0.009329951999999864
0.009335444000000415
0.00915066600000003
0.009458065999999654
0.009368975999999307
0.01050157099999982
0.009646413000000464
0.007207278000000095
0.007638517000000178
0.009123004999999296
0.008644481999999343
0.008810041000000268
0.008655506000000202
0.008701562999999801
0.008611718000000046
0.009004950000000456
0.008937488000000826
0.008778933000000322
0.00933345600000024
0.009165616999999848
0.008677798999999986
0.008740197999999921
0.008801423999999614
0.008716430999999858
0.009062193000000107
0.009301871999999989
