0.011948905000000565
0.011759783000000468
0.014285729000000025
0.011582504999999799
0.01145919899999992
0.01152210500000006
0.011586187999999886
0.008702577999999406
0.008541705999999927
0.008541538999999432
0.00871750399999982
0.008598075000000094
0.008618784000000268
0.00897860799999961
0.009349354999999449
0.00903342399999918
0.00899901000000014
0.009431788000000552
0.009378951999999607
0.00930029500000007
0.37619690599999966
0.007884058000000138
0.008455908000000179
0.007668497999999246
0.0076765280000010705
0.021101530000001034
0.02127301199999998
0.021067525000001197
0.007691757999999993
0.008023391000000046
0.007810355000000158
0.00770690500000093
0.007793934000000391
0.007788963000001203
0.007705958999999041
0.0077761660000010835
0.007842140000001052
0.008212595000001599
0.0076928489999996685
0.007929407000000666
0.007990243000000063
0.007878364999999832
0.007747400000001292
0.007781786000000679
0.00941088100000087
