0.0015773480000000895
0.0014159140000002957
0.0021322580000000535
0.0020000439999998676
0.002135406000000284
0.0021459409999997625
0.0009462860000000184
0.001512411999999852
0.008285692999999927
0.0005687179999998015
0.001702594999999807
0.007722172000000249
0.0038606919999999434
0.010572075999999875
0.0024562389999998047
0.006372231999999922
0.00651091199999998
0.007235136000000253
0.001722018999999797
0.00190215699999996
0.0016979039999998058
0.00165122800000006
0.00173939100000009
0.0018420390000000175
0.0013249389999998584
0.0015098519999998672
0.0018245869999997666
0.0015062789999999993
0.005152639000000292
0.004841492000000169
0.006492901000000106
0.0033603939999999888
0.003968320000000247
0.003410601000000124
0.003120588999999896
0.0033500530000001305
0.002900878000000162
0.0028803200000000473
0.003547386999999791
0.003498149000000339
0.00433355000000013
0.00496476800000023
0.004635699000000049
0.0042821719999999175
0.004304352000000122
