0.0033812160000001867
0.003478167000000365
0.013740807000000022
0.012008122000000121
0.012519147000000341
0.003077493999999792
0.0030317300000000103
0.0028734450000000855
0.004952605999999804
0.00493107600000009
0.004865093999999903
0.0036402540000000094
0.0035992630000003523
0.0038734380000002844
0.004754843999999814
0.004869071999999974
0.009335395999999996
0.007348765000000146
0.001898627000000097
0.001776592999999771
0.0017146909999996574
0.0018155950000000587
0.0014819540000003961
0.0022134449999997585
0.0017236870000001403
0.001980509000000019
0.007742503999999428
0.0023948860000002625
0.001593444000000055
0.0015638549999996698
0.0032621610000003187
0.0022275120000001536
0.0019199859999998736
0.0026595039999994796
0.01238225399999937
0.008057254999999763
0.007952558000000387
0.0015051170000006664
0.00724112800000043
0.003701281000000556
0.001242616999999946
0.0014056439999992065
0.0015140819999999167
0.001105021000000761
0.0010601890000003777
