0.02924159800000048
0.014581182999999776
0.005947260000000121
0.0061611649999999685
0.006209115999999959
0.005698128999999774
0.006435590000000602
0.005692073000000519
0.005659635999999857
0.005656236000000092
0.005731647000000173
0.013342615000000002
0.013678078999999954
0.018691043000000462
0.005798554000000067
0.010048873999999763
0.0032959760000004223
0.014552467999999763
0.015134172999999862
0.014418812999999808
0.0007236879999998891
0.018723407000000414
0.006741392000000346
0.000768981000000224
0.0008186889999999281
0.0017550170000006915
0.0019804429999998874
0.0007155269999996605
0.0008698010000003364
0.010622269999999823
0.0223463430000006
0.021801871000000084
0.012625537999999992
0.006176918999999614
0.0027183710000002748
0.002607596999999906
0.0025987089999999213
0.0026106260000000603
0.003617743000000395
0.0036060630000003258
0.012003645000000063
0.011630494999999463
0.015046900999999835
0.015151688999999635
0.025737597
