0.028437385000000148
0.03945390300000007
0.031232346000000355
0.030647442000000247
0.027247245999999947
0.046206163999999994
0.0075280280000002975
0.006627738999999799
0.006865275000000004
0.0417148979999995
0.01581015000000008
0.03607516099999941
0.1085779699999998
0.11185021299999942
0.06637432299999979
0.06603473500000057
0.03169266699999973
0.03074230999999994
0.03652077299999945
0.030111587000000384
0.032495567999999864
0.0878656849999997
0.062261080000000746
0.06217651300000071
0.06159512899999875
0.06215604300000166
0.027592031999999378
0.028475535000000107
0.028566250000000792
0.027642147999999978
0.014772159999999701
0.014857769000000687
0.08651586599999916
0.08852558400000099
0.08820453900000125
0.05327817799999934
0.055691098000000494
0.08687431399999923
0.15468491299999876
0.15817076800000152
0.08970172799999965
0.0899385180000003
0.004772802999999826
0.056694974999999204
0.16821546500000117
