2.894188446519829
106.48456533419198
2.87190595497948
1.1607077281004217
3.186527410702902
139.8870790210735
0.7344396363508316
124.24470872886377
3.037311373735695
1.9712774703682985
3.064304465073607
2.5668725550922975
2.9802697149262225
4.876499408606217
1.740742648267229
3.27260011835786
2.233220176803366
2.968281901575329
2.0842189575576415
119.89616242279246
0.7280643172280964
133.47946190719935
1.9515581097091173
2.1559717535933483
5.230227201708745
116.62877536040432
5.32932694989354
1.8560430430925647
119.1376572129024
1.9843909531879664
128.7809419546563
2.504989828679449
133.8660561895631
1.1259270283129197
3.1975257503892105
5.549775787587557
2.3296658584929415
2.551216870878591
116.87245218222485
131.63352655411947
2.191742997869904
2.4263974608963133
1.4496138307356403
2.3951581168261336
2.5397173047481707
