7.609052018309617
6.863428029886142
7.983813638537748
101.95768080991297
1.5280553453352306
114.30617368312353
2.6345094847804438
2.2086639888597066
2.282210903874274
6.431480800319567
87.56853328129225
5.140857057458922
105.06881475465248
4.868848385567288
2.311309256778664
6.439404412063603
2.3891260834802672
1.1984666197376561
95.13192185345396
98.87305610922715
6.119115142158433
6.682903276397585
1.8498095343477288
124.49488434129121
1.5928690676172153
2.263975086345771
2.8364874936281677
1.4387101140522063
2.679845796239398
103.74208804805679
92.6778195166275
6.667025616508875
2.9191393956271963
2.452566712677817
86.3227214146234
81.34711329245667
2.782542942157342
1.2902543043729862
2.8317462823133783
106.28952129743543
2.1389088810217753
1.2503517997945135
2.355013025484244
7.416726263583053
0.7244857043739721
