7.2341727442699835
148.1161695040919
6.286101092366317
2.650634835644973
1.198955929594651
6.335099710914925
1.6125446517157083
81.79950395451347
95.68907320744486
7.493255533430789
7.336056571931503
2.602730660596629
7.609102178297293
92.40271756139929
5.584224375076929
1.1720781701697334
72.32456380140306
2.0460739449939758
88.7816725610003
1.5540525999213368
1.7093613220437467
86.16133924924351
1.611620172163735
2.08555483822004
7.7310036146221774
113.34416710284451
2.0619204295766074
5.788533694045557
2.178633594395313
128.3305125711153
123.03550255534064
1.3945060646134917
120.94039254807085
113.57995053702632
6.330339823013835
2.11663296406838
84.76407334243711
92.89054347562703
1.691593147738883
6.289959742053632
111.38946520553327
117.16276159660039
2.1480759746544167
101.99316824660391
110.96320085615595
