1.4086545830207038
2.837763361357862
142.5195077262169
1.6247604962303648
112.97649821735993
2.8088644839828483
7.0986954025206295
120.99583836901363
103.98625492260187
3.5839373347790993
7.004058940295136
2.6925719223990874
75.48312447688025
1.402037886731055
1.6951511722197397
139.1002686842892
1.482077668997462
2.9732911238196587
2.075501861600573
2.5789793782998025
1.1292071074785168
2.0669838430964975
103.29190836778479
1.1760433735933653
97.55545673036445
85.88410532274419
100.98267582941861
94.85961076292644
96.90270689308336
82.50746181710066
0.9863084439670842
1.698817272555611
5.996721550941812
69.09617198464161
1.5331164963006156
1.6680761334860748
1.1159847727507441
2.1064612526004205
5.940715663641572
5.9310607800809265
1.9044719449883605
6.0640084005448625
2.545482569454357
4.192039543794175
1.772357081684407
