1.5422935212643483
3.7390713378300906
1.221981019242376
2.1273612711429024
5.07101159685141
1.641367915890007
4.668218924923595
2.231794488561441
89.30874165822254
4.977324607354268
84.02374530423663
3.775642827029919
2.1599146345585827
2.262853219725523
1.2040782355090494
5.446483875860817
82.20658540223323
2.123674901697535
73.67173003005614
2.1786012220383055
76.62329759052014
2.2783141335119934
1.9888443279763863
398.6711358376268
0.8713200105072477
3.6067762716087106
2.2051415277952504
156.01784928434893
5.076304042486381
92.20845774482521
76.86681631409087
1.9072268703782453
3.842695317066169
2.296505603464613
1.1982263904821548
78.03959937263403
0.3731448926517833
150.61171176117873
0.5639854006178763
164.45578103911353
66.54474402657947
0.9087057211104513
167.45696566588194
167.0314795607143
2.246980497288652
