0.0
0.8888888888888888
0.0
0.1111111111111111
1.0
1.0
0.3333333333333333
0.1111111111111111
0.8888888888888888
0.8888888888888888
0.2222222222222222
1.0
0.8888888888888888
0.8888888888888888
1.0
0.8888888888888888
0.2222222222222222
1.0
0.1111111111111111
1.0
0.0
0.1111111111111111
0.1111111111111111
1.0
0.8888888888888888
1.0
1.0
0.1111111111111111
0.8888888888888888
0.1111111111111111
0.2222222222222222
0.1111111111111111
1.0
1.0
0.1111111111111111
0.8888888888888888
0.8888888888888888
0.1111111111111111
0.1111111111111111
0.1111111111111111
1.0
1.0
1.0
0.0
0.1111111111111111
1.0
0.3333333333333333
0.2222222222222222
0.3333333333333333
0.3333333333333333
1.0
1.0
1.0
1.0
0.8888888888888888
1.0
0.1111111111111111
0.1111111111111111
0.8888888888888888
1.0
1.0
0.8888888888888888
1.0
0.1111111111111111
1.0
1.0
0.0
0.0
0.0
0.2222222222222222
0.8888888888888888
0.8888888888888888
1.0
1.0
0.8888888888888888
0.1111111111111111
0.1111111111111111
1.0
1.0
0.1111111111111111
0.1111111111111111
0.1111111111111111
0.8888888888888888
0.7777777777777778
0.2222222222222222
1.0
1.0
1.0
0.0
0.1111111111111111
0.1111111111111111
1.0
0.1111111111111111
0.1111111111111111
1.0
0.2222222222222222
0.1111111111111111
0.1111111111111111
0.8888888888888888
1.0
0.1111111111111111
1.0
0.1111111111111111
1.0
0.1111111111111111
1.0
0.0
0.1111111111111111
1.0
0.8888888888888888
0.8888888888888888
1.0
1.0
0.8888888888888888
0.8888888888888888
0.2222222222222222
1.0
0.8888888888888888
0.0
0.1111111111111111
1.0
1.0
1.0
0.0
0.1111111111111111
0.1111111111111111
0.1111111111111111
0.1111111111111111
0.1111111111111111
1.0
1.0
1.0
0.2222222222222222
0.1111111111111111
1.0
0.8888888888888888
0.2222222222222222
1.0
0.2222222222222222
0.8888888888888888
0.3333333333333333
1.0
0.7777777777777778
0.7777777777777778
0.8888888888888888
1.0
1.0
0.8888888888888888
0.1111111111111111
0.1111111111111111
0.8888888888888888
0.2222222222222222
0.3333333333333333
0.7777777777777778
1.0
1.0
1.0
0.1111111111111111
1.0
0.1111111111111111
1.0
0.2222222222222222
0.2222222222222222
0.8888888888888888
1.0
0.8888888888888888
0.8888888888888888
0.0
0.1111111111111111
1.0
0.1111111111111111
1.0
0.0
1.0
1.0
1.0
1.0
0.8888888888888888
0.8888888888888888
1.0
0.1111111111111111
1.0
1.0
1.0
0.0
0.1111111111111111
0.8888888888888888
1.0
1.0
1.0
0.3333333333333333
0.8888888888888888
1.0
1.0
0.1111111111111111
1.0
1.0
1.0
1.0
1.0
0.1111111111111111
1.0
0.1111111111111111
0.2222222222222222
0.2222222222222222
0.1111111111111111
0.8888888888888888
0.1111111111111111
0.1111111111111111
0.8888888888888888
1.0
1.0
1.0
0.8888888888888888
0.8888888888888888
1.0
1.0
0.3333333333333333
1.0
1.0
1.0
1.0
1.0
1.0
1.0
1.0
0.1111111111111111
0.1111111111111111
1.0
0.1111111111111111
0.1111111111111111
1.0
0.1111111111111111
0.8888888888888888
1.0
1.0
1.0
0.0
0.1111111111111111
0.1111111111111111
0.1111111111111111
0.2222222222222222
0.8888888888888888
1.0
0.1111111111111111
0.8888888888888888
0.8888888888888888
0.1111111111111111
0.1111111111111111
0.8888888888888888
0.2222222222222222
0.8888888888888888
0.8888888888888888
0.8888888888888888
1.0
0.8888888888888888
0.0
1.0
0.2222222222222222
1.0
1.0
0.1111111111111111
1.0
0.3333333333333333
1.0
1.0
1.0
0.7777777777777778
0.1111111111111111
1.0
0.8888888888888888
0.8888888888888888
1.0
1.0
1.0
0.1111111111111111
1.0
0.0
0.1111111111111111
0.2222222222222222
1.0
0.8888888888888888
0.8888888888888888
0.0
0.0
0.1111111111111111
1.0
1.0
0.1111111111111111
0.1111111111111111
1.0
1.0
1.0
0.8888888888888888
1.0
1.0
0.1111111111111111
0.8888888888888888
1.0
1.0
0.2222222222222222
1.0
0.2222222222222222
0.8888888888888888
0.1111111111111111
1.0
0.3333333333333333
0.3333333333333333
0.1111111111111111
0.8888888888888888
0.2222222222222222
0.8888888888888888
0.8888888888888888
1.0
1.0
0.8888888888888888
0.8888888888888888
1.0
1.0
1.0
0.1111111111111111
1.0
1.0
1.0
0.1111111111111111
0.8888888888888888
1.0
1.0
1.0
0.1111111111111111
0.1111111111111111
0.1111111111111111
0.1111111111111111
0.2222222222222222
1.0
1.0
0.8888888888888888
1.0
0.8888888888888888
0.2222222222222222
1.0
1.0
1.0
0.2222222222222222
0.8888888888888888
1.0
0.0
1.0
0.1111111111111111
0.0
1.0
0.2222222222222222
1.0
0.7777777777777778
1.0
0.1111111111111111
1.0
0.8888888888888888
0.8888888888888888
1.0
1.0
0.8888888888888888
0.8888888888888888
1.0
1.0
0.3333333333333333
0.2222222222222222
0.1111111111111111
0.1111111111111111
0.6666666666666666
0.6666666666666666
1.0
0.1111111111111111
1.0
1.0
1.0
0.2222222222222222
0.7777777777777778
0.1111111111111111
0.8888888888888888
0.2222222222222222
1.0
0.8888888888888888
1.0
0.1111111111111111
0.0
0.1111111111111111
1.0
0.8888888888888888
0.8888888888888888
1.0
1.0
1.0
1.0
1.0
1.0
1.0
0.8888888888888888
0.1111111111111111
0.1111111111111111
0.1111111111111111
0.2222222222222222
0.8888888888888888
1.0
0.1111111111111111
1.0
0.0
1.0
1.0
0.8888888888888888
