4.515886145753799
2.5515484817516794
19.282480266274895
24.84331146244082
27.335269264527437
27.232107422479448
0.6866978200734417
24.86922479779476
25.016567424993987
4.374277694467025
23.522384792347765
27.85370755933623
1.2355175192818693
3.026394895637881
27.121183885767113
27.345591745079915
25.642873333306618
21.341392061569156
22.776809490083846
25.420085903436547
25.510498201149375
1.2216537829497716
28.043811364683943
28.29724929431516
25.545866198007715
26.791092065077063
26.75363959604818
27.33643835135221
27.541435349195858
24.14255084893089
27.996604407322213
3.1920812010891346
26.301513441505985
20.57131054121921
22.214918200858577
24.311085739377468
23.910882483370912
21.849350791086525
23.198226158931377
1.393629875952635
26.419085974731843
2.071842141522455
22.551795270531432
21.490115449956342
27.676559602500237
