5.652608257462698
25.48266777844896
23.767817111080113
28.374272650397877
2.4299457840088516
25.889577776900758
28.007407658883988
25.58419868766201
26.1506614583533
28.34719368049518
31.167033127590116
30.55791279200961
28.039976674861116
5.62937926574647
23.012127618629666
25.627597458837048
23.631623027973426
23.668313087064824
27.18855875400852
24.81626714464629
24.57846308599109
2.2773510703948334
24.072597450637883
25.77484840966945
27.494397816535987
0.7131117720093936
27.283978891666937
31.763977987993716
2.5923039572846975
7.5065848650053715
29.887564706266218
1.8039201554444473
29.10751775377981
32.650785152855526
27.556569168928775
24.06783621692947
5.346689190826109
24.10237428925981
25.39671473368245
25.16693434698029
23.504890352296457
5.668180430304144
24.070177103077217
5.445677300666389
24.884256037721364
