2.5063546393779417
23.149225280708166
21.811436176541257
22.817668011354506
27.289148926448867
25.953546231133753
21.242944304848454
25.577854615347075
26.141632675545587
22.95345796934475
1.4546552927371255
30.853226029678073
2.1101773636272316
36.203484073832605
5.431542521291661
24.449603551114933
23.3113668661789
25.16133071060205
1.472433447445892
24.88015133627775
24.769181332920354
22.553304245840994
0.4834232392040834
4.040303844697259
30.850277432148165
5.35206022062014
6.371682690821646
33.001346507784774
24.712258165937435
1.480818943734292
22.229124984442418
26.359720140820848
4.742626612069263
24.102864343321308
6.042104215326162
1.3795393220122067
23.97032666034202
26.365652820076388
23.634659405731675
24.4736940386576
25.115675681880898
2.768574383233746
24.81550773524424
22.99072123162603
22.988276364402413
