4.352388712858612
1.4040666629402725
26.20600842439049
4.645283375367367
2.1179235596450314
21.109132301727826
24.30370837907411
2.058820198957283
22.566608359863988
22.90087853221827
23.763297372267285
22.51197301501631
25.55776955663525
2.173269026797746
25.116483639381617
20.40727305747338
22.254275450172607
1.5575942041826154
30.52885216150533
32.86860746858248
29.206411748914206
122.24065059517268
2398.383090774183
15.641701752003806
398.7112211393791
411.51627388945013
362.9499039780903
49.77578409860531
828.454871390355
44.956376929047345
486.7607631348594
22.89225604863277
548.4525156829217
2.287409216725045
29.08111670486946
2.261266737919727
4.367774588723325
32.544863674344
31.811812327342274
30.459558925716507
26.64377373808451
28.885527355820212
34.80483212233536
5.155817060643984
21.603782416668675
