1.7794660120271146
1.833058485062793
1.8452119808644056
1.766022850992158
1.8826483290176839
1.8538339280057698
1.9362081019207835
1.8957862339448184
1.8194385699462146
1.8673213301226497
1.789781142026186
1.8020149499643594
1.791378297843039
1.8580157968681306
1.8238279230426997
1.8828612270299345
1.8378810840658844
1.777230188017711
1.810767404967919
1.918214256875217
1.8639863340649754
1.8455502919387072
1.7824933119118214
2.1648207139223814
1.9175778138451278
1.9395347288809717
1.791671265149489
1.853840481955558
1.7764387810602784
1.81994798197411
