2.394111579982564
2.511281081009656
1.942422540159896
2.491546238074079
2.3796025160700083
1.924638558877632
2.3614337160252035
2.4332334590144455
2.0055974998977035
2.6081857569515705
2.006932834163308
2.4594836339820176
2.0413499490823597
2.527412299066782
2.4082353559788316
2.464416438015178
2.4330238620750606
2.0466966070234776
2.479518013074994
2.3996078451164067
2.3590264830272645
2.470918342936784
2.1741882890928537
2.118466603104025
2.0946206389926374
2.2763951420783997
2.4260141160339117
2.4402114991098642
2.304969410877675
2.2783310480881482
