0.026646911000000273
0.025787631999999228
0.03692777000000014
0.026942689000000186
0.03060981500000004
0.006501896999999701
0.006388175999999746
0.013529050999999903
0.013711386999999853
0.01383019799999996
0.013970848999999674
0.006010905999999316
0.08280209999999943
0.056300964000000064
0.0038234219999999652
0.003968431999999744
0.002836121999999719
0.00287144500000025
0.003273258000000112
0.003875310999999826
0.011797931000000261
0.007420477000000147
0.01958249199999962
0.00209002899999966
0.02093781100000136
0.02125357599999944
0.019300435999999976
0.006736581000000186
0.002264220000000705
0.0024286699999986894
0.0053938919999989565
0.015482370000000856
0.01570564800000085
0.015764007999999663
0.01983543899999951
0.01600880199999999
0.017052491999999475
0.011910560000000459
0.0122451580000007
0.04286996899999984
0.005403977000000282
0.003927253000000519
0.0032356790000012126
0.0019900260000014214
0.003582687999999834
