6.259813094915875
5.4166647316567955
6.878187193556427
13.575492926148893
7.565439239568129
8.943255912849843
6.6113708453427895
13.061046979695382
8.094569091325143
11.316714388625897
6.000106790520846
4.826341506443775
7.25935892771601
13.866774954919965
8.258788176972477
9.364748252723748
7.1528755839525395
12.883138484748166
9.447107175894713
13.492369059487606
6.427197481761615
5.180152084862585
5.864373753261689
13.943732029569905
7.966766653810855
8.249423204873999
6.564291159520246
14.171957483315895
8.862416446912924
13.077633858317375
