6.487788097691268
10.968771332150974
14.44405124969542
0.7229834665436847
0.8953565020843381
35.12520687305951
11.71952046784298
16.172595055943308
16.288870430082955
7.514284752721978
6.205628981457414
10.508083295853377
10.186348796553052
0.7548864907120989
0.9307060676735097
31.791408083992955
10.964898159884317
13.056204194641548
16.463836408348726
7.268479391319846
6.364770282377574
10.475455530230512
13.732332527101724
0.7558201953503922
0.9248195238854706
34.470495114419194
10.526104036103757
15.317225160701437
15.46058005242193
6.274581093027315
