0.0026841580000080967
0.00999774500000683
0.019154817000000435
0.022348235999999133
0.009298616999998899
0.007364690000002838
0.03711224900000332
0.01527788199999236
0.014890364999999406
0.0263349969999922
0.009228645999996843
0.1332562070000023
0.021068202999998675
0.008716118999998912
0.01883588900000177
0.029480246999995074
0.022708437000005688
0.057954863000006185
0.03974627699999189
0.018313440000000014
0.012171135000002664
0.004128964000003066
0.022063059999993584
0.0024486119999949096
0.0034406319999931156
0.002499955000004661
0.016420964000005256
0.0036648399999990033
0.017195130999994035
0.042090156000000434
0.0026812440000014703
0.009408219000007989
0.019120329000003267
0.02250557000000697
0.008971723999991355
0.00792253000000187
0.03838481799999727
0.015208915000002321
0.014371223000011923
0.027369118999999387
0.00892728899999895
0.13385550099999932
0.021136546999997563
0.008867227999999727
0.018721768999995447
0.029277100999991035
0.022478434999996466
0.05769379699999888
0.040918472000001316
0.018819118999999773
0.012317448999993985
0.0042017049999998335
0.022700503999999455
0.0025140329999970845
0.0036177050000105737
0.002454456000009486
0.015335967999988043
0.003651619000009987
0.017770944000005784
0.04071125299999778
