0.00023526299999332423
0.0006095370000025468
0.02125561699999423
0.0020428749999936713
0.004891594999996585
0.0017423930000006749
0.0005630829999958564
0.0008060099999980253
0.000459007999999983
0.011924713999995618
0.00024496500000026344
0.0007083990000040785
0.02115416499999867
0.001992364999999552
0.0053549399999965885
0.001807612000000347
0.0005538979999997196
0.000818672999997716
0.0005176250000005211
0.011323640000000523
0.0002981519999991633
0.0006232490000002144
0.02156173299999864
0.0020204690000014125
0.005473801000000833
0.001986252000001798
0.0005913480000003801
0.0007595070000050441
0.0004884299999972086
0.012039717999996924
