0.0007163610000020526
0.02798889600000365
0.0009634250000019051
0.009394205999996075
0.0008264840000009599
0.020886866000005
0.051537426000002995
0.00038541099999633843
0.024107516999997358
0.001257692999999449
0.0006947379999999725
0.028676826999998184
0.0010245040000000927
0.010143388999999559
0.0007471260000002644
0.02143989400000379
0.05010359799999975
0.0003607319999971992
0.028555568999998115
0.001252514000000815
0.0007455069999977582
0.02916758500000327
0.0009261229999992793
0.009642814999999416
0.0009225460000052976
0.021590080000002843
0.050831375000001344
0.00044526099999586677
0.024389571999996917
0.0013273309999988214
