0.999991864296465
378.8146811070999
380.77496991576413
378.7135980746089
3.3653621321708114
410.71119133574007
411.36943441636583
116.86883273164861
231.37150647580094
228.1095430107527
120.2430806257521
119.67870036101083
118.7424789410349
117.7653429602888
117.20096269554753
177.75812274368232
537.294825511432
532.2141997593261
532.208182912154
472.8459687123947
535.6257521058965
531.2767749699158
530.4404332129964
591.3309265944645
310.15677966101697
587.8303249097473
580.3140794223826
522.2912154031287
529.0348977135981
66.68184862692566
