531.5764139590855
124.7040932347925
234.88120950323975
235.94108108108108
372.54805615550754
123.0107843137255
398.9935344827586
186.04324324324324
184.55657327586206
130.82474614516735
28.018686599038976
28.51677489177489
28.301655098772024
54.398809523809526
54.556860651361454
53.15367965367965
52.85851575013348
32.62608416318664
34.515800203873596
33.51599865274503
18.163940132265925
55.2253446447508
53.65219638242894
52.812301166489924
51.39431524547803
78.9528258887876
179.99587416193916
158.38690709525676
205.92529623905205
212.6423982869379
