30.038379204892966
182.46507237256137
128.5541543026706
134.6001552795031
45.61923290717065
173.0156794425087
221.1102071005917
232.30900621118013
219.42973372781066
229.50388198757764
93.97393637408969
59.52239532619279
180.2810650887574
39.30590062111801
23.352924256951102
187.47910216718267
37.24260355029586
75.25077399380805
6.412012292891502
73.94332298136646
70.53635014836796
74.43090062111801
72.04525222551929
76.16304347826087
72.9473293768546
76.46195652173913
73.29228486646885
412.2701863354037
389.8620178041543
335.0100931677019
