1.0018724166523885
8458.298228817615
13323.768077601411
17307.11111111111
7308.375811209439
14255.117376294591
9319.285388127853
14091.531645569621
2235.4610557401256
13937.54660529344
14182.204918032787
13937.402761795167
14182.204918032787
127.99532251130991
2736.7945979899496
15830.980437284235
14665.247072599532
14412.107019562716
14665.247072599532
16182.313003452244
15033.859484777518
14774.35673187572
12192.40923076923
13679.630609896432
11819.15494393476
131.42600125991652
14785.884074941452
9031.57745398773
13758.384345794393
126.3625373377505
2364.184232026144
10453.165347405453
13884.490654205607
10947.895401262398
144.77317473338803
2802.5734985300296
15357.712313003452
15627.314988290398
15357.568469505179
2024.885120163627
125.22650262636701
13380.483606557376
119.02624839290306
2291.701729966196
15042.62830840046
