0.06785157799999997
0.010584283000000028
0.13557431899999983
0.13250545499999955
0.13516485099999986
0.010925120000000454
0.008488572999999278
0.008440691000000555
0.008509991999999578
0.008431378000000045
0.00789733299999984
0.007907621000001086
0.007859666999999959
0.010586921999999888
0.010158485999999911
0.008859586999999891
0.0074952709999998035
0.07720699000000053
0.07754683699999987
0.07758364400000062
0.010480626000001436
0.010762921000001313
0.3042685640000009
0.007007609000000414
0.006587354999998851
0.009000386000000304
0.008215627000000225
0.007935308000000418
0.0077305620000007735
0.008490098999999418
0.008247775999999263
0.008707119000000318
0.00787077400000058
0.009282188999998553
0.00832852599999967
0.008191177000000494
0.008706384999999983
0.009944963000000584
0.00988674899999964
0.010359235999999328
0.008994688999999667
0.07046644100000066
0.01042104999999971
0.0073584379999989125
0.010135431000000139
