0.011107595000002135
0.008870930000000499
0.008274630000002503
0.8307707340000015
0.9886744309999997
0.011531537999999841
0.4949933400000006
0.008219486000001552
0.008137786000002478
0.011084884000002404
0.009139404999999101
0.009094241999999753
0.009423266999998958
0.16399191400000035
0.1750742530000018
0.23412042200000016
0.5680431139999982
0.09796627600000107
0.009768889000000058
0.009418369999998788
0.009472981999998353
0.008047481999998496
1.0073377979999982
0.011183995999999752
0.010220572000001482
0.4223667760000005
0.011950137999999555
0.011991788999999642
0.013631087000000264
0.008546467999998697
0.008702367999998017
0.17210207499999797
0.43095879699999884
0.015260267000002159
0.008282804999996785
0.00947422000000131
0.010120397999997977
0.0116412540000006
1.1907713469999983
0.2631779920000028
0.2687985370000021
0.22602155500000265
0.008030849999997258
0.008048860999998908
0.010452344000000835
