0.02191083900106605
0.4436974559939699
0.4119346810039133
0.4510533300053794
0.4429958929977147
0.4269829950062558
0.41216217099281494
0.40840624801057857
0.4584001509938389
0.41546252599800937
0.428445647994522
0.4168559879908571
0.40580759599106386
0.4698797629971523
0.4632602090132423
0.4475527629983844
0.4182797169924015
0.41534262399363797
0.411694445007015
0.44064606800384354
0.423556648005615
0.4309688749926863
0.43224509099673014
0.42374285800906364
0.4471543230029056
0.44203830100013874
0.530450361999101
0.41098432400031015
0.4149357349961065
0.409957319003297
