0.41804657300235704
0.42652951600030065
0.4308555650059134
0.40478590899147093
0.4144289120013127
0.39300475700292736
0.4311020559980534
0.43860831200436223
0.4416292140085716
0.4424132480053231
0.4464221579983132
0.5216534759965725
0.4453348079987336
0.43607075700128917
0.4267511840007501
0.42748446999758016
0.4540157610026654
0.43273076000332367
0.4539396369946189
0.45093134000489954
0.4533247939980356
0.43230547399434727
0.39386987099715043
0.42792494800232816
0.44550114100275096
0.43032337100885343
0.44296695898810867
0.4426427699945634
0.4374795039911987
0.41406322800321504
