0.46509350500127766
0.4343728439998813
0.48306462400068995
0.4202524860011181
0.43755817200872116
0.41120683499320876
0.46594106301199645
0.42567318699730095
0.4473973109998042
0.4405496119870804
0.4666479169973172
0.42795773400575854
0.4653100040013669
0.4849554579996038
0.46348653599852696
0.45580767099454533
0.43106115999398753
0.4560281979938736
0.4367659199924674
0.4175694090081379
0.4218430759938201
0.45673604401235934
0.45183107000775635
0.5046610439894721
0.4657126889942447
0.42352609400404617
0.4709901570022339
0.4135296790045686
0.5118611709913239
0.41536001799977385
