0.42874127899995074
0.44746636399941053
0.419168600012199
0.48342980799498037
0.42864248499972746
0.42826331000833306
0.4865349059982691
0.43157257499115076
0.40269375999923795
0.41238915199937765
0.4129809750011191
0.5662046899960842
0.45326018299965654
0.42152157799864653
0.4942438440048136
0.43056516999786254
0.435764788009692
0.4236700390029
0.45230973900470417
0.4202704109920887
0.4504642329993658
0.5062790230003884
0.49462041100196075
0.43977639099466614
0.4571609679987887
0.42401402798714116
0.46363493699755054
0.49539852200541645
0.44835715398949105
0.4266308609949192
