0.43709756499447394
0.4414093629893614
0.43181707699841354
0.42113866699219216
0.45902672100055497
0.4442505539918784
0.44817758300632704
0.41217269700428005
0.433282882993808
0.46552167600020766
0.4272922489908524
0.4237041979940841
0.4146857329906197
0.5652110169903608
0.4118929800024489
0.4296314249950228
0.4741641089931363
0.4773537629953353
0.43011026999738533
0.4286077870056033
0.42028650200518314
0.4185640570067335
0.42536351300077513
0.4146979509969242
0.41978906499571167
0.4033751249953639
0.4061194749956485
0.5058028069906868
0.45667536999098957
0.4229553949990077
