0.008741120999957275
0.028973128000018278
0.008102430999997523
0.01628679899999952
0.02041919600003439
0.007184264999978041
0.012527378000015688
0.01475297199999659
0.01922777700002598
0.023906698000018878
0.009410785999989457
0.021217013000011775
0.01428114199995889
0.014289212999983647
0.016433591000009073
0.010347995000017818
0.013724773999967965
0.01874686799999381
0.00675971399999753
0.013197556999955395
0.010595251999973243
0.007272435000004407
0.006450486999995064
0.018645262000006824
0.008855847000006634
0.008228383000016493
0.017127966999964883
0.01224939999997332
0.011247910999998112
0.010359235999999328
