0.007824960999982977
0.0062669950000326935
0.007214212000008047
0.007344984999974713
0.0077932760000294365
0.009556571000018721
0.008235679999984313
0.010946608000040214
0.007096898000042984
0.009080769999968652
0.007221436000008907
0.018097643000032804
0.009858550999979343
0.010837718999994195
0.01363435599995455
0.022407654999994975
0.007072569000001749
0.0077937620000056995
0.01416230400002405
0.010975561999998718
0.007304952000026788
0.007909705000031408
0.006859359999964454
0.007604071000002932
0.008650943000020561
0.008212133000029098
0.010966524000025402
0.005656061999957274
0.007797052999990228
0.006988810999985162
