0.007372927000005802
0.007852864999961184
0.00868209099996875
0.02555995399995936
0.012693871999999828
0.010405313000035221
0.011329858999999942
0.006782543000042551
0.007632281000041985
0.007551194000029682
0.018560124000032374
0.008427853000000596
0.0098440569999525
0.008549305999963508
0.013949871999955121
0.0068173859999660635
0.014335157999994408
0.009201065000013386
0.0065724710000267805
0.008257796999998845
0.01724534599998151
0.010404683999979625
0.007397109999999429
0.007603276999986974
0.008004243000016231
0.014669357999991917
0.008091595999985657
0.008545867000009366
0.012637248000032741
0.024220435000017915
