0.011452662000010605
0.35551195800002233
0.14006971399999202
0.06738660900003879
0.06364897399998881
0.0077466100000265214
0.06332157700001062
0.21909345199998143
0.029387510999981714
0.020892172000003484
0.06587364600000001
0.05373887100000729
0.008159352000006947
0.007988432000047396
0.07204918900004031
0.06487442100001317
0.033724909000000025
0.015828644000009717
0.024656362999962766
0.0943986429999768
0.13945660699999962
0.11854447899997922
0.00739768500000082
0.08266238000004478
0.11768165199998748
0.10521096200000102
0.1146165979999978
0.11424292899999955
0.06026384000000462
0.08438154999998915
