2.0409670895744685
103.96916456926158
136.4211947263025
137.37169287539356
136.46526085788332
84.73297089239
49.35167811602261
62.424995890484546
75.21681647578983
79.94986696118661
66.36367273121917
60.32113338558402
71.36257621607675
78.77708603459969
65.5932385691908
56.43117396923217
72.3559467063549
10.085581061233164
32.36563464168009
82.96490342184654
83.12701887745489
79.1434863758258
75.62036164810701
54.79160125315859
72.71227229805709
71.04828660434615
64.9901040929635
48.997282315293056
74.43092177314011
64.03007507201652
60.76539301145131
68.58974933921476
61.64042029659475
67.72800440371901
68.66807888354357
58.64491841768863
67.85257602680193
66.28176558467905
63.65032725142922
72.27501785070757
81.30544757487198
78.02957041600729
61.81645398398382
56.60748572867933
66.09000295738872
