44.30325948345137
42.01225440910602
41.81483827847002
38.90212158500694
12.308794756286424
48.38501381957554
42.91129086950559
46.4492745211804
32.97798147967621
101.42688556119897
122.33274050945057
111.29801316394679
114.17313986147776
117.6966691004257
118.18280323172976
121.89104564772052
110.32081402134378
117.31025691251422
0.7959941324086806
10.15768583402405
0.8042327745078237
52.553105485488764
38.20057596828723
33.49499470648546
30.605506053938914
36.11642202792368
42.96942863101992
42.64017217998474
41.07637280021576
44.5246648855609
37.33622255527865
43.04322518752092
34.2957421651925
6.808106909782254
37.96300180776043
40.926212851643534
40.93482207535506
40.075574790897775
42.32897447475722
35.192092064249174
11.426390312999116
50.864621504203676
47.19766781080162
42.382361302312106
38.878234814203886
