22.8294444831554
21.592254275286145
12.887914105942295
55.57002746076561
61.26068378509133
60.37501690963141
15.872045971149577
18.915182651990037
24.56675326171578
18.890824631516843
0.7904728506884313
7.912905834864868
26.89424786842281
43.86469754279836
41.63616379229444
40.150679299322114
4.147735985354603
19.63068900750068
19.8682667001675
22.450563274074877
20.517862247128523
21.386561341024134
21.69103701263138
20.67396985144316
8.726628010309938
69.45775658019483
67.55043893931227
108.89013325204014
82.84261755875656
101.3942973001088
103.43650965348088
102.78492661650576
98.34080098147594
113.46740795270526
105.85403227671124
95.22364340176381
89.17841689873072
106.52059849525097
96.99713073295653
98.90791851811721
101.73348557412757
87.92302863275901
101.95007396234229
96.193982718758
95.3254507646911
