0.14203224499999578
0.053001928000000476
0.030058432999993556
0.0003346399999912819
0.0720285329999939
0.0002903440000068258
0.02920398799999191
0.00022786000000962758
0.02215025799999637
0.0003034860000070694
0.07442535499998826
0.00025451999999859254
0.07136175299999081
0.043631974999982504
0.00023483600000417937
0.00023546200000623685
0.000242091000018263
0.020267488000001777
0.0002208479999978863
0.0002556249999940974
0.04426876499999821
0.07082279900001254
0.00024037599999360282
0.04156044900000211
0.03118141100000571
0.0002713899999946534
0.00023926299999743605
0.04444818500002157
0.07538120799998183
0.04359052799998153
0.0002609499999834952
0.045149199999968914
0.00025016199998617594
0.031223845999988953
0.07427370100003827
0.00023412000001599154
0.01867869100004782
0.00022240499998815721
0.0002725420000047052
0.04289036199998009
0.030629992999990918
0.04617687300003581
0.019536956999957056
0.041415215999961674
0.0002246509999963564
