0.16205875399964498
0.00038274500002444256
0.0003902109997397929
0.00039468600016334676
0.000402964999921096
0.12254268900005627
0.000379511000119237
0.02801092800018523
0.02111358799993468
0.1136897369997314
0.06479591600009371
0.11148137200007113
0.06789110699992307
0.1407841370000824
0.027613898999788944
0.14089481600012732
0.06485869600010119
0.0004343999999036896
0.14129467300017495
0.02356608199988841
0.0669134810000287
0.00038175800000317395
0.11529794900025081
0.13966435900010765
0.06587009599979865
0.02501835100019889
0.136656844999834
0.02596744399988893
0.06581920799999352
0.1310536639998645
0.0004438410001057491
0.02830875700010438
0.13376603599999726
0.023591091000071174
0.1334118629997647
0.0003698519999488781
0.12998328000003312
0.00041704700015543494
0.13579711700003827
0.06504907599992293
0.13081814600036523
0.00037490299973796937
0.00038425200000347104
0.00048506599978281884
0.025294531999861647
