0.06370572199999991
0.05533832500000102
0.058950896999999
0.06160511799999924
0.0603467559999995
0.0709787550000005
0.06508759000000097
0.06539934599999953
0.06319621499999961
0.06332208799999961
0.061409382999999096
0.06546631800000036
0.062158671999998916
0.0655350429999988
0.06564118499999871
0.061786478000000145
0.05915313999999938
0.0636589910000005
0.06326937799999932
0.06267408599999946
0.06636215099999987
0.06530145999999881
0.06664101500000008
0.057745270000001625
0.05727072
0.05592506300000011
0.05498671700000024
0.056414960999999764
0.05472664000000016
0.05012407599999946
0.04843599600000026
0.051581542999999286
0.05811751499999929
0.05257005600000042
0.04987848299999875
0.04789395300000088
0.048873240000000706
0.052832176000000786
0.051457857999999135
0.055445484999999906
0.052209595999997305
0.05080918199999829
0.052057330000000235
0.05161058499999882
0.05082351599999768
