0.055631184999999306
0.0552483379999984
0.05276880699999964
0.05442920800000195
0.05042255300000065
0.049217395000002995
0.044622224000001154
0.052145676999998614
0.04076942299999686
0.04823890500000161
0.037033531999998814
0.040762583999999435
0.05211445800000192
0.04712746699999926
0.04696234200000049
0.04847080100000056
0.04819570300000109
0.04875541300000208
0.042074274000000855
0.04316760200000047
0.04469847500000057
0.04805088099999821
0.04799797399999761
0.03799792500000265
0.04319618300000272
0.04392554300000029
0.04152751999999893
0.04484397099999882
0.039681016000002955
0.04158465799999789
0.041329794999999336
0.036055596999997164
0.03661790600000003
0.037834208999999674
0.037897429999997456
0.0377944449999994
0.036855549000001986
0.037632600999998544
0.03635631899999936
0.03637203099999908
0.05079406500000161
0.03419554499999933
0.03483854199999925
0.03759364300000101
0.038860091000000097
