0.029892532000001637
0.037843506999998056
0.03306841999999932
0.030683555999999612
0.03038944600000093
0.029525117000002155
0.03022666900000104
0.029596088999998216
0.02864955399999758
0.029269161000001986
0.027592709000000326
0.028373221999999032
0.027490069999998923
0.0252900440000019
0.024934342000001664
0.02707432399999732
0.02346044900000166
0.02421416700000023
0.022320650999997582
0.02149994700000235
0.021538421999999002
0.02218784199999746
0.0016511749999992276
0.007802502000000544
0.006696726000001263
0.0066906870000025265
0.00694764300000017
0.00684364900000034
0.006685556999997289
0.007039207999998354
0.006738685000001965
0.0059956270000007805
0.019628770000000628
0.020177455000002453
0.005081192000002233
0.01753009699999808
0.01740451699999923
0.02024845400000075
0.019295389999999912
0.02012169800000052
0.019584991999998635
0.020301242999998692
0.020360736999997187
0.01875968199999889
0.014575617000001984
