0.015483298999999562
0.013521675999999871
0.01780308200000036
0.016554998000000154
0.014061867999998867
0.011994162000000586
0.011165817000005518
0.011700412999999799
0.012356609000001129
0.012465205000005142
0.011431371999996998
0.01184406899999857
0.012249634999996317
0.011777538000004029
0.01042541000000341
0.010639191999999298
0.010147392000000366
0.01018126499999994
0.010434406000001673
0.010610724999999377
0.008583559000001628
0.008848666000005778
0.008526836000001481
0.009530181000002358
0.008590738999998848
0.008958221999996852
0.009003180000000555
0.009311103999998238
0.008949489999999116
0.008984725999994225
0.009112915000002886
0.006840564999997412
0.006815191000001164
0.00923589300000316
0.007724527999997122
0.007959626000001663
0.008013402000003111
0.008197101000000373
0.008231875999996419
0.006469954000003497
0.006776950000002557
0.006314785000000711
0.006525334999999188
0.006893881999999962
0.003139044999997509
