2.7093714776413855
11.797287696822579
22.296289593004097
19.419048861346894
21.652526627396835
18.393451348645083
21.73203865639152
19.052243484687658
24.032634105844966
22.192401848316244
23.230257397285843
19.88374748698365
20.34949573259817
19.669240690453538
19.412931225993777
16.43671118734929
20.10853017605998
19.398572781246152
19.774421257675993
17.64268577457186
21.00943156468906
21.97067560476526
21.438706200551678
18.006700687191362
19.70594702158191
21.33194309412008
19.67028718308404
19.379663955404304
16.193811650202772
18.905670723720863
18.333898594590504
22.266886098824408
20.179378191145595
20.032917464509215
23.4443763477534
20.663506031444385
20.192335678546634
20.11824130395658
19.477867742638825
18.67664742506414
22.7249610738182
20.61380062645001
21.90148903933337
19.55338967647914
19.03572777111434
17.11720652517782
19.10233846071481
21.79968975259479
22.896201335472163
20.421136284517182
19.52341115458135
18.66606245560891
21.08602930877224
21.560414582047205
16.808943015919674
20.722104669890214
19.366303143279147
21.499442640117497
21.010502683204507
19.05293769901303
19.575296104355452
20.331266732598515
21.81182059435818
18.0212675246853
17.702111727828814
16.36826960352944
16.548276060532032
18.912002247767283
22.870431054138166
18.779233328046434
19.83069484840272
22.63843423146213
21.44437498444292
18.843974325398335
20.514385983494105
20.67561477937946
21.109459378536055
20.529041012211138
18.172375057003684
18.701180968068048
20.67643278777788
16.775437341048082
19.962017833723344
20.445578858255885
21.51661704841974
18.335599379381122
20.96896874270387
19.224559029061616
19.733447299604173
19.663508598702105
23.1801663679224
19.114498567221563
19.980232904158413
19.20274488361832
22.168780778612973
18.926347657781385
20.264200661609806
16.79196002505053
22.881152025433103
19.96769420140167
19.591683100375143
17.721717659292334
17.59694018060039
16.56417408575557
23.845093052601076
19.23208567837112
21.987800793373538
21.733449945319343
21.892638045062576
22.05839411114734
18.44063539971718
18.349930377403815
17.94099374719833
19.110831262998563
19.76147762500868
18.930291431167163
19.88808624080294
21.378309361387913
21.670426207849314
19.9030255882821
22.04065386873725
20.740932576181486
18.959306690012998
21.21329580351642
22.829049758963276
17.354989326770244
22.64939754152648
20.356475976483242
18.090499488134242
19.878779910950843
18.65571738527895
20.25380555243566
20.492362098631574
17.16371791377799
20.829207667759942
19.38220391024878
19.608953931503944
18.789913156122978
18.387722430148255
21.26699256836306
20.107691220686153
19.354641207727678
19.109575886003803
22.297714733434553
22.603414214755986
18.850319912191225
7.098162668683862
17.966648442918338
19.283831275947996
19.084782773141963
19.331529015895118
17.684875409819494
17.91616983086422
19.974293176129436
17.94413887692841
18.655973357424543
19.473031941084308
18.143889735713095
18.77191933781435
19.028240058818312
18.47097659109499
16.671225356938347
18.862837283482644
19.740842812873154
19.019553967305
16.230574645484076
21.189915964411828
18.183436009224465
19.715531596100625
18.40027972599803
18.040159267144233
18.342022734472316
20.067130954119712
19.40380706184127
16.498300054681796
17.43418223714573
19.19261533349948
16.871235415371654
15.769169439119665
19.692466298841513
18.657497594506758
18.081203213584107
14.860945152340094
17.639033639181665
21.35847242855838
16.959452849398343
20.07153235252888
18.678321974700836
17.88124607109051
18.560519691768082
19.94957192349079
17.991879957066686
16.537688194920086
19.146556753336515
18.34178050276466
17.44867235436242
16.413015598247142
19.9852661290962
17.9237511519836
16.833271039440135
19.143532030465916
17.736246733636083
18.353086289596344
17.621547438679073
15.55141080498278
18.489276222737917
18.749231259983066
17.891615320203794
19.643292701544524
18.23302335364714
16.747476620248182
19.337763026275162
18.492115838470163
18.730414720168937
16.642087259385843
16.893196993908735
17.523362258079676
19.898253020705155
17.14687547055074
18.89539586284671
17.010543024835766
16.14506123765921
17.877727511539398
16.902057329729583
16.902094208215672
18.580709084038954
17.37129800803934
17.91250946312737
11.889698500378113
16.67997882594078
19.38801180776691
20.146669789741313
20.761054846133433
15.714517811913609
18.449173800197002
20.16765947019272
17.35783867442528
18.72031929017631
18.449602264610043
18.673262084333523
17.23113331848612
17.40825744168204
19.362886216250704
18.02692379795428
18.063383322188653
15.230760431821011
18.714055558624203
16.523814517238183
17.593236678877435
19.687251993812485
17.80375223715696
17.405366522228757
20.06115083037422
17.317394516737526
18.33420710275544
19.12626051702778
19.498715371624115
19.596109801898425
19.665027651605563
17.868495760848184
19.01678694697748
15.741413881584908
21.239757907661478
17.48869874682793
16.665814308704597
17.880384200058536
17.213622264436104
19.457239061847538
19.09494452444102
17.539267703990067
16.864899633288022
14.802693390110656
18.49165044052673
19.708077166190662
19.139535267634425
17.7263834978709
17.107350742377726
19.52358767835793
19.868829829961435
15.484280268921776
17.21149299854124
19.694976177160154
18.96221825555501
17.536039399412946
19.372710262891335
16.87598473979772
17.16074317963686
15.946559846804528
17.437667480752168
18.468878837465457
17.81570622817843
17.213995472399017
20.398135828215896
17.72088849907806
17.4426321045285
18.088083538340328
16.255077200397235
20.410191733021257
18.474046085537637
16.692087024262104
18.27042591829126
18.162476365712095
16.527281456394984
15.549885443524746
19.604211201734174
17.298437266527987
20.346093179267466
18.756197683543213
18.050990858225347
15.865730231578198
16.4237877976476
18.419543662125488
19.680796344559568
17.823368295276648
20.092309331376384
12.390025182345488
18.02940652448862
18.28232010950471
21.24813788737467
15.799982646831923
19.674580999324583
18.065320981804945
20.786127710517235
17.09847041928871
16.920084404249685
15.332736889068228
18.31685213989342
17.238642657103405
19.780601228829408
16.238282727228942
19.626663228256803
16.782034863548876
17.65242588998047
17.255993264085127
18.36861629918385
15.061936574002473
20.31888566105966
17.38515923855464
17.82393573246688
19.099105013936896
17.64784857271474
17.414323424057017
19.088474759026784
16.300557048193006
16.543026666585405
16.733477993576066
17.47772962845985
18.276794960769866
18.768092124845122
18.250825949223795
17.320065505264097
18.434290362351422
19.7824974664214
16.681184639891015
19.716848778917647
18.564048413191987
18.18323742584514
17.57367404659046
19.390487494791657
17.098453648205187
21.082584291175817
16.39508995511556
17.113122080151367
15.417502609007617
18.985568861193155
15.627591082426342
17.76793143950947
17.04976541631754
19.799056546245918
15.494042243654656
17.87062061359097
18.14928394589096
19.397491144669225
15.753323564482166
19.326736306386103
18.41817882914821
16.703704330996786
15.740762470330615
18.203969262599497
17.845120948927892
14.405161753374292
15.605823452508348
17.556609910739365
19.16849828365814
18.775539210489125
17.567559514995285
18.772555530358332
16.46108796415204
16.375147108613092
15.818304262976516
20.272616180209926
16.36203723228813
17.106415738774256
16.60387121189586
20.708428996648806
18.51238346884723
18.91456992521796
18.741303579211507
19.398164927195477
17.57035716841506
19.687244319424604
16.80903539282222
18.051998673211216
16.471462166700814
19.96196324368314
18.029119403001225
17.736695579503625
17.92325099185793
19.456643167342722
15.52576317401475
