0.15090072500000007
0.03835717199999955
0.038485635000000684
0.041248644999999584
0.03968580999999993
0.03737030799999985
0.03996479699999966
0.026740756000000587
0.02527108499999997
0.027663118999999625
0.027325640999999123
0.02646713000000034
0.026225630999999083
0.025313643000000496
0.025364854000001102
0.024032000000000053
0.026401511999999627
0.025010266999998976
0.024464247000000938
0.024969353999999555
0.025134016999999176
0.023971928999998227
0.02315167599999768
0.025403380000000197
0.0262144570000018
0.025205673999998623
0.025487325000000283
0.02505556299999867
0.025327668999999275
0.0243757329999994
0.022540935000002094
0.025365028999999595
0.024606804000001148
0.024038673999999816
0.02345225099999837
0.023989035999999686
0.02410532400000065
0.024396079999998932
0.02391232599999782
0.02515409599999785
0.025908389000001364
0.025668685999999497
0.024484255000000843
0.025080758000001424
0.02531355099999999
