0.18995626000000243
0.09843286699999965
0.07525463099999996
0.07519679199999985
0.07191583499999865
0.07607761699999926
0.07803706800000043
0.0801292629999999
0.07733860200000109
0.0748016249999992
0.07292591100000223
0.0767523400000023
0.0755424280000021
0.07734970199999935
0.07960733499999861
0.07959417000000002
0.08203599899999858
0.08021026699999823
0.07857212100000055
0.0833805070000011
0.08089974600000005
0.07587659200000019
0.07514990600000004
0.07386499600000462
0.0761424629999965
0.07878317000000123
0.07346807799999766
0.07285120299999903
0.07380687799999919
0.07074459599999727
0.07175181300000588
0.07007166999999725
0.06967864800000001
0.07920129000000031
0.07813918000000086
0.07747813399999615
0.07357848699999892
0.07721838399999825
0.0744831669999968
0.07433097799999899
0.0767009200000004
0.07593502699999988
0.07681270500000181
0.07386097199999853
0.07671531399999765
