0.039972690000013245
0.050759145999990096
0.03365979100001937
0.03391607400001817
0.07344989099999566
0.054115003999982036
0.0712125780000008
0.03356779599999982
0.03352632299998959
0.034679772999993475
0.03432739699999843
0.06048733099999026
0.03400889699997833
0.03435075000001575
0.0326227900000049
0.0328120479999825
0.03162232500000073
0.031635200000010855
0.03180136000000289
0.03233884499999817
0.03243441199998642
0.03152409399999101
0.06773804299999142
7.155377453
0.03562323899998887
0.06281255700000088
0.06305388300000914
0.06139567600001783
0.03269798200000196
0.033443730999977106
0.03318202099998757
0.033187979000018686
0.06067681999999763
0.03130700699998101
0.031837007000007134
0.03133063600000696
0.05974576500000239
0.06010958600001004
0.060974037999983466
0.06060869799998159
5.807727604000007
0.06446131299998115
0.06445452099998761
0.06380502299998625
0.035179593999998815
