0.15287473299999732
0.00029260000000164155
0.0002233370000013224
0.00022282200000489638
0.00022408000000240236
0.033498166000001106
0.0752609700000022
0.0002718530000009878
0.04199172599999201
0.00026953799999773764
0.00030368899999189125
0.00027454899999668214
0.0002561509999878808
0.0002569979999975658
0.00025706899999988764
0.0002391199999891569
0.00025128000000052
0.0002665159999963862
0.0002424590000060789
0.00026105499999573567
0.00024726499999871976
0.0746033030000035
0.0002719139999953768
0.0002666280000056531
0.00028732900000250083
0.00023757900000020982
0.0002465850000135106
0.0002505349999921691
0.0002121979999856194
0.00023162399998000183
0.00025227400001881506
0.00026159999998753847
0.00023433200001932164
0.00022851299999615549
0.00022979599998507183
0.01936969599998406
0.0002756339999905322
0.00023631999999906839
0.00027679100000455037
0.0002303139999924042
0.00028484000000617016
0.0002690290000089135
0.0002390649999881589
0.00025122299999225106
0.01947337099997526
