0.0004175060000193298
0.11884377000001223
0.0004741660000036063
0.00042431100001749655
0.0003748119999613664
0.0003654919999576123
0.0003882549999616458
0.05313770699996212
0.00040042300003051423
0.00046393600001692903
0.0003507989999889105
0.00035556299997097085
0.0003855119999798262
0.0004512439999757589
0.061894281999968825
0.00043223499994837766
0.0004538950000210207
0.00038977200000545054
0.00036410299998124174
0.0004537340000183576
0.00039470199999414035
0.00039151199996467767
0.0004514359999916451
0.0003776629999947545
0.0004106850000198392
0.00036484200001041245
0.00046074700003373437
0.00040802699999176184
0.0003591729999925519
0.00041678899998487395
0.00036502300002894117
0.00041066000000000713
0.0004057319999901665
0.000368202000004203
0.0003913689999990311
0.0004101140000329906
0.0003925999999978558
0.022141101000045182
0.00037173999999140506
0.00036171200002854675
0.02108459400000129
0.00035921900001767426
0.00043356399999083806
0.0004356790000201727
0.0003517909999573021
