0.9996068152031454
3.6490118577075097
14.626777251184834
31.492159227985525
2.3106943740496706
4.76
5.1745283018867925
4.556108347153123
6.211369095276221
8.116666666666667
62.80264741275572
32.0491905354919
12.751369863013698
4.523696682464455
3.0705496308449547
4.105378704720088
8.564380264741276
44.63937007874016
26.296075085324233
22.041469194312796
2.99395313681028
5.21954944635357
15.744521337946944
2.1842849067269645
7.987937273823884
8.40047393364929
3.18105548037889
21.255729794933654
15.411463664278402
67.94330183435241
