1.3258928571428572
4.482809070958303
4.524499654934438
1.9766601833842734
4.691328934967013
2.4460344409410624
5.685821361648969
2.558987200890373
8.732612055641422
2.1179499754781754
7.273716951788492
4.01718009478673
1.718250330990936
1.6439959046365364
1.0252741374699117
9.980866848887153
19.565925925925924
15.474120082815736
1.2933844678811122
22.68294573643411
5.882971268395234
3.3906824683285657
7.969882593159776
5.457729875378916
6.765061977515134
3.7941731858645804
11.551162790697674
8.252608456891817
5.97802734375
14.353801169590643
