26.02248062015504
13.12576219512195
7.495966692688004
12.769409937888199
5.166057788110263
14.989703210175652
21.928130511463845
10.626097132826214
5.727982954545454
4.947843530591776
8.27752117013087
2.3706772334293946
12.478917779339424
3.645626752376393
5.7790834312573445
0.4235952001864005
5.637227501397429
5.4471544715447155
8.615668883961566
7.128775167785235
9.835403726708075
0.697341667294224
6.234701223902088
22.78635014836795
14.914201183431953
0.3896636085626911
3.833870225494708
3.688178913738019
4.494565217391305
1.7074392767672366
