29.011572226656025
1.3983092988562904
0.95609340934793
107.72072072072072
135.99471830985917
177.2731343283582
210.40947321823816
0.9475327132271796
139.87515225334957
9.710450966356477
82.06225576067915
145.07616279069768
84.21551724137932
83.49857362299758
230.4581939799331
333.53992210321326
115.71685353265705
176.50491283676703
189.7288708586883
216.69977678571428
32.99906542056075
194.33539645366344
1.6507911392405064
121.299938537185
9.237467018469657
13.035091907376462
140.2290345313601
69.33707557502738
3.7064128256513027
32.4003059663437
