0.4563712020000006
0.00043750500000072634
0.0002391829999996986
0.0003793319999996214
0.00021361699999999928
0.0002535479999998813
0.00025128200000068546
0.0006012080000008524
0.0002098139999997528
0.0002492859999989605
0.00021438799999984326
0.0002336989999989214
0.005884853999999606
0.0004928870000000529
0.006821297999998421
0.0002366470000012555
0.0004161049999993338
0.00021995599999868887
0.00023909899999985385
0.00022955899999921314
0.00029166699999905177
0.00023434999999949468
0.00023472500000032426
0.00029535399999858214
0.0005883249999989459
0.00024412200000156759
0.0002309999999994261
0.000308118000003077
0.004977815000000163
0.00025579300000089233
0.00025221799999997074
0.00023644899999908375
0.00024016100000068263
0.0002532700000017485
0.005530641000000003
0.00023269800000136343
0.0002881800000018586
0.00046719199999856187
0.00022438199999896824
0.00039772200000243174
0.00024145700000133274
0.00024911699999918824
0.00026971300000155907
0.0002430260000032547
0.0052207320000015045
