0.0003418169999989118
0.00039464900000041325
0.0003035599999989813
0.00038089999999613156
0.0003305139999980611
0.00034752899999546116
0.00032057399999985137
0.0021498480000019526
0.0003530349999962823
0.00032551199999630853
0.0003192940000005251
0.00031275800000685194
0.00036776399999638443
0.0003591460000009761
0.0003461430000015753
0.0003499269999949206
0.006257784000005984
0.0003623129999965613
0.0008349030000047719
0.0005331679999969197
0.00037145699999996395
0.2440376360000016
0.005693766999996797
0.00047266899999698353
0.0003615310000029126
0.0003928430000001981
0.00036541200000073104
0.002112220000000775
0.0026115530000012654
0.00037176600000066173
0.00032471800000166695
0.0020463190000015175
0.00029452599999757467
0.0003802899999953979
0.00032536199999810833
0.0005201620000008234
0.00034301600000219423
0.0003092149999943672
0.00035553500000418126
0.002335368000004223
0.0011196889999993687
0.0003317500000008522
0.006326361000006386
0.0003026869999871451
0.0003237150000074962
