0.0003396599999945238
0.00038890400000468617
0.0003610090000023547
0.0003946870000106628
0.008357031000002735
0.0004156829999999445
0.00041572300000325413
0.00040464499998904557
0.001888696999998274
0.000579989999991426
0.008794355999995673
0.000348848000001567
0.00037602000000447333
0.00036273300000289055
0.0003799029999953518
0.00035019799999247425
0.00040972499999725187
0.00035784700000363046
0.0003754279999981236
0.000647890999999845
0.012096252999995727
0.0004265860000032262
0.00039639499999566397
0.0004089619999945171
0.00041012100000159535
0.0003826110000062499
0.005985593000005451
0.0003958869999962644
0.004726070999993226
0.0004095759999955817
0.00043106599999021
0.0008469370000057097
0.00041741300000808224
0.00044742900000471764
0.0005312669999995023
0.0003882489999966765
0.00037740199999802826
0.0004115109999958122
0.006542319999994106
0.0003804990000020325
0.00044400699999869175
0.0003678759999985459
0.0006453789999909532
0.0003980850000004921
0.00041628700000728713
