0.37431054099999983
0.0003797490000039261
0.0004339049999941835
0.0004203889999985222
0.3498078160000091
0.0003779099999974278
0.23085283000000345
0.4647659689999841
0.0004211979999979576
0.00035770200000229124
0.0003501269999901524
0.0004136329999937516
0.0003505059999895366
0.004898667999981399
0.0003860049999957482
0.0003666609999868342
0.039217070000006515
0.00039381899998147674
0.00039230000001566623
0.00042026500000247324
0.0003836359999809247
0.0003919119999977738
0.0004295739999804482
0.0004750769999759541
0.00041917200002217214
4.686102740999985
0.0004207510000071579
0.0004509590000054686
0.004334728000003452
0.010601864999983945
0.007127926000009666
0.004360055999995893
0.00039533300000016425
0.005907310999987203
0.00038095300001828036
0.13111212200001887
0.0046331460000033076
0.00034747199998719225
0.0031738449999920704
0.00035425700002633675
0.0004177129999902718
0.12318802199999368
0.0003790640000147505
0.015899283999999625
0.0003981999999780328
