0.294145254
0.31780570200004377
0.31529154300000073
0.30662816999995357
0.305568763999986
0.3055848600000104
0.3029536409999878
0.30109824799995977
0.3044941290000338
0.3006660870000246
0.2939069029999928
0.3093853110000282
0.3070148840000684
0.30500867799992193
0.29755826400003116
0.3100647989999743
0.306118266999988
0.30011067800001
0.3006281340000214
0.3084501260000252
0.31342284400000153
0.30720691299995906
0.3111512579999953
0.31627597499993954
0.31673282799999924
0.3190088019999848
0.31514534699999786
0.3106910459999881
0.31404667600008906
0.30942951500003346
0.2989005139999108
0.2991960110000491
0.3000591699999404
0.29599340799995844
0.2957332940000015
0.29652026300004763
0.29550187500001357
0.29581779400007235
0.31719743199994355
0.3138967940000157
0.3172330460000694
0.29844375000004675
0.3136764399999947
0.30845723100003397
0.30601713900000505
