0.1569712460000119
0.15946157700000185
0.1555117280001923
0.16190018299994335
0.16153210600009515
0.15312931399989793
0.1564142100000936
0.14982476399995903
0.1546345020001354
0.15896564200011198
0.16054821200009428
0.1555864270001166
0.15613680299998123
0.15646614000002046
0.16119392199993854
0.13412918899985016
0.1550673500000812
0.1342987609998545
0.1298125280000022
0.13395292900008826
0.13184646800004884
0.12915095299990753
0.13343231099997865
0.13000065100004576
0.12911841899995125
0.1294132850000551
0.15828909100014243
0.15265518299997893
0.15323674499995832
0.15480232699997032
0.12818804699986686
0.12862672300002487
0.1588857920000919
0.16599190600004476
0.16708724900013294
0.16011537600002157
0.15180727500001012
0.1565214779998314
0.15827975199999855
0.13610626900003808
0.13518890799991823
0.1381067920001442
0.13595250100001977
0.1364985269999579
0.1335785510000278
