0.14716448500007573
0.14442320100010875
0.24494955299996946
0.24687184599997636
0.2421884489999684
0.2244767980000688
0.2768693160001021
0.14472512300017115
0.14406070900008672
0.19053218299995933
0.17576172099984433
0.2677530389998992
0.26110446699999557
0.26201915100000406
0.23789757800000189
0.22526326100000915
0.26200509599993893
0.23367635299996437
0.20799849700006234
0.2114885379999123
0.25243698300005235
0.25788141900011397
0.20353448800005935
0.19591846299999816
0.19659009599990895
0.2530265730001702
0.14814696799999183
0.22657892200004426
0.23620504699988487
0.1425885470000594
0.2167303290000291
0.14484647699987363
0.14190949499993621
0.14218693600014376
0.24354316099993412
0.22186572300006446
0.2582106280001426
0.2595794290000413
0.26013424500024485
0.26237101100014115
0.24542625999993106
0.14256036500000846
0.33371309700032725
0.3383457670001917
0.14410811100015053
