0.940079655634961
3.788335306471874
1.8150647824485335
3.974852117959931
87.93617210007149
12.667720825240998
2.792462192270952
84.36251366885242
77.61944871839279
1.8405403060626984
70.33099762279102
7.043300161254215
1.9404623540487436
4.682029030056368
82.45319684154902
1.9383401452791476
1.8373774729805434
78.93916236520529
82.3642405191927
89.03679197351788
3.6853483453476783
3.5795309220210947
89.15251386911078
5.163059684326746
72.62186827544785
7.058345534965928
11.977642913637684
72.82647479082382
88.22033228587156
2.340513427554803
83.12104456950183
83.55813118854118
2.437362447410847
7.422527103878086
83.12867834077649
77.55141910634168
80.80638322646678
0.8203915384354998
82.00886277911421
5.244338932595467
1.6364813360354695
85.67326851345152
74.76184686122451
87.11493524362157
82.47915556018148
