0.6869858800984768
2.5068090290422615
1.9929917214646045
47.55169277459945
4.200115629004314
1.609626907649574
47.39493568969617
41.48595288894799
1.0203300685938854
47.564004220365725
48.22364090878564
43.03622764660259
1.9896445322959357
43.03163991073771
52.835473993555695
48.11592987578218
42.3508563129016
6.070456501795313
1.5779526698455022
53.62922801776761
6.648444206437287
55.087141460491715
57.58644659914073
48.66880722481431
1.0981889883597529
48.958245440741656
52.103450826087936
43.561864847451005
43.429793370995945
41.05797069228068
48.82838336393721
63.573783237780525
69.2201136622369
1.322381540869935
54.54170407565373
2.838647687162592
53.24548274277138
1.447106000441214
55.088620542089224
1.723755266514684
1.5802121609183073
50.03063509047676
2.525115828486479
1.9974385682239182
2.5912636426016467
