85.90952412913619
643.5455007625826
274.69472361809045
666.976105744789
692.9889064976228
666.9181494661922
692.9889064976228
666.9181494661922
692.9889064976228
666.9181494661922
692.9889064976228
666.9181494661922
692.9889064976228
359.5674603174603
86.17771211481637
644.0241977906365
644.4660347551343
31.78791859802196
676.7387862796834
659.0
676.7356200527704
659.0
13.365717198592582
573.6488794023479
741.79158004158
0.9399025352059349
79.97073716439002
26.077315054319712
352.6217587373168
627.3485456369108
545.0160342063068
511.39669007021064
545.0160342063068
511.39669007021064
90.61683801055848
656.1971830985915
6.615426387014565
655.8757995735608
645.0036706869429
655.6620469083156
57.89948006932409
456.9216201998948
28.319080459770117
28.086659408371748
84.7334438279167
