828.1902058197303
762.1511387163561
796.2198990627253
842.0730972117558
805.645998558039
842.0730972117558
805.645998558039
126.47446764523465
882.1297764960347
878.2464096749811
837.7217015140591
878.2464096749811
837.7217015140591
878.2464096749811
837.7217015140591
878.2464096749811
21.41282814778804
532.6825396825396
509.56832971800435
932.5313681027967
892.0744757772958
1.0514796114401392
41.734272855688054
594.929662193429
929.3832248734635
971.1557067271353
929.0231381055676
109.92362122788762
110.70844986863294
969.6874536005939
984.1115297663904
134.75712891683833
898.6731742588576
939.1058201058202
898.3637020968908
527.3230325504738
925.3890093998554
967.4474678760394
925.4757772957339
108.07209472912082
280.9711096520026
967.3828183873399
42.09182343703011
952.140589569161
908.1088680605624
