551.8885647607934
26.99403799782718
354.655090765588
497.78991596638656
519.5771929824562
497.74621848739497
519.5771929824562
497.74621848739497
519.5771929824562
17.281159142464617
113.56187399030695
32.94276821444451
598.5269005847953
573.0240896358544
598.1567251461988
573.0240896358544
598.1567251461988
62.63200505282499
636.0344023323615
619.3637931034483
35.977098511244854
653.8842832469776
602.874929893438
384.1445086705202
19.336827947083318
116.25031346175767
22.654414074772227
408.4927870744374
21.47208324994997
425.8301657905378
440.14855224506925
24.797557388579833
193.09407772979642
337.883874518437
29.5893747787753
528.7803335250144
267.45609474292314
27.30100559342238
136.39242336610758
529.2843522153673
537.8897864974033
15.168852325486682
536.0621761658031
0.8543893284533265
0.97803463295002
