0.0011522799999994504
0.0030816609999995137
0.002524352000001784
0.0027467160000007595
0.00210246900000044
0.0021190030000006743
0.0023646790000029227
0.002210180999998812
0.00756851400000258
0.002279191999999597
0.0011685240000005592
0.0032485810000011384
0.00275846399999935
0.0030114340000011453
0.002295937999999609
0.0021679700000021285
0.0023052739999975813
0.0023490099999996517
0.007512139000002804
0.002397854000001587
0.0012917110000003618
0.003267671999999777
0.005962251000003249
0.006217469999999281
0.0053266779999994185
0.0019971030000007772
0.002433238000001836
0.002470490000000325
0.007188118999998494
0.0022895590000011623
