0.00393992799999765
0.0049677720000005365
0.004709001000001933
0.004253663000000074
0.0036818899999992993
0.003673716999998078
0.003066862000000725
0.006980678000001461
0.0029210119999980577
0.0031920979999995325
0.004362786999998036
0.005317219999998457
0.00481240000000227
0.004451100000000707
0.0035699890000024936
0.0035468330000014703
0.003342509999999521
0.007389034999999211
0.0032122349999994526
0.0034936439999988522
0.004098379000001984
0.005172753000000085
0.004854158000000552
0.004229022000000526
0.003398779000001184
0.0038692530000012937
0.0032477540000002136
0.00741230899999934
0.0031821089999972685
0.0034469860000001518
