0.0033881999999998413
0.014154114000000106
0.018502826000002415
0.01372892000000192
0.010340951999999959
0.003920499999999549
0.004080970000000406
0.018802214000000816
0.004939018999998268
0.0041586430000002395
0.0033151050000022053
0.014234510999997951
0.018630861999998416
0.01448594700000072
0.010938764999998796
0.004079335000000128
0.004143327000001307
0.01937641099999965
0.004994906000000299
0.004465195000001643
0.0032780959999989534
0.015044976999998738
0.01861112199999937
0.013448481000001067
0.01017222299999787
0.004211436999998597
0.004353805000000932
0.020574968000001803
0.005251280999999608
0.004484104000002986
