0.009119210000001488
0.027638212999999467
0.01335450299999863
0.0035292889999993804
0.0036972589999990646
0.00997291400000222
0.0070742649999999685
0.03931450999999697
0.022339645000002406
0.0024986789999985604
0.009643714999999276
0.029576933000001304
0.014307355999999771
0.003649380999998897
0.0037550159999995003
0.010095622999998
0.007088571000000599
0.04177943000000184
0.023469009999999457
0.0025507090000012056
0.009455631999998104
0.029190784000000747
0.014417587000000509
0.003526498999999461
0.0039572009999986335
0.010091153000001185
0.006730514999997439
0.04093243100000166
0.023384711999998586
0.00269713099999791
