0.003573511000467988
0.0038428360003308626
0.0004597160004777834
0.0021719339993069298
0.0003044240002054721
0.003647421000096074
0.0003013239993379102
0.0005063220005467883
0.0003328989996589371
0.000361585000064224
0.0004918880003970116
0.002114400999744248
0.0003233679999539163
0.0018507320000935579
0.0006315669998002704
0.0007297969996216125
0.0002810259993566433
0.0005402200004027691
0.0006624779998674057
0.0004846259998885216
0.00033831800010375446
0.00029137000001355773
0.0003480889999991632
0.0004257599994161865
0.00030684800003655255
0.000355886999386712
0.00029726600041612983
0.0026819439999599126
0.00027870299982168945
0.0004606160000548698
