0.0008260419999714941
0.0031911000005493406
0.0011589480000111507
0.905759463999857
0.0005853140000908752
0.0024935390001701307
0.0007112560006135027
0.010020005000114907
0.0012657590004891972
0.0018703430005189148
0.0005059760005678982
0.001631390000511601
0.0012072909994458314
0.010505283000384225
0.0008643950004625367
0.0007533269999839831
0.0007891280001786072
0.0007518259999415022
0.0011352700003044447
0.001256587000170839
0.0016557830003876006
0.0015702849996159784
0.0010474379996594507
0.0010567059998720651
0.0010878069997488637
0.0013273069998831488
0.0014484889998129802
0.0020522780005194363
0.0005910019999646465
0.0007526979998146999
