0.0006674039996141801
0.0007685560012760106
0.0005470510004670359
0.0009045999995578313
0.0012659540007007308
0.0007739930006209761
0.000402939998821239
0.0012733139992633369
0.0004166510007053148
0.002267981000841246
0.0009548950001772027
0.0007033519996184623
0.0026521479994698893
0.0007709220008109696
0.0012090629988961155
0.028627106999920215
0.0007625430007465184
0.0054252680001809495
0.0010452820006321417
0.0004422050005814526
0.0016503060014656512
0.0010322580001229653
0.0009834440006670775
0.013949356000011903
0.0005198120015847962
0.0007109059988579247
0.011198276000868645
0.0005380420006986242
0.0008566029991925461
0.0007359930004895432
