0.0003763819999988982
0.0047385369999997096
0.0004056939999994569
0.00045346800000167775
0.000411769000001172
0.0004120089999997134
0.00039111899999966226
0.0003762999999992189
0.0004316400000003995
0.00038070799999978533
0.0025392149999987623
0.0016360269999999844
0.006408500000000927
0.0003886939999997452
0.007027283999999412
0.03190772399999986
0.013096406000000727
0.021072431000000336
0.0003736379999992323
0.004095328000000009
0.00222602300000041
0.005117465999999737
0.0003769219999991691
0.0003987599999994984
0.011859518999999707
0.004902021999999562
0.007652361999999968
0.012200632999999073
0.00449776600000007
0.11477237499999937
0.0033524459999991763
0.011818367000000052
0.00045181800000015926
0.00043428500000075587
0.0052078410000007125
0.0016753669999989285
0.0004142460000000625
0.0005011000000010313
0.005222690000000085
0.0004171999999993403
0.0021435469999993018
0.0023923299999992764
0.0019530509999992063
0.0004246219999988199
0.022991075000000194
