0.0026152589999952625
0.0019371350000056964
0.002803470000003472
0.002959017000009112
0.007288515999988476
0.006077289000003816
0.00285401600000057
0.0024774630000052866
0.003391700999998193
0.005093842000007953
0.008403247000003944
0.0022913939999966715
0.0022629529999989018
0.002151200000000131
0.005284367000001566
0.003193875999997431
0.00276144800000111
0.00264449600000205
0.0023346810000077767
0.0017134849999962398
0.0037642749999946545
0.0035418610000022
0.008685814000003234
0.00454931900000588
0.006569888000001356
0.0038162129999932404
0.004374341999991316
0.006091616999995608
0.0037845330000010335
0.014601366000007943
0.0025130899999936673
0.002002578000002586
0.002814897000007477
0.0029235260000035623
0.0074819710000042505
0.006321149000001469
0.002830670000008695
0.0023843839999955208
0.0032964370000030385
0.004916136000005622
0.008219144999998207
0.0022819379999958755
0.0022410250000035603
0.0023585300000092957
0.005547102000008408
0.0033346219999970117
0.0027158650000131956
0.0027794410000012704
0.002365842999992651
0.001627160999987609
0.0038872660000066617
0.0035994130000034374
0.008577264999999556
0.004613384999998971
0.006667879999994852
0.003821738999988611
0.00435037500000135
0.00615566599999795
0.0037468510000024935
0.014447918999991316
