0.002936262999995165
0.004047409999998308
0.11114691600000981
0.0039054390000075045
0.003917197000006922
0.006025231999998937
0.007156320999996524
0.00507798399999615
0.004998669000002565
0.0023174049999994395
0.0022296600000117905
0.0051036060000058114
0.002610519000000977
0.003069986000014069
0.02680487900001083
0.0026036130000051116
0.025526858000006314
0.0025538000000011607
0.022917474999999854
0.005962855999996464
0.0030461669999937158
0.0034048079999990932
0.003280916999997885
0.004029078000002073
0.0025159430000059047
0.0031016639999990048
0.0038202709999950457
0.002835646000008296
0.00393377800000394
0.0034494650000027605
0.0029967810000073314
0.003924319000006449
0.11297194899999852
0.003695936999989158
0.0039365920000022925
0.005831620999998677
0.007301221000005853
0.005035184999997
0.004963168000003293
0.0025050939999999855
0.0024452509999974836
0.005367429000003199
0.002452606999995055
0.003266185999990512
0.025876679000006675
0.0026457689999972445
0.02583951599999068
0.002454037999996217
0.023465162000007922
0.006115911999998502
0.0034815890000032823
0.003624143000010349
0.00356652199999985
0.004361690999999723
0.0025080380000019886
0.0031835559999962015
0.0038280209999896897
0.0028002410000027567
0.004247466000009581
0.0035791039999963914
