37.30262225372076
39.544703230653646
37.83896477354421
39.544703230653646
0.6934315270805462
38.63616236162362
39.21498127340824
38.63616236162362
2.6897549094230477
39.82494365138993
37.99784946236559
39.82494365138993
37.99784946236559
39.82494365138993
37.99784946236559
39.82494365138993
37.99784946236559
39.82494365138993
0.7143935281422538
2.526672759632498
7.887995143420853
37.36448598130841
39.048835462058605
37.36448598130841
2.4969179245740913
36.98346513299784
38.65063861758077
36.98346513299784
38.65063861758077
36.98346513299784
38.65063861758077
36.98346513299784
38.65063861758077
0.6988713257186163
38.111439114391146
38.682397003745315
38.111439114391146
38.682397003745315
38.111439114391146
38.682397003745315
2.25670138296056
39.72201352366642
38.00862688713156
39.72201352366642
37.921639108555
