26.94523630907727
25.784637473079684
26.94523630907727
25.784637473079684
26.94523630907727
25.784637473079684
1.4547138248297287
0.6982668905324212
37.637995512341064
2.95480476673428
0.7031656865326663
36.69857890800299
36.157700810611644
36.69857890800299
0.7042720427204272
35.11667913238594
34.59911569638909
35.11667913238594
34.59911569638909
35.11667913238594
34.59911569638909
35.11667913238594
34.59911569638909
35.11667913238594
34.59911569638909
35.11667913238594
34.59911569638909
35.11667913238594
34.59911569638909
35.11667913238594
34.59911569638909
2.5348148148148146
37.22355588897224
35.518253400143166
37.22355588897224
35.518253400143166
37.22355588897224
35.518253400143166
37.22355588897224
35.518253400143166
268.2130532633158
255.92555476020044
268.2130532633158
255.92555476020044
268.2130532633158
