12.087885985748219
1.1164258090779564
1.5383244206773619
1.2951341518872215
1.4110007639419404
1.4445202364711232
1.4514896867838045
1.5757162346521145
1.849248790425261
1.1839472487494316
1.2757830404889228
1.1839472487494316
1.4970715558950853
1.2471577989995453
1.4270435446906036
1.381537062301046
1.2750190985485104
1.14006366530241
1.4514896867838045
1.3180991359708958
1.4968169085816145
1.295361527967258
1.4514896867838045
1.4511141427921783
1.036041539401344
1.1604635613995988
1.2028811524609844
1.3539112993091151
1.4585834333733494
1.0744372632048138
1.2038415366146458
1.3530198350791174
1.741656662665066
1.3634945397815912
1.3675870348139256
1.1174504123022064
1.3169267707082832
1.5564965455761088
1.2501800720288114
1.284377089369289
1.5671068427370949
1.239581011811901
1.5253301320528212
1.1158903498997104
1.2897959183673469
1.1976821930020058
1.5342136854741897
1.1604635613995988
1.37046818727491
1.4216625807889458
1.2021608643457382
1.2268776465344329
1.5322929171668667
1.4009360374414976
1.2028811524609844
1.1158903498997104
1.3678271308523409
1.24804992199688
1.2028811524609844
1.1165589480722087
1.316686674669868
1.222420325384444
1.2501800720288114
1.2703365277468242
1.368547418967587
1.1524403833296188
1.3445378151260505
1.1174504123022064
1.2028811524609844
1.074271440466278
1.254699442263995
1.02159739201304
1.1799215038215245
1.0878158109209455
1.0349101425325347
1.174205378973105
1.1774426771328237
1.191320293398533
1.1790952282586242
1.0207823960880196
1.1119603387729808
1.0207823960880196
1.214211939681884
1.117563162184189
1.392480892377608
0.9735126324368378
1.4404048750258212
1.1621841890790545
1.0510225160090891
1.060920945395273
0.9878124354472216
1.3003259983700082
1.0756042140053708
1.02159739201304
1.1330303656269365
1.060920945395273
1.0510225160090891
1.1621841890790545
1.1974798595331544
1.0207823960880196
0.9954593084177437
1.0446205170975813
1.0511959714645405
1.0446205170975813
0.869882026370576
1.0575475874280655
1.1332910857625687
1.1525011066843736
1.0583016476552598
1.3922089420097388
1.2057456696239965
1.4134572819831783
1.1277989015631602
1.1097830898627712
1.3865652724968314
1.238822487826472
1.2040557667934093
1.1097830898627712
1.0591465990705535
1.2616201859229748
1.2032108153781158
1.1097830898627712
1.0583016476552598
1.287959274015051
1.1586396282213773
1.6055776892430278
1.2803126320236586
1.214032757857459
1.1586396282213773
1.543160690571049
1.0583016476552598
1.1082337317397077
1.4055766793409379
1.1890216910137228
1.0999155048584706
1.1903497122620628
1.4678918462188424
1.2310756972111554
1.0583016476552598
1.3913235945108455
1.0842839036755387
1.2755644090305445
1.2832699619771863
1.3913235945108455
1.0583016476552598
1.2403718459495352
1.0591465990705535
1.6073483842408145
1.387410223912125
1.214032757857459
1.3489649345162653
1.1097830898627712
1.0583016476552598
1.214032757857459
1.0999155048584706
1.3019034971226207
1.3286861005492183
1.4154493138556883
1.0583016476552598
1.3010181496237274
1.2032108153781158
1.239486498450642
1.349809885931559
1.33709606020363
1.1586396282213773
1.1097830898627712
1.2032108153781158
1.1525011066843736
1.0583016476552598
1.2616201859229748
0.9888751545117429
1.2600708277999115
1.1006129782287042
1.1088977423638777
1.0583386176284084
1.1097830898627712
1.2048192771084338
1.1088977423638777
1.2048192771084338
1.2607348384240815
1.0589727330374128
1.1082337317397077
1.2056647643204397
1.1808322266489597
1.2043965335024307
1.1525011066843736
1.280701754385965
1.1082337317397077
1.3489748467554428
1.2607348384240815
1.0589727330374128
1.1088977423638777
1.3489748467554428
1.4143426294820718
1.2058761361234411
1.2680389552899514
1.3506658211794547
1.1525011066843736
1.0589727330374128
1.1097830898627712
1.0589727330374128
1.2755644090305445
1.2821813570069753
1.239486498450642
1.0598182202494186
1.3784860557768925
1.0598182202494186
1.1826029216467464
1.2065102515324455
1.4143426294820718
1.2039737898964278
1.2642762284196547
1.0589727330374128
1.8180610889774236
1.283449587824984
1.1522797698096503
1.0598182202494186
1.3908809207613988
1.2041851616994292
1.1219223951152255
1.2998002995506739
1.2696885287414534
1.2516225661507738
1.4593567991896683
1.5701447828257613
1.4031400354520132
1.7673489765351973
1.4598632565206382
1.2506240639041437
1.388959230184857
1.2506240639041437
1.3185616611800455
1.3884173739390913
1.4434033932641175
1.2998002995506739
1.6163585717903266
1.4672990514228657
1.3595847049886047
1.5931103344982527
1.388959230184857
1.5951073389915127
1.4434033932641175
1.4385921118322516
1.2689288427449987
1.8549675486769845
1.3588250189921498
1.2506240639041437
1.5348189415041782
1.4682975536694958
1.268675614079514
1.4218671992011982
1.5332995695112688
1.2516225661507738
1.3185616611800455
2.0743884173739393
1.3945302608255254
1.3409885172241638
1.358571790326665
1.3691962056914628
1.3578121043302103
1.4218671992011982
1.267915928083059
1.5941088367448826
1.445429222587997
1.2506240639041437
1.4434033932641175
1.398901647528707
1.445429222587997
1.339241138292561
1.268675614079514
1.2516225661507738
1.4423904786021777
1.4228657014478283
1.445429222587997
1.2516225661507738
1.3185616611800455
1.5941088367448826
1.268675614079514
1.3691962056914628
1.2696885287414534
1.6872191712431353
1.3595847049886047
1.4248627059410883
1.2884274499873385
1.3429855217174238
1.3185616611800455
1.2506240639041437
1.5917953912382883
1.397903145282077
1.268675614079514
1.4957563654518222
1.2696885287414534
1.4672990514228657
1.388959230184857
1.2506240639041437
1.2696885287414534
1.5122316525212183
1.467966573816156
1.4267932489451476
1.336061507936508
1.3790630975143403
1.8010912698412698
1.446223709369025
1.5007440476190477
1.4519598470363289
1.4623015873015872
1.613527724665392
1.585813492063492
1.338432122370937
1.2435515873015872
1.1974187380497132
1.3328373015873016
1.5262906309751434
1.4074900793650793
1.364244741873805
1.2914186507936507
1.1983747609942639
1.2914186507936507
0.809462915601023
1.5828373015873016
1.275095602294455
1.4377480158730158
1.4629541108986617
1.2435515873015872
1.4495697896749522
1.2425595238095237
1.1983747609942639
1.4136904761904763
1.2739005736137667
1.1850198412698412
1.3613766730401529
1.5173611111111112
1.4048757170172084
1.2435515873015872
1.6923996175908222
1.644593253968254
1.1974187380497132
1.2435515873015872
1.1967017208413002
1.4136904761904763
1.4519598470363289
1.2425595238095237
1.2445028680688337
1.3888888888888888
1.1983747609942639
1.4377480158730158
1.5262906309751434
1.2425595238095237
1.1974187380497132
1.5066964285714286
1.282265774378585
1.2914186507936507
1.470602294455067
1.4588293650793651
1.6902485659655833
1.2425595238095237
1.8637667304015297
1.2435515873015872
1.2445028680688337
1.2435515873015872
1.1974187380497132
1.2425595238095237
1.4471797323135756
1.2435515873015872
1.357074569789675
1.3315972222222223
1.282265774378585
1.890625
1.2748565965583174
1.482390873015873
1.3613766730401529
1.4129464285714286
1.364244741873805
1.2435515873015872
1.5262906309751434
1.4146825396825398
1.4519598470363289
1.4129464285714286
1.1967017208413002
1.2418154761904763
1.1967017208413002
1.845734126984127
1.1974187380497132
1.2435515873015872
1.364244741873805
1.7204861111111112
1.6692160611854685
1.2914186507936507
1.1974187380497132
1.4126984126984128
1.1974187380497132
1.2425595238095237
1.1976577437858509
1.4119543650793651
1.3386711281070747
1.4136904761904763
1.310946462715105
1.5828373015873016
1.2445028680688337
1.242311507936508
1.3606596558317399
1.2425595238095237
1.364244741873805
1.5838293650793651
1.1983747609942639
1.5592757936507937
1.3597036328871892
1.4126984126984128
1.5255736137667304
1.2435515873015872
1.2825047801147227
1.2435515873015872
1.3623326959847035
1.2914186507936507
1.4048757170172084
1.2435515873015872
1.405831739961759
1.4982638888888888
1.3489483747609943
1.4419642857142858
1.4622370936902485
1.4146825396825398
1.569789674952199
1.585813492063492
1.3623326959847035
1.5034722222222223
1.310946462715105
1.2428075396825398
1.1967017208413002
1.4126984126984128
1.1974187380497132
1.2425595238095237
1.616395793499044
1.3199404761904763
1.5282026768642447
1.2435515873015872
1.3613766730401529
1.6783234126984128
1.5432600382409178
1.2435515873015872
1.1974187380497132
1.4293154761904763
1.4082217973231357
1.3308531746031746
1.2445028680688337
1.3603670634920635
1.2445028680688337
1.4156746031746033
1.1983747609942639
1.2418154761904763
1.2445028680688337
1.4156746031746033
1.318355640535373
1.5066964285714286
1.1983747609942639
1.5620039682539681
1.310946462715105
1.4377480158730158
1.2825047801147227
1.4136904761904763
1.4933078393881454
1.5868055555555556
1.5184034416826004
1.5756448412698412
1.2445028680688337
1.4136904761904763
1.275095602294455
1.2425595238095237
1.2445028680688337
1.2425595238095237
1.3613766730401529
1.2269345238095237
1.1971797323135756
1.2914186507936507
1.3606596558317399
1.585813492063492
1.1983747609942639
1.4146825396825398
1.1983747609942639
1.3881448412698412
1.3652007648183557
1.2418154761904763
1.6111376673040152
1.3601190476190477
1.5246175908221797
1.4578373015873016
1.3623326959847035
1.2425595238095237
1.5253346080305927
1.2425595238095237
1.2445028680688337
1.408234126984127
1.364244741873805
1.4126984126984128
1.1419694072657744
1.4588293650793651
1.77868068833652
1.4588293650793651
1.4048757170172084
1.6004464285714286
1.1974187380497132
1.4126984126984128
1.8231357552581262
1.412202380952381
1.2832217973231357
1.8449900793650793
1.2445028680688337
1.2425595238095237
1.1967017208413002
1.5848214285714286
1.1974187380497132
1.4136904761904763
1.3613766730401529
1.3888888888888888
1.310946462715105
1.2435515873015872
1.1983747609942639
1.1850198412698412
1.3606596558317399
1.2425595238095237
1.1983747609942639
1.4136904761904763
1.1974187380497132
1.2435515873015872
1.1974187380497132
1.4126984126984128
1.1974187380497132
1.2435515873015872
1.3623326959847035
1.3888888888888888
0.9809746328437917
1.5510912698412698
1.3613766730401529
1.4136904761904763
1.3465583173996176
1.4129464285714286
1.5688336520076482
1.2425595238095237
1.504302103250478
1.2435515873015872
1.310946462715105
1.2425595238095237
1.1976577437858509
1.5868055555555556
1.3623326959847035
1.5456349206349207
1.5023900573613767
1.4293154761904763
1.2160611854684513
1.4126984126984128
1.3623326959847035
1.2435515873015872
1.3623326959847035
1.4126984126984128
1.1974187380497132
1.4126984126984128
1.4055927342256214
1.4129464285714286
1.1983747609942639
1.2619047619047619
1.1983747609942639
1.2914186507936507
1.3293499043977055
1.4126984126984128
1.1974187380497132
1.5825892857142858
1.3415391969407267
1.4129464285714286
1.2445028680688337
1.472718253968254
1.310946462715105
1.2435515873015872
1.3632887189292544
1.1850198412698412
1.446223709369025
1.3603670634920635
1.9861376673040152
1.3742559523809523
1.1974187380497132
1.4119543650793651
1.1983747609942639
1.4126984126984128
1.1976577437858509
1.037044701986755
1.3974013238538858
1.3330773169482848
1.3974013238538858
1.3018433179723503
1.2292228487374357
1.6359447004608294
1.5207158617308163
1.5040962621607783
1.315518509438588
1.4592933947772657
1.396420691345918
1.480542754736303
1.3446923265506252
1.282642089093702
1.3993625888698211
1.6349206349206349
1.2765383672468742
1.553763440860215
1.228242216229468
1.6264720942140296
1.315273351311596
1.4039938556067588
1.3523131672597866
1.3036921476859074
1.4295022152723482
1.3538741549661986
1.711753974459213
1.4261570462818514
1.4844930935626792
1.5683827353094124
1.3059682043262966
1.3538741549661986
1.5553818087047173
1.579563182527301
1.357049778472765
1.7241289651586063
1.3057075840500392
1.3036921476859074
1.3057075840500392
1.3036921476859074
2.080271045087308
1.6635465418616744
1.3057075840500392
1.3010920436817472
1.583268178264269
1.812792511700468
1.3059682043262966
1.2423296931877275
1.306750065155069
1.531721268850754
1.399270263226479
1.575143005720229
1.306750065155069
1.4802392095683827
1.4837112327339066
1.6336453458138325
1.3057075840500392
1.484139365574623
1.7438102684388845
1.7059282371294853
1.8451915559030492
1.7067082683307333
1.6664060463904091
1.3952158086323454
1.5019546520719311
1.4820592823712948
1.6382590565546
1.2423296931877275
1.6664060463904091
1.3538741549661986
1.3049257232212665
1.4810192407696308
1.4847537138389366
1.6617264690587623
1.4844930935626792
1.5184607384295372
1.3057075840500392
1.484139365574623
1.306750065155069
1.3036921476859074
1.4847537138389366
1.6614664586583463
1.306750065155069
1.7090483619344774
1.357049778472765
1.4810192407696308
1.5694553036226218
1.4563182527301093
1.6382590565546
1.579563182527301
1.5019546520719311
1.4006760270410816
1.4844930935626792
1.4820592823712948
1.6632786030753193
1.484139365574623
1.3057075840500392
1.8502340093603744
1.3057075840500392
1.3026521060842433
1.4295022152723482
1.4261570462818514
1.7109721136304405
1.6128445137805512
1.711753974459213
1.576443057722309
1.306750065155069
1.3036921476859074
1.3057075840500392
1.5283411336453459
1.4295022152723482
1.3978159126365055
1.99895751889497
1.4810192407696308
1.8087047172270003
1.4820592823712948
1.6382590565546
1.3871554862194488
1.5019546520719311
1.3026521060842433
1.4855355746677092
1.484139365574623
1.4837112327339066
1.8408736349453978
1.4855355746677092
1.5072802912116485
1.3057075840500392
1.3036921476859074
1.306750065155069
1.3036921476859074
1.4844930935626792
1.4810192407696308
1.487620536877769
1.52938117524701
1.306750065155069
1.3026521060842433
1.4844930935626792
1.6596463858554342
1.4855355746677092
1.6614664586583463
1.6382590565546
1.5733229329173166
1.306750065155069
1.4261570462818514
1.357049778472765
1.533801352054082
1.3057075840500392
1.3026521060842433
1.4829293719051342
0.9243542435424354
1.3215603584607274
1.4283854166666667
1.6863468634686347
1.4283854166666667
1.4143384290985768
1.25546875
1.7303637322087506
1.4864583333333334
1.5044807590933051
1.5786458333333333
1.4061676331049024
1.3559895833333333
1.4061676331049024
1.4947916666666667
1.5013178703215604
1.8177083333333333
1.3205060622034792
1.3893229166666667
1.3205060622034792
1.81875
1.3205060622034792
1.3559895833333333
1.3205060622034792
1.4028645833333333
1.5015814443858724
1.3046875
1.4760147601476015
1.5778645833333333
1.4757511860832895
1.4833333333333334
1.4457037427517132
1.3559895833333333
1.5023721665788086
1.3046875
1.4364786505007907
1.3046875
1.4760147601476015
1.0972404730617609
1.3832136940916622
1.4478028956057911
1.9536167863059084
1.4498348996697994
1.3202650469353947
1.3627127254254507
1.4729431253451133
1.2725425450850902
1.5726118166758696
1.5996951993903987
1.5728879072335726
1.6220472440944882
1.3832136940916622
1.36499872999746
1.9155162893429045
1.4478028956057911
1.721148536720044
1.3931927863855729
1.7653230259525123
1.5819151638303277
1.3832136940916622
1.2146304292608585
1.623964660408614
1.4226568453136905
1.5472114853672005
1.2727965455930912
1.5759249033683047
1.2725425450850902
1.8429044726670347
1.2735585471170943
1.7611816675869685
1.2735585471170943
