0.025007663999986107
0.000321911000014552
0.0002810180000096807
0.00034792500002822635
0.0003034130000969526
0.00023900700000467623
0.0003240670000650425
0.0002976430000671826
0.00034248299994033005
0.0003333890000476458
0.0002823570000600739
0.00025188400002207345
0.0002712499999688589
0.0002586530000598941
0.0002587510000466864
0.0002504860000271947
0.0002986020000435019
0.00025342500009628566
0.0002693479999607007
0.0002760630000011588
0.0002579219999461202
0.0002698399999871981
0.00025808199995935865
0.0002936419999741702
0.00025456000003032386
0.0002302750000353626
0.0002471350001087558
0.00024629600000025675
0.0002903559999367644
0.0005434199999854172
