0.00037722100000792125
0.0005381390000138708
0.00037655699998140335
0.0004668820000688356
0.002665684000021429
0.0009167889999162071
0.0004739030000564526
0.00040623999996114435
0.0005073629999969853
0.0004447160000609074
0.0004385329999649912
0.0004085990000248785
0.0005714260000786453
0.0012316609999061257
0.00040255199996863666
0.00045395400002234965
0.0005650399999694855
0.000510978999955114
0.00046463800003948563
0.0006468309999263511
0.00041734000001270033
0.0004145959999277693
0.0011246120000123483
0.00044285999990734126
0.0005228979999856165
0.0012363629999754266
0.0005092239999839876
0.00036629599992465955
0.0004802440000730712
0.000409718999890174
