0.35345760359378847
150.60117773019272
0.44338954040356765
131.51410934744268
0.4608888419719202
14.311427457098285
0.8730707157956947
156.8205529473135
47.43673654049163
159.75266632808533
160.54768108389786
0.8500209480140118
13.707536217253041
39.74287890327494
9.029892642568699
95.22894056847545
15.043053545586107
24.981386055316015
128.11038306451613
12.928645455487615
0.13913182527624024
136.73552425665102
7.008644354885813
25.56035307880464
119.87231920199501
48.14316050256592
123.91834677419355
20.22755759555124
115.50302419354838
133.86821705426357
0.14749466149883445
11.204036458333333
37.68537291817523
86.52546483427648
12.901367565475423
7.3964090079123554
48.901729559748425
126.23642820903095
26.476153590793405
121.39269406392694
123.7918647649234
285.8114635904831
214.46648044692736
856.9954337899543
9.483392085795144
