97.17590822179733
70.06944444444444
6.456585860447968
115.0867924528302
0.8263123647019296
6.525530128836819
29.613112817483756
108.5956678700361
122.81831085876509
13.475892857142858
125.12377358490566
18.798126951092613
122.70566037735848
120.61949458483754
126.08150943396227
36.17774699907664
115.83296378418329
53.24312086381052
35.71546291808046
110.48833709556057
17.267094017094017
109.77962264150943
7.83588143525741
116.70037735849057
106.0475161987041
111.16981132075472
102.49028077753779
111.73584905660377
14.42315769377625
84.11104582843713
102.95090252707581
107.00679245283018
7.039179645932089
10.742641509433962
93.26954177897574
11.706484355339317
6.938857782754759
98.49454545454546
50.666533226581265
80.56041512231282
28.599252801992527
14.666238602799538
37.69693945442449
81.8129963898917
15.259075535512965
