1.077144598015492
14.451375989535824
12.120175895368826
7.214119970408864
11.646428781575967
5.492151714797894
13.320805333263802
0.9438658352194879
10.839264523316919
38.62779282031805
0.9548827625221077
13.900046545475222
13.526376635304617
6.5733566995026935
12.866121676925406
4.109678213400823
11.68376152577831
0.9058063325800845
12.302793700729454
50.79559071859018
1.0017435036821132
15.91775671013876
11.409635907094911
7.35487979303024
11.09812207756831
5.0489248388805805
12.133565141455597
0.954967870236872
11.402009408440076
49.7695441200793
