11.393216650733189
7.49511009902378
9.564781812727116
9.573741617683785
1.1192023707115353
0.7226712939270099
0.1482050116173779
21.49467623853464
18.229542804899445
16.12480455927223
13.257352148157464
7.4131340011411995
10.272389927443438
9.806206329646063
1.2046788313972083
0.754445424088102
0.15876228058512454
22.394739909245477
18.016628687435098
14.478076573745808
13.609536214563342
7.502927530138454
8.914753380175284
10.201056286763954
1.1838578350815903
0.7353260163872141
0.14950327682615894
24.966462891566387
19.039695387083185
16.565532454372594
