5.511891327182076
26.328672755918245
19.148243371767904
8.632555639126926
8.826756554866744
3.995682391480139
1.1352717490923043
4.325007165376378
0.9828852906042405
7.965181749325254
5.408185794086701
29.974170205045926
23.47928713716269
9.83699882258259
7.942564880877173
4.1547418365296584
1.1218867206340584
4.718526124093069
1.072685404557468
6.059558251900035
5.131311605403467
24.297893842176364
22.59000243735324
9.899546311903954
6.990068456834739
4.633042914327147
1.2938398792101204
4.965866956521222
1.071981094629343
6.8767014500567205
