2.585342971244381
1.2613911380074372
0.761999075840124
7.716732136825146
10.689938005776737
30.958174686483005
23.79350642924911
14.616928455770935
24.326295649868115
39.94206534206579
2.5078639355017693
1.2157955352233931
0.7451695716059431
8.831279689751154
10.403674697081383
33.712884054833964
26.492130162973826
15.936089646270904
23.16147986220749
33.40413474308343
2.5194308512849313
1.2280892252078464
0.7711689179209901
8.472860469981807
9.03133100950847
32.17697967404003
23.979604544599745
15.026255529456165
20.10873448570192
36.41249928224968
