58.394540376242205
5.945348037602536
22.2978276665594
8.204598574049939
7.5680277411950385
8.237040969570437
9.179367019852322
7.059216480437573
3.6516256311118367
7.300145590516371
67.09502517983054
6.121981615502103
24.07134857580089
6.695494125779948
7.000358504461726
8.071958116617571
8.388083474883013
7.674772013662981
4.050834597887558
8.235448355392679
62.436398039503736
5.821476837639755
24.992065075984318
8.339395633920617
7.725429224657112
8.133128966745751
8.999717345155188
7.99686446339556
4.460872770458928
7.981944785925228
