6.853643654340297
198.0370174206841
351.5675222147607
343.9731321371564
345.82066219944033
4.453273664364494
304.7245740403089
298.53040491207696
2.7020351753311482
191.47596039452912
2.14455812986632
210.09190946294592
203.37558367626897
194.48175223284457
208.8581295880442
188.3899491085127
193.49063528327244
199.1016342359533
236.39477436384374
174.10821658448378
197.42936578868517
198.24146766076976
208.418781766628
199.33372561316423
202.16564500786507
209.7143513624763
215.7779518312168
198.62081431328969
191.39671687359413
224.623516385767
208.41109666797877
207.02950729697312
2.313734681032956
219.3355443168186
216.33155051565691
186.26392027747607
217.95936448792853
197.54388420055898
198.0828273176094
5.390250819321346
207.07090738112942
166.7730691242942
204.40592580640103
171.18609569343096
187.63704006108009
