220.6410824178936
254.3098197247139
260.384471829565
234.09588522325967
211.5679289523265
225.558546075834
202.3114481348264
244.566122537611
269.857550599009
239.9624168943311
235.7506082448658
222.18248920069564
260.2757029057526
266.75880890644237
235.76631567772748
243.76953452722248
247.35669097487428
233.70771234170118
228.46568749611316
221.5783115900633
244.9128605595509
235.6813685455615
214.57671373721803
240.9304876004377
249.54450367121058
260.4747590562471
206.91717057320352
246.40274999388046
215.9438797371822
236.45137059880525
248.7338424693277
261.1633803676868
243.23268204541134
265.89526454287574
239.70777250899528
3.109623168224869
253.38100125659184
241.2908200928227
215.3982606855253
226.06892023237955
5.67342786291524
266.40215880294573
268.1890158982792
248.53791316517064
1.9647288285556626
