278.53600150062357
258.3173771709516
2.431363411171349
234.89999087813453
232.50695688752683
235.08465013285903
261.7997120668145
283.2205394120743
235.92247320227352
282.47484347941503
240.69927665995746
2.124406663348059
279.00479461686314
265.16126785133184
228.09225769866
240.35095962473923
270.0424557757456
290.3663062748636
254.51167324588516
277.1241232743772
288.28518581651025
286.7514428126323
279.617632366509
249.0226831996011
265.83656654361323
296.3391660780735
8.486616043451642
251.09976855208373
2.43090905076559
1.7608401983732085
267.4469858537512
284.3625508073162
227.3217074375168
264.333048191965
288.9154695165636
188.65830930404326
265.41739576386567
273.4041077439107
252.30324094132348
237.84145934620696
224.7439373673518
227.33388119688732
257.8842696959026
253.84844759516943
260.3768104712792
