0.007483041000000412
0.0007617839999909393
0.01502392000000441
0.02289218300001039
0.0010151190000016186
0.0004139400000013893
0.003719209999999862
0.0020647039999914796
0.0035349650000000565
0.02841835099999912
0.0031542170000022907
0.003853749999990441
0.0007074890000069445
0.0005313959999995177
0.0015287590000099271
0.0005621030000071414
0.00951493899999889
0.0005591399999929081
0.0005808109999918543
0.00134410500000115
0.0005126400000108333
0.0008488389999996571
0.0009937450000023773
0.000491800999995462
0.001480336000000193
0.007782112000001007
0.0009402380000125277
0.0007225330000011354
0.0017735979999997653
0.0003664649999990388
0.008366233000003831
0.0007069410000042353
0.015446984999996971
0.02348637499999029
0.0013475359999972625
0.00037312499999586635
0.0039712610000037785
0.0021568039999948496
0.003749772999995571
0.02850343500000463
0.003360784000008721
0.004075686999996719
0.0007764409999992949
0.0004945010000056982
0.0015375889999944548
0.000565559000008875
0.009663727000003064
0.0005579759999960743
0.0005063489999912463
0.0014235880000086354
0.0006066220000064959
0.001001639000008936
0.001146804999990536
0.0004524490000079595
0.0015213519999974778
0.008392986000004043
0.0010335409999981948
0.0007852100000036444
0.001844515000001934
0.0003937950000079127
