0.0038612669999995575
0.0003717180000002429
0.00041759100000060556
0.00045588800000029295
0.0003843999999997294
0.000346693000000009
0.0003811410000000848
0.0007585829999996463
0.00041584599999922034
0.0003580380000016703
0.00036147399999997276
0.00046650600000042175
0.00041149299999965194
0.0005092639999997317
0.0003845959999999593
0.00036883499999973424
0.00035799599999997156
0.0008106800000007297
0.0003570269999997322
0.00032536600000021565
0.0004555819999989552
0.0003047069999997376
0.00037546999999982233
0.0003655399999988873
0.00035071199999947567
0.00038544000000051426
0.00042079199999989214
0.006067418999998964
0.0005630460000016768
0.0003845210000008592
0.004145854999999976
0.0003439579999993114
0.0003535680000004149
0.00046775599999993034
0.0003635060000002355
0.0003715429999999742
0.0003977720000003515
0.0007685159999990532
0.00040997599999936796
0.0003589809999997584
0.00038039500000053295
0.0004725240000000852
0.00035545500000022656
0.00035833100000015605
0.0003980720000003046
0.0004019619999997559
0.0004214310000012489
0.0008218709999994189
0.00033328199999971275
0.00031182700000087493
0.00031961499999866305
0.00033220799999966744
0.00034724800000063283
0.0003677499999987788
0.0003527349999998819
0.0003464380000011147
0.0003630759999992961
0.0060005669999991795
0.0005324140000002586
0.00035889300000135904
