0.00038131800010887673
0.0004002739997304161
0.0004748450000988669
0.023182146000181092
0.00042006399962701835
0.0019376480004211771
0.0004073250001965789
0.00038793800013081636
0.00044251600047573447
0.02507554000021628
0.00047402400014107116
0.0004021300001113559
0.0004871179999099695
0.00039260599987755995
0.0003595360003600945
0.0003830899995591608
0.0003870150003422168
0.0004339910001363023
0.0004503840000324999
0.02368790299988177
0.0003638560001490987
0.000452315000075032
0.00042018400017695967
0.0004871930004810565
3.2566415239998605
0.024332897000022058
0.0004046479998578434
0.00045849600064684637
0.0023559359997307183
0.0003784689997701207
0.0003997769999841694
0.00043124000058014644
0.00038630899962299736
0.0003754290000870242
0.0018655310004760395
0.00039863999973022146
0.0004520490001596045
0.00037220899957901565
0.0016081300000223564
0.02447349199974269
0.0003725520000443794
0.0021910650002610055
0.0010637830000632675
0.0006810719996792614
0.02501504800056864
