0.5662437016614751
74.50625459896983
75.84569288389513
74.50625459896983
1.8732081808912613
77.34681647940074
2.773479909435609
4.902953171834308
5.154762474285987
6.987642045454545
73.00147601476014
74.09513108614232
72.4339483394834
0.7089735554931241
72.6339483394834
73.72209737827716
72.6339483394834
73.72209737827716
2.7551446718419195
2.7984290830298835
69.65468164794008
5.474204742625795
70.68633308439134
0.7182435964453737
0.7098730209450772
68.85977859778598
2.8920684578579317
70.84372652141248
2.008675033254294
8.047342600163532
72.6339483394834
7.27314046605584
74.40073800738007
75.51535580524344
74.40073800738007
75.51535580524344
74.40073800738007
75.51535580524344
74.40073800738007
75.51535580524344
74.40073800738007
75.51535580524344
74.40073800738007
7.913732249856357
71.15350553505534
