52.72510638297872
3.8311258278145695
12.990118034586878
3.925025626006736
2.4949266247379454
8.474816369359916
0.13979312610003464
13.83236409608091
2.832035595105673
22.252185918085598
3.6720894423244292
13.704518779342724
11.756203890006708
7.639361423711071
11.223486682808717
54.433528616493916
3.242466573538216
11.232512315270936
1.6790242028428737
20.252188552188553
36.65257405809606
8.03631205673759
4.925404061334438
35.22318731117825
7.875
2.586924838642515
6.028588098016336
22.686423505572442
8.77257636122178
14.214547881214548
