3.4149560117302054
18.836659502609763
2.244524972427919
9.1491344873502
0.6156050201278712
11.93219743544704
12.296875
0.7270007040600798
30.16216216216216
8.115805356469258
39.95730198019802
6.364931019136627
9.686115214180207
18.3083466241361
2.5871288954453253
17.48872950819672
0.009229323405836506
7.988148702594811
29.569786535303777
4.67035755478662
3.5968704961910642
0.09068995393444451
14.656413232733604
1.70632333767927
5.51998871888881
1.1567994505494505
0.49642560796578794
4.693468884781269
9.644595133625847
2.0495093974571588
