0.5855016582630032
3.5367933723196883
6.085193028180486
7.908755274261603
6.34432387312187
23.187456926257752
18.521965317919076
1.8794642857142858
4.54387369866148
8.230391061452513
21.6665022200296
9.876538867393599
1.5065536315536316
23.83144455601779
10.128635804997952
7.36299142772687
4.16707530647986
3.6858974358974357
2.4538066723695464
7.358179787828029
2.6095617529880477
34.827825377396984
6.3853249475890985
30.02610736286301
27.42738818332413
2.018657146147645
25.99732441471572
21.829113924050635
3.5319203268641473
5.623840604603229
