0.0014934859999999883
0.0016383480000001782
0.0008450669999999771
0.004351903999999962
0.003451190999999909
0.0009954840000001575
0.0008503300000000102
0.0008562699999998813
0.004225334000000025
0.0006606719999999733
0.04258617399999998
0.0017972979999998362
0.002877193999999861
0.0010619119999999427
0.0023625849999999726
0.0013141549999997615
0.00444298200000004
0.0031946360000001395
0.0026098929999998077
0.002186460999999973
0.002290345000000027
0.0023971260000001937
0.002413775999999812
0.00905558300000009
0.0033198909999998527
0.002728081999999965
0.03310015999999982
0.0023376010000000225
0.0018958169999998553
0.0019232200000001143
0.0019564020000000237
0.0021067999999999643
0.004253258000000093
0.0008756669999998579
0.0026570619999999323
0.001982099000000126
0.002049559999999895
0.002197580999999893
0.006268314000000164
0.005959022999999952
0.002847459999999913
0.0025624340000001133
0.007794350000000172
0.0085986549999999
0.0077377940000000756
