0.014187070999999829
0.005278559999999821
0.0064308299999997764
0.003546134000000034
0.002337320000000087
0.0047426349999999395
0.00483606599999975
0.0015147039999998668
0.001662215000000078
0.0014063840000000383
0.0013694189999999828
0.0020678130000000294
0.0021357050000001543
0.00204775700000015
0.009270658000000154
0.009355455000000124
0.002091405999999907
0.002089705000000386
0.00277100699999977
0.0036409809999997655
0.004441632000000251
0.0038586250000003375
0.0024082209999995996
0.002739628999999688
0.002932173000000038
0.003026701999999659
0.002948278000000304
0.002786641999999784
0.002774550999999903
0.0027877869999999305
0.0024584729999999055
0.0014484930000002727
0.0015601099999997814
0.002076830999999668
0.011267951999999859
0.004680582999999849
0.0022364420000000607
0.010705081999999866
0.010550932999999763
0.002875436999999703
0.0012608339999999885
0.0012665809999998778
0.0012282390000000198
0.0012438999999999645
0.0021018679999995626
