0.004074543000000208
0.011472449999999856
0.012455663000000339
0.0020944149999997386
0.017911090999999768
0.016892173000000454
0.01796296400000008
0.017919023000000145
0.021927492000000104
0.022212371000000175
0.02125128200000015
0.00919780800000014
0.009196146000000294
0.009538261000000325
0.009688985999999566
0.006376164999999823
0.006737461999999361
0.004146537999999644
0.004143030000000714
0.002004245000000182
0.002100121999999871
0.01521925000000035
0.004378251000000333
0.005547503999999925
0.01167026300000007
0.003574632999999494
0.007725987999999795
0.0012374959999998936
0.001149585000000286
0.0010215539999993695
0.01912372600000012
0.018409749000000808
0.0036811280000002
0.0037128980000007417
0.0036995369999992533
0.0004410430000003629
0.024714656000000446
0.0019940899999992823
0.03423197199999972
0.029626499999999112
0.0007956980000001224
0.009695146000000321
0.0009068169999997266
0.009445359999999958
0.000454286999999276
