0.004604582999999884
0.018377425999999808
0.019363177000000675
0.019383617000000797
0.01909745900000015
0.00303888399999952
0.002726044000000094
0.024062894000000057
0.02510550100000053
0.02408213899999989
0.008438127999999878
0.006722260000000091
0.009685284999999766
0.010343664999999724
0.035180159000000266
0.0013953070000001233
0.023909021000000585
0.04802477100000058
0.047016311000000144
0.0469969739999998
0.006539884000000384
0.006506228000000114
0.02263284100000007
0.023556764000000285
0.007744776000000009
0.008001274999999808
0.007950036000000438
0.012433252000000117
0.013071628000000501
0.037753004999999895
0.018008141000000144
0.009502071
0.03011515199999959
0.00427285700000013
0.0029319320000000815
0.005209922000000589
0.004107066000000437
0.005934120000000043
0.005944785000000508
0.01103362800000074
0.012193790000000426
0.0028417379999998715
0.0030472560000003313
0.004903354999999721
0.001703444999999526
