0.012318443999999928
0.012483571000000637
0.022890806000000374
0.1275320510000002
0.021814706999999878
0.020353036999999574
0.08176898399999999
0.0534759290000002
0.05352771900000075
0.042544047000000695
0.042757571000000105
0.045966089999999404
0.04448825500000009
0.05063484200000001
0.05971094399999988
0.020018914999999637
0.017989975999999963
0.0015680119999998965
0.003136213000000332
0.0031174710000003714
0.032412464000000085
0.03371829199999965
0.0487928740000001
0.0677979009999996
0.05536376300000079
0.02711478799999867
0.04302685500000081
0.031777140999999176
0.032365668000000625
0.045626732999998865
0.010186488000000438
0.010233999000000438
0.007251984999999905
0.00670339800000086
0.017020292000001547
0.017672987000000973
0.10241262599999956
0.05690545799999924
0.03197000900000013
0.05408993899999892
0.08425742000000014
0.061151567999999656
0.10007762799999931
0.10093683999999925
0.1154851180000005
