1.7298162273071949
2.5243364151506116
96.70417633410673
95.05017103762827
96.70417633410673
2.5842049557962894
96.30510440835266
94.65792474344356
1.2093999884945061
95.88597491448118
96.8491879350348
95.19270239452679
96.8491879350348
95.19270239452679
96.8491879350348
95.19270239452679
96.8491879350348
95.19270239452679
3.4822432215428325
64.2884834663626
65.40719257540603
64.2884834663626
3.4954043550675467
2.3462148401635923
65.22041763341068
3.1656539814518707
2.226853815601743
66.68475750577367
65.54937570942111
1.3542474276142618
64.53135689851767
1.3543889634965205
62.961407491486945
64.05196304849885
2.224163458691146
66.53944315545243
2.386370802459404
70.24013921113689
2.220014089206926
3.2827316454358053
5.233643988816403
64.99652777777777
68.36226851851852
68.36226851851852
68.36226851851852
