79.77474150664698
77.6527677929547
81.15326821938392
77.6527677929547
1.9892181787815244
77.06182602444285
80.53568745304283
77.06182602444285
80.53568745304283
77.06182602444285
80.53568745304283
77.06182602444285
2.1473824870303413
78.55930984902948
82.10067618332081
78.55930984902948
75.87002253944402
72.59741193386053
79.44778362133734
2.2521153590572807
75.03616236162361
76.16029962546817
75.03616236162361
4.795680203284551
77.16752767527676
78.32359550561797
77.16752767527676
2.8504261678104936
1.2015648016227571
72.73189964157706
76.22915101427498
72.73189964157706
7.91311844077961
7.191672597864769
75.6876404494382
74.35099337748345
75.6876404494382
74.35099337748345
5.274038711016553
75.00811808118081
72.94307116104869
71.86642066420664
72.94307116104869
71.86642066420664
1.8812285511608735
