7.0
3.2616667467679146
89.06233595800525
86.61837906828335
307.0743275945516
2832.408163265306
2935.370786516854
2832.408163265306
2935.370786516854
6.591943679864493
82.2556142668428
72.5905137540453
3320.836087243886
3204.3526785714284
3320.836087243886
3204.3526785714284
3320.836087243886
2.8987456762517034
4.428656105183748
61.91979301423027
65.39974126778785
2.0265452119706486
57.05958549222798
56.29392971246006
57.05958549222798
56.29392971246006
1.0083067020239795
57.403225806451616
57.888744307091734
57.403225806451616
57.888744307091734
6.537248815553014
51.96688311688312
52.78957783641161
9.072846793667829
2.473469566742677
303.7606518241735
95.81298386869739
301.49118475781563
7206.586914688904
1.2743318919685263
0.8977547108754637
46.7169689119171
117.99228292533347
1.6224098145850485
