0.999778891509434
27.686583990980836
43.140026075619296
32.41254523522316
12.811368209255534
19.37047970479705
26.14242424242424
46.69795427196149
133.43682310469313
16.564380264741274
14.185017026106697
119.46344339622641
31.747732893652103
24.20777802053747
28.185765983112184
11.067681895093063
15.215922798552473
13.68645948945616
25.88029661016949
103.7239336492891
67.82243517474633
104.4375
16.15126050420168
59.25471698113208
70.56567593480345
33.2722749886929
47.677210056772104
56.09510357815443
1.7626602450598485
82.88055376690276
