5.963758389261745
1480.3364548494983
5.066134316134316
6.675386313465784
16.328964904486895
4.178694158075602
170.65043567401332
28.06703146374829
5.949127288207748
0.1988089683726364
10.941680335338072
288.14334470989763
19.656638325703074
28.14407894736842
129.81546507284273
31.87403195512903
1.394003777148253
25.619110816191107
2.3988470873786407
1.9187157081893924
4.953141537573367
539.1596530677803
7.188467407891868
11.294607926518115
19.875512995896035
38.533867276887875
8.632749326145552
12.224237311964009
7307.037614678899
98.35982757714346
