9.789218519000002
4.278364578000009
3.166427729999995
3.1861388920000024
2.71306367599999
2.63295895600001
2.594891885999999
2.617918875999976
2.6497397490000196
2.5866436949999922
2.5611466959999802
2.573912273000019
2.7687914719999753
2.775873206
2.9415191370000002
3.0073064290000104
2.894896195000001
2.765491075
2.7912557019999724
3.125563535000026
2.8568880529999774
2.853621388000022
2.5306287120000093
2.54277164399997
2.598432796000054
2.6791050090000113
2.7816007449999915
2.629090974999997
2.636074619999988
2.5445162789999927
2.5620236450000107
2.6588179190000005
2.6525189590000195
3.165226521999955
2.9856878619999634
2.929631812000025
2.9478909449999833
2.983399523999992
3.4231097320000003
2.681346142000052
2.5989530200000104
2.533541295999953
2.5368136199999753
2.4932017119999728
2.82048067300002
