2.4600594950002233
2.4614539369999875
2.5507888629999798
2.5169895379999616
3.167171620999852
3.2252596710000034
2.7081496380001226
2.67915361400037
2.7076058449997618
2.6986138490001395
2.971823408000091
2.6044771209999453
2.7815723569997317
2.7797733790002894
2.7701129899996886
2.7484571260001758
2.979866074000711
3.0039117900005294
3.8630312669993145
2.802792904999478
2.800214068999594
2.7215202090001185
2.696971391000261
2.7356928769995648
2.7108198050000283
2.7624455899995155
3.0120106720005424
2.4272623929991823
2.5044626440003412
2.5394014700004846
2.4451628030001302
2.312712924999687
2.3031775339995875
2.395731027000693
2.351472436000222
2.3669380879991877
2.3729078320002372
2.3537972719996105
2.834659489999467
2.4822841320001316
2.5594041089998427
2.5217297839999446
2.5045874509996793
2.4851962800003093
2.6420681820000027
