2.413485109999783
2.467472061999615
2.3370743770001354
2.7460531470005662
2.729117196000516
2.7234629680006037
2.743109356999412
2.7614451540002847
2.8092659499998263
2.776515163000113
2.800063358999978
2.744486293000591
2.5705309499999203
2.539897943000142
2.3637562409994644
2.9572756320003464
2.515795801000422
2.5293477360000907
2.1774433649998173
2.466305281000132
2.4262014830001135
2.39271861799989
2.3892970729993976
2.4199572089992216
2.3864154230004715
2.3733748300001025
2.3126825830004236
2.3435758039995562
2.308287260000725
2.3197097350002878
2.5545045279995975
3.003261890000431
2.3601497390000077
2.4042120089998207
2.688926425000318
2.6685046759994293
2.805225510999662
2.3391158959993845
2.2918802309995954
2.2893738900002063
2.5616273179994096
2.5337574630002564
2.554951123000137
2.2146778090000225
2.1954431240001213
