2.193585267999879
2.283541511000294
2.2284715899995717
2.87917183799982
2.8609783830006563
2.837913008000214
2.8783132469998236
2.7892331520006337
2.241716190999796
2.2459570959999837
2.303741448999972
2.2998286500005634
2.3741604619999634
2.891252483000244
2.4596447519998037
2.330087666999134
2.2633712760007256
2.224184231000436
2.269490219000545
2.269978600000286
3.2166724200005774
3.2540600880001875
2.7352952760002154
2.724531169000329
2.203508132999559
2.056472207000297
2.0872424029994363
2.055761370000255
2.0540110530000675
2.257302246999643
2.234233072999814
2.278527961000691
2.433442335000109
2.4176487490003638
2.451459666000119
2.218004344000292
2.150506263999887
2.6330359939993286
2.224614425999789
2.4178212819997498
2.3342969360001007
2.0533650329998636
2.140122015000088
2.1323396580000917
2.139710090000335
