0.2436913079999954
0.2607520990000012
0.24626244499998506
0.17561898100001372
0.16942679300001373
0.1669671549999805
0.23200085400000603
0.20967540999998846
0.21294804499999032
0.2101344220000101
0.21037340099999824
0.12618377200001873
0.1251575720000062
0.12486781300000871
0.1261028339999939
0.12538237600000457
0.17545708000000104
0.17469047400001614
0.2145904600000108
0.21078070900000512
0.11679218899999455
0.23263003799999638
0.14610587300001043
0.22728900600000657
0.2420544199999881
0.2342249779999861
0.23241167599999812
0.11681462100000317
0.11583340600000724
0.23556870400000207
0.2054940940000165
0.20710251899998866
0.22266840300000013
0.22358691100001238
0.22509956600001146
0.2211391909999918
0.2062973980000038
0.2100652270000012
0.30030557799997837
0.23884091700000454
0.1759356880000098
0.1885156849999987
0.2177681889999974
0.2116964300000177
0.21810754599999882
