0.17190735099998733
0.17478616299999317
0.17447711799999865
0.11738866000001735
0.11930054499998732
0.11570693699999879
0.189231790000008
0.20008582200000546
0.20169709999998986
0.2061618509999903
0.18887005199999862
0.18992340899998794
0.1860544469999752
0.193738202999981
0.18042832499997985
0.16134774400001106
0.1598990610000044
0.08740724399999067
0.06248074699999506
0.15181844600002137
0.15227883800000086
0.1500843229999873
0.15339127400000052
0.1594109319999859
0.17328874399998995
0.1848462330000018
0.14655156300000272
0.14141117700000905
0.14262537100000827
0.15608817800000452
0.1718429500000127
0.18395663499998705
0.18048199599999748
0.17088888700001803
0.15033329700000309
0.18411928099999386
0.15595683799998028
0.14823165699999663
0.13732100900000432
0.1700346629999956
0.12840893500001016
0.16806875800000398
0.1923794520000115
0.19837806900000032
0.1548935609999944
