0.042044674999999976
0.009333837000000011
0.0056922709999999155
0.00567926799999996
0.006664206000000061
0.00663572900000009
0.006072540000000015
0.006416289999999991
0.006039024000000004
0.006352393000000012
0.005853311000000083
0.005588507999999992
0.005813027000000082
0.005642788999999926
0.00576343899999987
0.006181148999999886
0.006509783000000047
0.006047203999999917
0.006364852000000143
0.006451621000000074
0.0063695210000001
0.006509034999999885
0.006461327000000017
0.0064191519999998725
0.006710432999999849
0.0064260190000000605
0.006235236000000199
0.005923834999999933
0.005611917999999827
0.006096384000000121
0.006086352000000073
0.0065848459999999776
0.006164508000000124
0.006244227000000047
0.006181403000000252
0.005995446000000015
0.005604269999999856
0.005430569999999912
0.006184551999999677
0.00639861900000005
0.006077583000000164
0.006319849999999905
0.0062505329999997805
0.006128729999999916
0.00618406699999996
