0.011232332999999706
0.01152430800000026
0.01105372700000018
0.011384669999999986
0.011484932999999309
0.010206489999999846
0.010551076999999687
0.010648136000000363
0.010031266000000372
0.010254963999999589
0.010572973000000374
0.010020452999999208
0.01081370500000034
0.011609932999999018
0.011158557999999985
0.011449376999999927
0.0109150230000008
0.010663220999999723
0.010856930999999292
0.010495773000000597
0.010280114000000395
0.010372500000000784
0.01048454999999926
0.010380529999999055
0.011637459000001016
0.011792100000000971
0.01182818100000027
0.011781331999999978
0.012287088999999085
0.011851136999998957
0.01230470000000139
0.012243351000000402
0.012198363999999629
0.011377979000000593
0.0119389450000007
0.010217829000000123
0.010496322999999919
0.01040290599999949
0.010754438999999394
0.010468710999999686
0.010564762000001338
0.010429542999998986
0.00916933300000089
0.00948695399999977
0.009514411999999695
