0.0003908429999910368
0.0008966609999561115
0.0005085539999640787
0.010633474999963255
0.0007571790000042711
0.004006075000006604
0.0009046530000205166
0.0024937780000300336
0.0005110490000106438
0.0009095730000012736
0.0006090360000143846
0.003042778000008184
0.0004767679999986285
0.0007237269999791351
0.0005696970000030888
0.0011200649999523193
0.001115036000044256
0.001017028000035225
0.0005695059999766272
0.0014614610000194261
0.0011212179999802174
0.0005133329999580383
0.0013896309999950063
0.0007262909999781186
0.0008102429999894412
0.0004510939999704533
0.001125896000019111
0.0014492509999968206
0.0017530829999827802
0.0019602130000180296
