0.001133072000016
0.004156727999998111
0.027408035000007658
0.0052267350000079205
0.0016783620000069277
0.0037756270000386394
0.004683347000025151
0.0005763519999959499
0.0010370979999834162
0.0009301189999746384
0.0016719449999982317
0.0010412699999733377
0.0006468639999752668
0.0016992440000080933
0.001016030000016599
0.0005280059999677178
0.00114357199998949
0.0007400739999638972
0.0010953020000101787
0.0008855730000050244
0.0011247130000242578
0.005985360000011042
0.0005057440000086899
0.0014288410000062868
0.0009277000000338376
0.004033671000001959
0.0007771100000013575
0.0026822639999863895
0.001158961999976782
0.0009381469999993897
