0.0008198860000447894
0.0021960629999853154
0.001660931999992954
0.0013356030000295505
0.004913151000039306
0.003476268000042637
0.0007673439999962284
0.0009163770000100158
0.0016743669999641497
0.0031948429999602013
0.0017647299999907773
0.003234480999992684
0.004640232999975069
0.0014612209999995684
0.0013640779999946062
0.0015383830000246235
0.00048434100000349645
0.0024503180000010616
0.021248608999997032
0.009972419999996873
0.0013418560000104662
0.0031579770000007557
0.0022842029999878832
0.0011460069999884581
0.12085972300002368
0.0008352899999977126
0.003350511999997252
0.10732338000002528
0.002335850000008577
0.0007014579999804482
