6.156787950173758
7.378813733494062
7.749845656716074
1.6384607029332652
8.695717918296479
1.2756930791066363
3.814792867612524
5.995164819172617
8.094973955032204
6.173900197523784
2.0440110081087
2.2715408053266493
8.941678300863027
7.571003246002277
9.896198494774076
5.514558021466509
14.821275847067055
14.60770239980963
2.02503384183233
0.794294779593889
10.067949268701677
11.393560145810733
4.67976701735077
4.963582371936933
4.308336063901108
15.625495731395336
1.0957494392676093
4.861195718654908
4.816418744120637
5.28430841873641
4.555952842861072
4.378588902646755
4.969506704182417
4.985520633247816
0.7397107851781268
6.358599433092665
12.819609514919458
0.6939976268248832
0.8619117130330591
10.176833480828725
26.88902763095508
29.22424792859241
24.889117640403562
26.39038283589184
0.42151766949011527
