16.912793983236362
0.5231631074696297
3.6397315142688305
0.8361288542891013
37.00124228816885
81.6443153838206
0.8138872791081425
38.979871486338105
0.8529083589045328
39.97289150882732
240.80371696076207
27.077883329212305
123.59200216488044
23.750398932313782
63.447217519313554
0.9023309615418615
87.52074076780292
272.5476523860103
6.356243276068742
137.07065649304707
18.953761912703104
131.03001612293787
0.5462456194713248
10.841938446424539
0.8326702406272383
11.203175106850765
96.32375624476046
85.680690966051
1.6433261612302652
223.4913795384344
15.42690558296563
233.38260779838276
191.72105503635157
225.19321490482548
195.77646136763977
208.57415618918162
0.9366753742604059
207.57494607564846
256.90577999372005
258.90215056821097
0.950594563130725
167.35715550785247
183.1706730706306
0.9095958519858514
203.442740546605
