0.0005342810000001919
0.0009645400000000137
0.0003331300000004589
0.00035252700000043546
0.0011125690000000077
0.0010832670000002764
0.0003549770000006447
0.0008014029999996453
0.0003763140000003773
0.0003772359999993924
0.0010391259999993352
0.0003705209999997905
0.0011367719999997306
0.0004570780000001662
0.02966639599999965
0.002461456999999889
0.0010033749999998065
0.00036478900000069814
0.00037029400000054835
0.0003557820000006373
0.0032068960000000146
0.0015697960000000677
0.025977936000000312
0.00039006899999982636
0.0014153879999998509
0.0003770010000003765
0.0003796759999996624
0.0006474829999998377
0.00039547200000011884
0.04075960599999995
0.00036746500000006677
0.0006082799999997945
0.0014357110000000617
0.00035467799999988614
0.0008727980000005076
0.0006151980000002055
0.0003597289999994757
0.0007223300000003263
0.0004075830000003222
0.0003345320000001095
0.0003507350000004905
0.004495257999999502
0.006529034999999794
0.00033653999999927464
0.0007004910000008024
