30.008744102111297
8.362523302628608
8.736692985761174
9.773170480983627
11.575342999689862
10.475060295191915
9.67705667745559
9.316739145180964
7.187243540517676
11.770029973649121
11.672952864436489
11.627145717010077
12.143394259357247
9.985742750807866
6.359998989336784
9.889005424630609
0.7700578168620635
9.156558621705852
4.780328704296087
30.46051253931979
32.24729855537931
19.60492386911767
10.238990820475784
8.96563131414121
8.47791569030224
9.314243476677317
9.891719541235789
8.443023412596455
6.4896188164401565
68.44053959319112
28.69711298067254
7.071850630493761
11.873782827808466
10.003500545432432
10.603261365369987
10.587091089167041
11.043300195366683
8.444189691806661
5.61855763141274
11.071641591227477
10.65377747060374
11.02142306856765
10.988550309412856
9.871309679699095
6.0020456437678895
6.372299558628552
0.8412949731741907
8.459053961156501
5.167383437233533
26.156193811523753
26.453161423494652
16.836473361419614
9.846047899336874
8.478648074779029
7.410551826492903
7.6365955001432
8.289032917569411
8.005938282298326
6.140514841985698
61.20260530262324
