0.7001952985899187
6.833777218209118
6.539420150329946
5.279902081211296
6.7745629552597935
7.751073716514298
6.441453425371003
5.077776591357909
8.531682401674061
6.598215831808552
6.466238235668664
4.944714537432468
6.096587305257415
4.935548163628337
6.04896566787045
6.09360283053926
6.169996312806418
4.519275176390372
6.367952563816931
5.876849455688008
4.46048351340354
6.41278014618247
9.103994992950545
9.802018930925797
9.531701224951243
9.113916562880613
7.964457499193549
0.6720346822923444
7.8040373255246465
12.365009973421284
0.6284300825765345
6.995516894518371
7.37858629739368
5.04874549979255
7.020263764555176
6.668660155082192
6.5736829138251665
4.77985884484465
9.207236521177345
6.853786133531214
6.543124909624475
4.985488567774988
6.347495463554835
6.8416743178741495
5.60343354970542
5.575599185996875
5.583338672270252
4.591613525726107
6.509991538702868
6.183624253174348
5.697079298553924
5.97151483408638
9.899265078543754
9.29451257650757
8.912662480332486
9.22214075820252
9.85189051330138
0.6949439944592352
8.008001292225556
12.155246828392933
