12.354413973232141
10.525193362248956
6.04710400121395
11.300134669141547
12.721267163093547
13.139183714168269
10.88812036815175
10.402447796897071
7.681754637852057
10.81177228381522
11.674725841497368
5.602596185103861
11.410193611535053
3.4041800125577084
11.934374927869559
12.329915949991705
13.13908158019248
10.985654155929108
10.301361641086755
13.565688674411113
10.847960306235214
13.562011249220397
6.834758307457032
11.10552118960147
13.584990732851393
0.563879126274667
15.897591074414265
14.788096168037615
1.1152607602437952
13.24795096458562
13.937600322797387
12.045654907024073
5.00914804386815
11.611895174395357
9.929340946786661
11.070859629817322
8.481165869714477
10.740910523444704
8.69284944137141
11.676463975913864
10.457189162148353
5.324834499332986
13.090232500938063
3.3472308162431057
10.530794544944019
10.24461446779957
9.085639509760481
11.896556939804729
10.3290474417132
12.281799675965052
12.136540768611638
11.18668315889475
7.306604996041382
6.249557061269686
9.191612384838677
0.8245488640088867
13.221257810535167
14.59003396514684
1.1396061156741935
13.24672285252116
