13.350664437117194
23.565420638521676
15.579837874841674
8.454292969352254
13.956870918207324
11.712385815065055
29.577472808495084
5.810892778288653
7.069045938981288
0.7841052594623652
5.777914906559695
6.1156114536119395
11.132422362151846
7.12814263743678
12.203768856162554
12.741999513063996
7.252292309769928
8.234842700293736
2.671355016387897
3.4155137112197695
7.192163242181417
24.606671984787308
67.3951313634121
66.24708462770862
81.4413079031582
13.135416006861192
11.277815149729781
13.327124582182034
14.872509409829137
12.967214577559318
14.572902756048942
21.706421859150353
16.020208974078823
8.89987624120607
11.968949691452654
12.93447487474718
25.387216209677458
4.991105350931417
8.254447630517276
0.7077597184409178
5.55751642035239
6.185106209893907
12.445036181809732
6.47127841134611
11.841577940544774
11.410244760120934
7.828172832003355
8.877793129511584
2.529549897803305
4.089700486016919
7.332867042221444
27.53640434504763
66.77460170749329
64.19330945655133
77.54894832582747
13.407572471489901
12.774639395642367
15.889967423363801
15.819657284213077
14.896932053154822
