11.908774646467162
0.9388948784938772
47.24539812165463
41.261730127275094
39.60640937103415
5.099358974339888
92.12139603453832
83.16686972557811
29.709464179341705
64.66595801778516
71.40325458900607
30.062690496883203
50.44621611144604
45.3675212811424
51.3225933882559
52.6777662919467
47.06039358517891
0.9232980214994069
59.7684433336042
45.933351981176735
51.23514090124331
0.9645749443618693
1.1594974465755061
1.41679694635708
198.13861353381952
203.3749887108901
145.33987072848112
241.08728272250923
214.93195247087505
126.73833260646337
10.744226246155227
0.9408836301459541
60.34695561118935
47.71726781318677
41.8507061594261
5.236091224830926
114.53208061251185
83.14260277496959
30.280235409629885
59.9698607381852
63.79467882475404
29.517544575854007
40.417760478379584
44.876055639316164
56.931499300794016
49.88019881210805
48.9735094921184
1.0095008147761217
55.27589392237254
43.43062975332606
49.108905431471946
0.9801119656143206
1.1672580108692896
1.4169978282998297
222.79577146692384
217.072541790859
138.2291805874848
238.9569624234319
195.07957531764572
125.68591930496969
