5.1179302045728035
5.1352099676972776
7.272138228941684
43.902956785443514
3.91171875
8.014038876889849
1.0127312637190342
1.7904322175195588
5.474594594594595
0.6662971789613701
6.129550321199144
0.9589767076681497
4.735010706638116
9.60075026795284
8.69646680942184
8.590568060021436
4.7122283981808994
16.267454350161117
16.64051948051948
14.57704280155642
16.6420395421436
6.193391115926327
1.744555620953502
5.323784722222222
6.229448491155047
6.105748373101952
4.788761706555671
4.514642082429501
2.4661689220718617
3.6358225108225106
5.1179302045728035
5.1352099676972776
7.272138228941684
43.902956785443514
3.91171875
8.014038876889849
1.0127312637190342
1.7904322175195588
5.474594594594595
0.6662971789613701
6.129550321199144
0.9589767076681497
4.735010706638116
9.60075026795284
8.69646680942184
8.590568060021436
4.7122283981808994
16.267454350161117
16.64051948051948
14.57704280155642
16.6420395421436
6.193391115926327
1.744555620953502
5.323784722222222
6.229448491155047
6.105748373101952
4.788761706555671
4.514642082429501
2.4661689220718617
3.6358225108225106
