0.6407801062869748
14.659807956104252
5.7017687074829935
17.19389312977099
17.231007751937984
3.2588717015468607
18.61353032659409
1.318588531821046
9.307931570762053
4.460856720827179
8.671073094867808
8.525849335302807
27.122083981337482
5.916484203941195
13.898133748055988
12.766716196136702
8.602627257799671
25.237037037037037
2.2923784494086727
22.326151560178307
6.153188180404355
5.763001485884101
5.236391912908243
4.887072808320951
4.7410575427682735
4.413818722139673
4.7410575427682735
4.529717682020802
4.185847589424572
3.158308157099698
0.6407801062869748
14.659807956104252
5.7017687074829935
17.19389312977099
17.231007751937984
3.2588717015468607
18.61353032659409
1.318588531821046
9.307931570762053
4.460856720827179
8.671073094867808
8.525849335302807
27.122083981337482
5.916484203941195
13.898133748055988
12.766716196136702
8.602627257799671
25.237037037037037
2.2923784494086727
22.326151560178307
6.153188180404355
5.763001485884101
5.236391912908243
4.887072808320951
4.7410575427682735
4.413818722139673
4.7410575427682735
4.529717682020802
4.185847589424572
3.158308157099698
