32.1905325443787
12.198566308243727
21.886702849389415
31.506967485069676
30.16657852987837
0.8706142490163561
16.368944923689448
20.778154681139757
0.11790584060472012
2.9379514116874588
0.8425392670157068
16.880879487893125
40.3629579375848
2.4796084828711256
23.93414799728445
2.4842105263157896
6.689110271384404
34.02575873501658
0.9075628034621068
24.265346534653464
1.0248075278015398
0.9110686293251768
0.6859056316590563
2.5604651162790697
7.2561174551386625
10.505604395604395
13.677008310249308
7.689578094439788
21.001354096140826
22.62137203166227
32.1905325443787
12.198566308243727
21.886702849389415
31.506967485069676
30.16657852987837
0.8706142490163561
16.368944923689448
20.778154681139757
0.11790584060472012
2.9379514116874588
0.8425392670157068
16.880879487893125
40.3629579375848
2.4796084828711256
23.93414799728445
2.4842105263157896
6.689110271384404
34.02575873501658
0.9075628034621068
24.265346534653464
1.0248075278015398
0.9110686293251768
0.6859056316590563
2.5604651162790697
7.2561174551386625
10.505604395604395
13.677008310249308
7.689578094439788
21.001354096140826
22.62137203166227
