18.86416540701736
8.757897355127028
17.072112303869407
2.4037254049168015
16.764691043898768
2.597383473853602
12.523983228644566
2.7197862038885843
14.934538566523024
8.301910896672513
30.47459263425152
2.769788988870673
20.647478438109978
11.812888009166414
24.48647614412484
6.086598545848926
12.856228856669597
9.04701247133285
11.540652776786404
5.650371101171417
15.380903624706153
20.26887809829125
5.323074974598301
10.46863722697382
9.878817836279413
32.51951478173676
7.18680588602172
5.896747354342425
7.208585104160426
12.356022024032665
