9.357977251058406
1.6857879563030274
0.2176483283091429
1.2255840405142444
5.6302597413225834
5.163218453467285
1.6374436914369566
12.849645702728768
7.211532565051652
27.57902698547902
28.632262424933632
15.626022069627178
18.38473620499383
4.570062922071312
21.720599785058095
13.097767829264752
7.753231978503409
8.750384421445224
6.682115069581953
8.18771349165735
5.795105951345722
1.2076804068588025
12.933879591068559
4.333487070981704
38.53913765085364
1.6293921839530603
10.856531250349569
9.918008443664728
6.40915319063565
13.634999632318577
