0.0004494540000905545
0.0009221379998507473
0.002221605999920939
0.000982071999942491
0.010510793000094054
0.001356868999891958
0.0006976649999614892
0.0004955969998263754
0.001975705999939237
0.0011207980001017859
0.0019759730000714626
0.0016955329999746027
0.0007075030000578408
0.0018390370000815892
0.0025084139999762556
0.0004552559998955985
0.0017937009999968723
0.0009761850001268613
0.0006405219999123801
0.0007417039998927066
0.000493815000027098
0.000502178000033382
0.0005505299998276314
0.0005714660001103766
0.0009333590001006087
0.0004443509999418893
0.0011494089999359858
0.001854204999972353
0.0009104529999603983
0.0004828090000046359
