600.9963126843658
601.439852398524
610.4501872659176
2.858249087335018
1.1639991186073997
584.8396836808051
616.862509391435
590.254493170381
5.315119866771666
591.9690869877786
618.6543951915853
591.9690869877786
618.6543951915853
567.2508986340762
592.8219383921863
567.2508986340762
592.8219383921863
567.2508986340762
592.8219383921863
2.6735194447855712
2.8221000939599694
597.9947407963937
572.2005751258088
597.9947407963937
572.2005751258088
8.525643880353298
578.0460100647017
604.1036814425244
578.0460100647017
604.1036814425244
2.8457585277481643
601.8576779026217
575.9713261648745
2.5299068559893767
2.0408420059916303
7.956555507980921
598.5415730337079
589.7070110701108
598.5415730337079
589.7070110701108
598.5415730337079
589.7070110701108
598.5415730337079
2.885393445772302
598.0698722764838
