2.7825976500476344
426.451739986868
414.4773452456924
426.451739986868
414.4773452456924
8.195128060617446
1.2079890766467505
2.0659879072078904
419.4864165588616
421.9427456083279
419.4864165588616
421.9427456083279
419.4864165588616
421.9427456083279
419.4864165588616
421.9427456083279
419.4864165588616
421.9427456083279
6.270989069005651
4.793334917218367
874.3557567917205
553.34912394549
14.259067622576426
1276.069980379333
6.1856021149273355
564.6177049180328
551.2432778489117
564.6177049180328
551.2432778489117
564.6177049180328
551.2432778489117
6.298966597114098
1154.0187580853817
1160.7761873780091
1154.0187580853817
11.465480483058608
1036.6099611901682
1042.679895901106
1036.6099611901682
1.213216283290736
416.97262889879056
430.11424819435325
0.9385775831181153
428.87033398821217
416.8586887332909
