1.1869896875458612
7822.133600153707
13888.032607399977
16245.663729478774
171.22452539929265
14648.766838428328
13761.145463202554
13522.09431401722
171.04340747699464
10916.803071705008
16993.372947122825
12187.779117868306
14431.203466619576
12637.139610565428
15452.855237498805
12168.713659935669
15653.698852270487
14605.607719331041
14571.661446516096
16038.033653272318
14130.986748081288
14403.459197037351
15790.00825467618
14953.156781815458
15771.761293729624
15625.655053852686
184.1456636998781
8550.784335643984
134.8862557320082
2237.5797364055697
10477.580204843189
2196.819535087709
131.65436446622255
10974.9487349353
127.45807543087697
10021.034858542018
9889.850722773615
11483.529591151793
10225.384523486338
2636.577029509811
135.87801704450277
9800.668322780377
10568.232327417307
2729.941824608382
9356.335036678818
