7072.38452331329
7829.175428227408
7800.627404164061
116.20854455333037
6024.415954877305
8185.5500153330595
317.0818315899492
8945.801008211023
6648.873553978051
8642.714041309262
6632.306239788823
6371.299398172631
7590.823987563945
288.8205424320131
6782.018721593758
8700.142331223993
6521.010159576748
7134.191567581933
7596.997805219559
545.3976288436841
111.46116803876215
9120.579947712728
7913.02041472823
9660.01530040685
10159.673450766524
333.11945789752434
9000.8189690179
9082.122606092704
9434.424191628781
9161.492751768692
91.70318703320947
7407.120766470793
7205.83517971966
312.4481545506613
6264.4853326283155
310.2241053448381
6540.927578452496
7165.248165127462
5767.797032391144
5824.063036459832
8145.534205571954
7779.755744624196
8219.509887124083
320.81214076777036
7758.259809664423
