2.625205486000141
2.607506879000084
2.5716250369996487
3.311106701999961
2.673840632000065
2.7567622759997903
2.849794523000128
3.112163660999613
2.7583250880002197
2.7914410660000613
2.7544166779998704
2.7523503689999416
2.730176480999944
2.6914348770001197
2.785347961000298
3.03338292799981
2.812452993000079
2.8130616749999717
2.7991670179999346
4.488275066999904
3.334621660999801
3.3141816160000417
3.3173676340002203
3.301571043999502
3.3690594690006037
3.1818374719996427
3.145246187000339
3.1414880450001874
3.1138222679992396
3.1306744650000837
2.6756028879999576
2.677370461999999
2.7144164969995472
2.917473395000343
3.006339038999613
2.8204750460008654
2.8286568359999364
3.037406025000564
2.809517006000533
2.8141930829997364
2.864043137000408
2.819850270000643
2.833865079000134
2.620362446999934
2.5811187310000605
