2.5494089220001115
2.618662523000239
2.5958589040001243
2.686089529000128
3.0848831209996206
3.020491781000601
2.542775019000146
2.5386518099994646
2.5269726349997654
2.5077400890004355
3.26351121100015
3.3755899200004933
2.7964580110001407
2.64651220199994
3.009331179000583
4.116948996999781
3.0698999800006277
2.511221800000385
2.819419528000253
3.150743158000296
2.603080077999948
2.5522543289998794
2.5168546229997446
2.504009745000076
2.4718020769996656
2.4486018549996516
2.430752137000127
2.523518227999375
2.511479306000183
2.381035262000296
2.3593361209996146
2.670832580000024
2.8016174339991267
3.0032112210001287
3.802236836000702
2.511261819000538
2.495480771000075
2.6075340879997384
2.594231111999761
2.9476370969996424
2.9119183820002945
2.9526640999993106
2.8643471730001693
2.8639210410001397
2.5614651120004055
