2.6871137130001443
2.5257289009996384
2.6857473000000027
2.4375434390003647
3.02538842299964
2.4893942749995404
3.3508244919994468
2.7423849549995793
2.660026291999202
2.685359697000422
2.659704877999502
2.6232908060001137
2.63567566599977
2.6534101289998944
2.607162877000519
2.6047436620001463
2.667199356999845
2.6308028639996337
2.977019122999991
3.6637739890002194
3.532746710000538
3.7652007320002667
3.7381664310005362
2.7646846409998034
2.679199697000513
2.700397611999506
2.6768538719998105
2.651927126999908
2.6615994510002565
2.616737201000433
2.591884047000349
2.2993849579997914
2.2848384740000256
2.2973589550001634
2.2779948870002045
2.968862602999252
2.9803743140000734
2.974389799000164
2.945355042000301
2.3396564340000623
2.3198903040001824
2.347852138000235
2.6911486740000328
2.7024280260002342
2.5990356180000163
