4.704358985292553
12.822448129973916
12.899708067939576
10.890841558975339
14.932126962421943
9.864478943599268
13.096857963821849
13.886240156086206
12.448047234897674
14.048137292159838
13.127807692958134
13.449286749288378
7.643955642263433
14.122016307244373
16.769169467435677
14.868551528249096
15.444774512533497
18.991092929150934
14.67629912299094
15.374820060240157
15.07001798859265
13.690484478331383
16.501968462294236
13.460885500486611
17.595049920897505
13.982517276005241
27.46975978573969
29.781171186398232
26.439108671084952
32.393510957662144
27.456410899242176
30.530925404872196
26.409891186062197
26.766694948695626
28.231081618376987
30.17060889815935
2.2156698129544905
13.502478296485583
10.470454892760825
10.336903105158303
10.913238926694637
9.776030749495273
13.519551993295973
11.221575409052496
10.497468295631366
