18.165048414096933
43.971313086919075
114.273835563582
363.76700871063986
354.37837688027565
383.6207479900189
338.4302429381543
335.6405495844022
348.20288237141983
399.04593223862815
428.3838177374546
330.1680759907558
0.9007088701395773
185.63174349381492
205.46864847016047
235.53314808670973
217.85218718700858
0.9062442277282081
11.264051557044198
25.193356639701257
64.82523573024693
68.9274077496008
13.724579023162413
45.818968709183196
46.087994898062306
46.47553199989722
49.34418565935404
46.745259122145775
46.58882600095887
53.045175033677275
46.27907508284278
48.45115269483386
14.52270335129834
43.7197578598553
52.95687176804658
5.488886852026184
93.889388426005
85.94814936264174
104.78465514927811
101.34788369510133
36.97973589233679
98.62837574900307
88.85952632706726
93.64783828267318
98.46377486003915
