206.19130218077066
24.500201385173114
104.94732983857787
457.2969685046176
370.04802293147327
1.8571362033379786
1.8648310627190512
26.165626637131147
27.159664509194936
26.45860360319377
0.6609963876483966
26.025009297325138
0.6423948021683589
0.11189357216313332
0.6490441113565772
4.806795258955281
6.055761895559083
15.649552700470599
254.49473760218612
231.46928656130112
32.891746171262824
27.887549878148516
0.809765407589465
2.5238811447857716
0.6360334929332405
1.5707918545716992
1.203975027228325
25.866445009392997
5.101596888314387
5.253296265747704
25.935505375520368
2.259558095955736
1.5205622783860437
0.6773656195126644
1.615432300631267
22.580777394965665
0.7047865730899104
27.07313175638978
0.6931281681692951
31.575527770928197
2.2675175886791368
217.35149365365692
1.3731525908988174
1.6321595703669916
6.10971520955639
