35.184613217260335
382.5487335591493
24.811173160791487
0.36030725041009937
0.7407474618983663
2.6596641262657577
0.9395822286617286
24.211881041264185
0.3045039378912289
22.352527304082557
1.454079078033752
1.9189938279107308
2.677353146335123
1.7141443307637212
2.17075072614205
20.169090474182667
1.275500543469198
1.9704619458133856
3.920507376716834
0.3798449689748317
83.18606637602235
471.7635924082859
400.3905201779397
32.47987776884845
21.830118963313684
1.4456135147466553
2.1455337729666693
5.977626753687511
3.9254227144822513
1.761482688012818
21.874344959885107
3.8223268806060253
0.9417017241038589
2.9389318144637495
31.71214725932896
1.479093510656703
5.929515441426199
2.0511028308739974
1.6579624366453043
138.4961047128917
3.1421974412063527
27.415398040622904
1.8653324302750043
5.950047542549227
23.046083746029222
