0.8305154991596958
24.56634016526535
0.6306363981195282
0.9573734870348688
2558.5488095979317
5.927375941355716
60.61610301301318
0.9345131370978018
21.340534445252466
31.603195420201903
0.41085114118852706
25.684942765383536
1.1065610529489331
36.97403843596216
32.99000336920787
134.90527894049055
134.64163960211417
59.44436549503122
0.5769548991434121
19.543227680549876
26.854966463055806
2.4444791402457677
438.02913764984294
2.4412574401185134
1.5202825127766122
1237.864445519599
1.4394595018467022
26.440305418303552
3.075950512512731
2.7128259871078573
1.035691154771514
80.20355659563243
86.10482796572934
0.7281146683243693
1.9605585415521567
6.1750106238421605
1.4532416352857453
6.575579099807065
0.8803902111951349
59.77618669171105
659.6088875928444
52.27030490342207
1.8848840320507658
23.93855694029372
1.5996584079545746
