0.0002665349999997346
0.000541012999999424
0.000462652999999591
0.000483159999999927
0.003861794000000529
0.005711658999999258
0.029210969000001086
0.0004924150000000793
0.0006210039999992034
0.0005513179999994122
0.00023180300000014142
0.0005802040000002506
0.00041554399999910174
0.0004525379999993362
0.003629838000000163
0.005867213000000149
0.02718121699999898
0.00047189300000027856
0.0005963790000009794
0.0006539579999991219
0.00023415999999976123
0.0005644689999986241
0.000461073999998618
0.0004394639999993899
0.003599987999999499
0.005614272999999059
0.0276194080000014
0.0004079659999991492
0.0005788330000005004
0.0005884260000001973
