0.0018138849999989048
0.0003968749999998522
0.0004721829999994043
0.0004799230000003263
0.00029725800000157676
0.0005732340000008662
0.0019368049999997083
0.0005582400000001542
0.0023969439999973474
0.00029837800000009906
0.0018506939999998195
0.0003424340000002246
0.00038200900000084914
0.0004229539999993648
0.00035711599999999066
0.0005760109999997098
0.0020964629999991047
0.0005161900000008046
0.002241234000001313
0.000406476000000211
0.0019130829999998156
0.0004106530000012043
0.00042258300000064253
0.0004172469999996764
0.00034868699999890396
0.0005150029999985151
0.0021770190000012235
0.0004655020000008392
0.002222013999999106
0.0003689500000003676
