0.0014368259999990585
0.003672920999999718
0.014848081000000235
0.0006295489999992299
0.0004184259999995277
0.0004525250000000369
0.0005255660000003104
0.0005806200000009198
0.00038729599999953734
0.0005062599999980932
0.0014634529999995038
0.0036311779999991245
0.01469072600000132
0.00056395700000067
0.00042621200000070303
0.00042419099999690957
0.0004852070000005426
0.0005450759999980903
0.0003897389999991674
0.000571546999999839
0.001385297000002339
0.0033550160000004325
0.01450317400000145
0.0005843690000020274
0.00046560899999903427
0.00041562399999861555
0.0011354000000025621
0.0013507249999982207
0.000990292999997422
0.0010275630000009528
