305.18547269938693
429.0250468749562
211.66695184193128
648.7089725904776
868.4104850174429
835.6418737866627
123.8371362134796
63.86616857918392
104.86328357397501
43.127761757935595
936.3464600376889
1087.0230948082421
354.9776310714515
39.96009046153387
818.8808021262456
59.36279594295354
446.25479513077664
573.792874100348
907.8353128862791
55.98356207201346
481.8370942071414
590.8035506307363
1038.9811301498291
536.3792907119575
2.751609528159842
706.9749823890803
1087.624043428618
234.29005555380405
1231.3560454934936
308.6769443977926
