389.75240092680053
893.2908741162967
423.8058853763564
245.18948429060092
323.9117683935671
685.4340608343873
385.2631063240896
843.0485539219268
465.11605716834424
493.4602189718362
333.0507842821985
577.8271059260466
302.48703155352655
212.51274365534283
70.47262711793367
396.74905702380494
922.4741170250138
46.670931899892544
732.2197931574026
212.83717334612604
493.48800173242364
710.8783353170409
215.62422649217825
617.6088195359833
2.0543117148681427
191.23730522571063
420.62364299921836
824.3822951394017
336.6411151830924
121.26047785575764
