630.2095169263484
211.50607095869313
232.12153087875865
427.3397910250789
204.54341731894064
350.11234487240756
1216.082807388593
285.50834656255336
444.0734242329216
313.0079316905795
265.95593188800717
106.82492777400316
854.3756297489196
139.00161721189428
29.612747951891745
90.44203786995492
401.0370131961635
672.553743528745
132.62723926444565
563.1669577239642
676.4652493731566
855.320780363156
1044.362236740811
412.38734449061735
632.1724572942001
705.0435095986564
531.8463545242319
174.21141422762446
835.841501135208
189.98865136198552
