2.449743363977177
1.9957308500015642
2.4942081680055708
2.3919868559751194
1.9229562289838213
2.0383479750016704
2.0556616229878273
2.0307569860015064
2.560655145003693
2.0030829930037726
1.8891931039979681
1.9788743749959394
1.9996846440189984
2.0149034229980316
2.49697892300901
1.9599035440187436
1.9949214519874658
1.9396503590105567
1.9842760140018072
2.443849161005346
2.4319066570024006
1.9512154429976363
1.9600049360014964
1.995575576002011
2.394458273978671
1.8442391879798379
1.9145387730095536
1.8625277660030406
1.9371456909866538
1.9509543839958496
