1.913452403008705
2.0096853290160652
1.937520418985514
1.9104052500042599
1.7990289609879255
1.8918187899980694
2.025164185994072
2.0194469330017455
2.5219561890116893
2.5347829649981577
2.61872297199443
2.5177434950019233
1.96259575500153
2.506360647006659
1.933330069994554
1.9065880459966138
1.9205121779814363
2.3447120070050005
1.9548806739912834
1.9120090880023781
1.8869207740062848
1.8564165270072408
2.609903614007635
1.9609485380060505
2.4525521180185024
2.503021621989319
1.9269798300229013
2.155700061004609
2.488816326018423
2.0509924829821102
