0.0016551589999984628
0.0010021249999994097
0.0007917240000008263
0.0010905640000000716
0.0009385240000003847
0.0029342660000004628
0.0007287969999989485
0.0009087989999994051
0.0008648709999992121
0.0007097409999996529
0.0008107549999998298
0.0008112560000004265
0.0007949250000010011
0.0007068759999988572
0.0008025269999993867
0.0007164260000003253
0.0008353120000013092
0.0008025580000001753
0.0007811449999994835
0.0008265650000005564
0.0007638490000001497
0.0009366050000014781
0.0008264130000004144
0.0008083400000007401
0.0007906359999996226
0.0008441420000000477
0.0009160690000005189
0.0007963380000006737
0.0007453889999986529
0.0007066439999992014
0.0007934380000005348
0.0007474450000000132
0.0008757609999996419
0.0008599209999999857
0.0008365409999999684
0.0008535200000014953
0.0008141429999994898
0.0007943869999991193
0.0008893849999989101
0.0008790629999992916
0.0008193290000004794
0.0008153839999991419
0.0008464819999982609
0.0008631829999998786
0.0008331629999993595
0.0008499199999985052
0.0008401310000003548
0.0008242290000008978
0.0007479689999989603
0.0007733559999998363
0.0008980950000001542
0.0007626980000008388
0.0008582150000009392
0.000757334999999415
0.0007819960000006176
0.0007415070000007518
0.0007683500000013055
0.0007603280000001433
0.001248543000000879
0.0008255930000000689
0.0008146100000008261
0.000790470999998405
0.0007791650000008588
0.0008685589999988252
0.0009288160000000545
0.0008132609999993434
0.0008606740000001167
0.0008791040000009076
0.0009403500000004783
0.0007821939999992367
0.0008284750000004948
0.000785600000000386
0.00078576000000119
0.0007489210000013458
0.000863950000001168
0.0007329729999998591
0.0008567409999997722
0.0007349530000002602
0.0008601360000000113
0.0007097650000016387
0.0008699359999990719
0.0007026249999988465
0.0008297700000010622
0.0007698569999998739
0.0009155249999999171
0.001373605999999583
0.0007750919999995887
0.0006895010000000923
0.0007671469999994684
0.0008283569999996132
0.0007040420000006264
0.0008021189999993794
0.0008418890000001511
0.0007526779999995625
0.0007506980000009378
0.0013609070000004664
0.0008464930000009474
0.0007846669999995726
0.0007980019999997978
0.0008284830000011567
0.000814742999999396
0.0007808179999990728
0.0007548339999985387
0.0008048020000011036
0.000779535999999581
0.0008440829999987187
0.0008600560000004975
0.0008206560000001417
0.0007855620000007946
0.0007815899999989995
0.0007850699999991662
0.0008873149999999441
0.000775960000000353
0.000893877999999404
0.0008629290000001788
0.0009108569999991545
0.0008597589999990163
0.0009143310000006011
0.0008540359999997804
0.0008728960000006225
0.0007781100000006091
0.0008304920000004046
0.0008167359999990964
0.0007871430000001567
0.0008272869999998989
0.0008021669999997982
0.0007781090000005264
0.000795516999998469
0.0008702850000013029
0.0007958630000004518
0.0008145920000011131
0.0007957230000013027
0.0007747729999998398
0.0008365329999993065
0.0007770760000003207
0.0007996180000002795
0.0007336179999999359
0.0008306989999997683
0.0008752010000012689
0.0007167250000001957
0.0008093010000003176
0.0008663979999994353
0.0013831209999999317
0.0007959859999999708
0.0008447270000004892
0.0008047680000000668
0.0008292249999986012
0.0011440450000002045
0.0007736579999999549
0.0007148049999994299
0.0007701939999993357
0.0007352709999999263
0.0008490889999990259
0.0007867189999988256
0.0008277919999990502
0.0007233099999996995
0.0008469739999998893
0.0007431699999997932
0.0007696670000001404
0.0008656490000014117
0.0008965270000000913
0.0008113119999997309
0.000733957999999646
0.0006927119999993181
0.0008558460000003265
0.0007687099999991176
0.0008657559999996067
0.0007763270000005207
0.0008036320000002206
0.000865410999999483
0.0008392490000002084
0.0008426470000006958
0.0009197899999993098
0.0007120079999989315
0.0008145670000008209
0.0007848979999991457
0.0008319980000006666
0.0008218280000011902
0.0008062639999995014
0.0007478479999996068
0.0007954800000007367
0.0006971790000012135
0.000717490999999626
0.0007456409999999636
0.0007644159999991018
0.0007753889999992936
0.0007740460000000837
0.0007839509999989502
0.000751260999999559
0.0007228389999998086
0.0008348019999999678
0.0007920020000007355
0.000778383999998411
0.0007214060000002576
0.0007064020000004945
0.0007639419999989627
0.0008108470000003365
0.000689537999999601
0.0007330579999997866
0.0007274749999996999
0.0006993980000000732
0.000783249999999569
0.0007828469999999754
0.0007323199999991203
0.0009268760000011866
0.0008369649999995232
0.00080975200000033
0.0007002689999993095
0.0008259080000012631
0.0007915799999995698
0.0009415200000013613
0.0008681809999995238
0.0008348050000002161
0.0007953659999984097
0.0007516120000001791
0.0007970119999995973
0.0008916719999998435
0.0008446519999996127
0.0008276089999998959
0.000847014999999729
0.0008149230000000784
0.0008191509999981861
0.0007540289999994343
0.0006996180000005126
0.0007700110000001814
0.0008872289999999339
0.0008645499999992978
0.0007664880000000096
0.0009007250000010458
0.0007842450000001833
0.0007974009999998088
0.0007681240000003697
0.0007361189999990359
0.0007573399999998287
0.000888855000001243
0.0007795550000011531
0.0013760349999998311
0.0007757440000002447
0.0008322160000009404
0.0007085159999995483
0.0007827179999999601
0.0008139010000007829
0.0007524320000005247
0.0007080879999996625
0.000834069999999798
0.0008193500000004406
0.0008291679999992141
0.0007653109999985475
0.00087257200000046
0.0008210239999986157
0.0008300650000006016
0.000820306999999687
0.0008225419999998707
0.0008024049999999505
0.0007748719999991494
0.0008490010000006265
0.0008526289999988279
0.000904065000000287
0.000856123000000153
0.000812007000000392
0.0008138879999997073
0.0009612220000008165
0.00089337799999889
0.000815164000000479
0.0009357409999992683
0.0007041060000005928
0.0007888400000002349
0.000768559999999141
0.0007662750000001495
0.0007336070000008021
0.0007989389999991658
0.0008575849999985508
0.0013863380000014303
0.000738458000000719
0.0008139920000012069
0.0008157670000006334
0.0008762119999996543
0.0007513689999996132
0.0007740619999996312
0.000773086000000589
0.0008286789999996103
0.0008634780000011943
0.0008612670000012201
0.0008257960000008779
0.0008189999999999031
0.0008438309999991844
0.0008247570000001758
0.0007923959999995844
0.000797645999998764
0.0007894989999996938
0.0008719799999994393
0.0007715099999998642
0.000781844999998782
0.0007449949999980277
0.0007882750000014482
0.0007948579999990102
0.0007716229999985558
0.0007183000000026141
0.0008052700000007462
0.0006786779999998771
0.0007102580000015735
0.0007041040000004273
0.0007795420000000775
0.0008095350000019153
0.0007398710000003916
0.0007827119999994636
0.0008546200000019155
0.0006906370000017148
0.0007797869999990326
0.0007137720000010006
0.0007491249999986849
0.0007716919999971594
0.0008350829999983489
0.0008080100000000812
0.0008570360000028643
0.0007791949999997883
0.0008589990000018588
0.0008290159999972957
0.0008065979999969386
0.000851408999999137
0.00081320900000037
0.0008948480000015024
0.0008954179999989265
0.0008144479999998566
0.0008150540000002593
0.0008589780000001213
0.0008187500000005343
0.000776519999998726
0.0008967929999990076
0.0008693770000007817
0.0009203079999977604
0.0008385219999986759
0.0008129650000014976
0.0007764579999971488
0.0008231700000003173
0.0007689900000009686
0.0007877699999987442
0.0007928990000003466
0.000789845999999983
0.0007495980000022939
0.0007078930000012917
0.000728816999998827
0.0007589149999986944
0.0008092040000029499
0.0007546370000000024
0.0007185940000020707
0.0007910330000022725
0.0007601590000021474
0.0007438269999973102
0.0007520700000007707
0.000857638000002936
0.000789782000001793
0.0007716759999993883
0.0007137399999983529
0.0007612769999987279
0.0006908760000001735
0.0007392270000003975
0.0007222090000027492
0.0007781900000018993
0.0006970260000009887
0.0007971670000017639
0.0007575310000014213
0.0007651670000008437
0.000732623000001098
0.000880041999998582
0.0007356020000024444
0.0015102250000005313
0.0008214730000020154
0.0008155350000009776
0.000777310000000142
0.0008538029999982655
0.0007311120000004223
0.0007767200000010632
0.0008257189999980596
0.0007460610000009638
0.0007347310000014318
0.0007192099999997481
0.0007882580000000416
0.0009366160000006118
0.0007895819999994558
0.000814114000000643
0.0008741490000012675
0.0008262049999991916
0.00082140800000019
0.0008335080000030359
0.0008435780000013438
0.0007861160000004475
0.000762141000002714
0.000814324000000255
0.0007915469999986158
0.0008424109999971563
0.0007208690000020113
0.0007337390000010657
0.0006976129999998193
0.0007407510000021489
0.0008628639999983534
0.0007956570000011709
0.0008190490000004047
0.0008082270000002723
0.0008012199999996028
0.0008340840000009564
0.0007884599999989916
0.0008265640000004737
0.0008464720000027626
0.0007984450000009247
0.0008108369999995091
0.0009101379999982839
0.0008712469999991868
0.0008952449999988232
0.0008658550000006926
0.0007238069999999652
0.0006899760000003141
0.0008472889999993072
0.0008739839999982735
0.0008448489999999254
0.0008398119999988296
0.0008810560000007683
0.0007079740000008883
0.0007762220000024911
0.0007533250000015812
0.0008048119999983783
0.000718313000000137
0.0007425470000015366
0.0007807679999984884
0.0007642670000009844
0.0006862810000001218
0.0007572900000027971
0.0007565609999993228
0.0007814320000001374
0.0007407400000012387
0.000770253000002441
0.0007270600000026661
0.000787307999999598
0.0007829040000011389
0.000883998000002606
0.0007194570000024214
0.0007636049999995009
0.0008281720000020698
0.0008033519999983696
0.0008824409999981242
0.0008163739999993425
0.0007777630000020963
0.0007172789999998486
0.000801658000000316
0.0007803160000001697
0.0007995090000001426
0.0007328540000024475
0.0007502730000013003
0.0008949359999981255
0.0007635159999992425
0.0007394199999986029
0.0008239719999991735
0.0007956389999996816
0.0007463839999992672
0.0007864489999995783
0.0008209689999993941
0.0007337879999980146
0.0007616580000018303
0.0007379580000019814
0.0009251719999987529
0.000853796000001239
0.0008759579999981781
0.0008939740000002416
0.000864905000000249
0.0008049389999982282
0.0009475160000000926
0.0008316450000016573
0.0007315490000010527
0.0008285270000030209
0.0009279430000006528
0.000856247999998061
0.0008485010000001125
0.0008396109999999624
0.0008071859999994047
0.0007377320000010457
0.0007637100000010832
0.000756049000003145
0.0007252809999975796
0.0007307579999995539
0.0006978889999977866
0.0007536180000009551
0.000801705000000652
0.0008268099999995115
0.000823285000002727
0.0008097719999966557
0.0007286640000003786
0.0007400799999999208
0.0007914749999997639
0.0007826149999985432
0.0008345729999987839
0.0008291040000010241
0.0008054679999993652
0.0008248410000000206
0.0009082120000023508
0.0009114409999995132
0.0008532510000023308
0.0008571060000015507
0.0008378609999972753
0.0009310009999978774
0.0008945249999996463
0.0007382889999973941
0.0007789020000004143
0.0007589330000001837
0.0007623609999996006
0.0007392069999987427
0.0007066370000003985
0.000743506999999255
0.0007046539999997492
0.0007405230000010476
0.0007451289999984567
0.000836153000001616
0.0007760740000009037
0.0008989039999995896
0.0008779200000006426
0.0007578700000010485
0.0007360559999973759
0.0007484859999991045
0.0007043419999988032
0.0007822779999990814
0.0007621090000000663
0.0007763250000003552
0.000821839000000324
0.0008831420000028345
0.00078203800000054
0.0008210169999998129
0.000793767999997641
0.0008635479999981044
0.0007450469999987774
0.0009706939999993835
0.0008462460000018268
0.0008100219999995772
0.0008237189999995564
0.0008427330000024824
0.0008683579999981816
0.0007942509999985248
0.0007224509999979034
0.0007902350000001945
0.000802930000002533
0.0008464560000014387
0.0007204409999985728
0.0008127910000013117
0.0007491189999981884
0.0008254629999981944
0.0008789249999985316
0.0007414739999980213
0.0007888149999999428
0.0008002099999977474
0.0008720259999996927
0.0007914179999986004
0.0007068990000007602
0.0009033629999990467
0.0007885700000009876
0.0008367980000016928
0.0007222770000012702
0.0008704429999966123
0.0007275429999999972
0.0007566309999980092
0.000736667000001745
0.0007370029999975714
0.0007394229999988511
0.0008375929999999698
0.0008678050000021642
0.0007554780000020855
0.0006997579999996617
0.000715470999999468
0.000778773000000399
0.0008753759999997612
0.0007587049999990825
0.0007113099999997985
0.0006796609999994985
0.0006979559999997775
0.0006779119999968941
0.0008461559999979329
0.0008149539999990907
0.0010101220000002797
0.0008961589999998409
0.0008156739999982676
0.0007893549999984373
0.0007407229999998322
0.0008692620000019247
0.0008100179999992463
0.0007201690000009364
0.0007684660000002452
0.0006947179999983177
0.0009741460000007862
0.0007683140000018795
0.0008486300000001279
0.000773479999999438
0.0008534980000014514
0.000720218000001438
0.0007954999999988388
0.0006798870000004342
0.000855761000000399
0.0007438260000007801
0.0007585900000002255
0.0007341959999997982
0.0008040420000021697
0.0008049690000007104
0.0007804249999985302
0.0007412049999970804
0.0007834899999998868
0.000681500000002444
0.003896940999997156
0.0008098709999977416
0.0008262220000005982
0.0008082520000023408
0.0009134059999986732
0.0009093499999970334
0.0008322760000005758
0.0008056680000017025
0.0007857899999983431
0.00084953100000007
0.0007317400000026453
0.0007938669999987269
0.000826903000000101
0.0009454600000005087
0.0008664230000015039
0.000853887000001663
0.000757532999998034
0.000870909999999725
0.0009453260000000796
0.0008055710000007821
0.0008855489999994859
0.0009257470000001433
0.0007880449999966288
0.0008643960000007667
0.0007621090000000663
0.0008872619999991116
0.0008017799999997521
0.0008959059999966712
0.0007580950000019016
0.0009232200000006685
0.0008022130000000516
0.0009278700000017182
0.0007887289999999325
0.0008967409999982578
0.0008612770000020475
0.0008427589999975282
0.0009231910000018217
0.0008903380000013783
0.0008298519999989651
0.0008226879999995163
0.0008375790000023642
0.0009349469999975213
0.0008998379999987094
0.0007351579999976821
0.0007932000000003825
0.0007650740000002543
0.000745637000001409
0.0008246159999991676
0.0007666579999998646
0.0008337080000018204
0.0007895349999991197
0.0008704569999977707
0.0007749600000011014
0.000765359999999049
0.0007929900000007706
0.000810505000000461
0.0008258910000016328
0.0008800390000018865
0.0008278769999989777
0.0007790669999998556
0.0007292749999976422
0.0008336319999990849
0.0007592850000008866
0.000824226999998956
0.0008417330000014545
0.0008602109999991114
0.0009226990000001933
0.0009694630000005588
0.0009363570000004984
0.000854476000000659
0.0007699660000000108
0.0008177330000016525
0.0007455809999967755
0.0008326799999984758
0.0007460189999974887
0.0008018119999988471
0.0007934630000008269
0.0008303060000010021
0.0007447179999999776
0.0008853729999991344
0.0007879570000000058
0.0007931350000021098
0.0007474119999990592
0.0008367759999998725
0.0007825150000009273
0.000834730000001116
0.0007690330000009737
0.0008216760000010481
0.0007420330000016406
0.0008451580000006231
0.0009468790000006777
0.0008266839999997444
0.0007497499999971069
0.0008196659999981648
0.0008159899999995446
0.0008675919999987514
0.0008064270000005536
0.0008370889999973485
0.0007580600000025584
0.0008065899999998294
0.0007923479999973893
0.0009104049999990593
0.0008416570000022716
0.0009724559999995108
0.0008772039999982439
0.0009240699999999435
0.0008441579999995952
0.0009423589999997262
0.0007500580000012746
0.0008430299999986346
0.0008375550000003784
0.0008053829999994377
0.0009210749999972734
0.000834813000000878
0.0007965509999969811
0.0009264860000008923
0.0007893360000004179
0.0009042259999993973
0.0007475009999993176
0.0009301509999986024
0.0007473010000005331
0.0008360580000008611
0.0008206199999989394
0.0017781349999985707
0.0008453119999991543
0.0008350269999972681
0.0007841500000012047
0.0008604110000014487
0.0007250580000004447
0.0008270120000020142
0.0007972320000000366
0.0008394430000002728
0.0007983230000014885
0.0008042920000015386
0.0008895590000008724
0.0008053599999975347
0.0008695639999984905
0.0007795490000006566
0.0008094060000018999
0.0008959779999990758
0.0008538850000014975
0.0008186989999998673
0.0008569729999976516
0.0007148860000008028
0.0007387380000025701
0.0007720439999978623
0.00084858600000004
0.0007568799999972953
0.0008583850000007942
0.0008200219999991987
0.000779587000000248
0.0007734409999997638
0.0008386910000020009
0.0007697509999999852
0.00077715299999781
0.0008233650000022408
0.0008058350000013093
0.0007479910000007806
0.0007845220000000097
0.0007733620000003327
0.0007942949999986126
0.0008344429999986858
0.000885303000000448
0.0012705619999984208
0.0008096460000004413
0.0007754940000026522
0.0009203820000003304
0.0008747890000009306
0.0008532639999998537
0.0007739839999985065
0.0008453820000013934
0.0007730650000006278
0.0007693290000005959
0.000785260000000676
0.0007418680000021993
0.0007764710000017772
0.0008422430000010195
0.0007571539999986499
0.0009096710000022767
0.0015993359999999512
0.0010334580000002092
0.0007668259999995541
0.0008981939999994637
0.0008212030000009918
0.002966852000000131
0.0007859129999996384
0.0008839069999986293
0.0008382269999991365
0.0007565600000010164
0.0007352109999985146
0.0007476379999999949
0.0007716069999990083
0.0007488399999999729
0.0007623170000012891
0.0007803960000014598
0.0006825270000003769
0.0008244790000002666
0.0006812840000005593
0.0007622800000000041
0.0007187829999999451
0.0008666220000002056
0.0009073439999998101
0.0008846669999993395
0.0008122970000012941
0.0007981739999998183
0.0008488020000001484
0.0007275849999999195
0.0007394370000000094
0.0007427199999998635
0.0008044119999990329
0.0008322070000001958
0.0008913540000001774
0.0008546020000004262
0.0007552680000006973
0.0007768300000012829
0.000798554999999368
0.0006958980000000281
0.0008848100000005132
0.000767191999999639
0.0008159339999984638
0.0007746409999995763
0.0008334340000004659
0.0007756739999997819
0.0008094920000001338
0.0007924499999987233
0.0007755920000001026
0.0007304149999995957
0.0007468940000006086
0.0008361329999999612
0.0007452749999998787
0.0007623329999990602
0.0007733840000003767
0.0006903749999995767
0.0007521110000006104
0.0006909030000006311
0.0008560850000005615
0.0007331110000006191
0.0013611519999994215
0.0008715830000003422
0.0007709040000012379
0.0008220110000003444
0.000844031999999828
0.0008141489999999862
0.0009355160000001916
0.0007412109999993532
0.0009699359999988388
0.0008240119999989304
0.0007753709999995806
0.0007319910000003205
0.0007865490000007469
0.0008697820000005407
0.0007998449999995216
0.0006809279999995255
0.0007135100000006389
0.000757431999998559
0.0007748339999995579
0.0007601409999988817
0.0007610370000001865
0.0007142800000004002
0.0007097339999990737
0.0007811159999988604
0.0007605399999999207
0.0008910200000009638
0.0009208019999995543
0.0008242980000012778
0.0008723009999993536
0.0007473100000012778
0.0007812240000006909
0.000743378000001016
0.0008101509999995926
0.0007709160000004545
0.0008162509999998235
0.000856719999999811
0.0007027429999997281
0.0013234290000010418
0.0008358269999995116
0.0007624729999999857
0.0007401699999984857
0.0008302120000003299
0.0008530229999994532
0.0007153990000006161
0.000709503000001277
0.0007530520000003094
0.000749475999999305
0.0007723439999995918
0.0008431499999996817
0.0008991229999999462
0.000825548999999981
0.0007313159999995378
0.000844872000000052
0.0009205399999991926
0.0008410300000001314
0.0009229469999993967
0.000748007000000328
0.0008330260000004586
0.0008237310000005493
0.0008495389999989555
0.0008606199999992015
0.0009020320000008297
0.0008037559999998223
0.0008039990000003883
0.0007219609999999932
0.0008473579999996872
0.0008641679999996654
0.0008577289999998072
0.000796467000000689
0.0007927769999991341
0.0009314950000014477
0.0008927179999993484
0.0007329779999984964
0.0008345219999998932
0.0007531549999999498
0.0008205100000004961
0.0007466689999997556
0.0008308970000001636
0.0007883419999998864
0.0008007509999998774
0.0008335489999993229
0.0008665260000011443
0.0007753200000006899
0.0008273699999996609
0.0014310889999986642
0.0008091970000005944
0.0008275389999994331
0.0008146340000010355
0.0008588550000006023
0.0007519570000003029
0.000751035999998706
0.0007314520000001323
0.0007587279999992091
0.0007748029999987693
0.0008167830000012088
0.0007619040000008681
0.0007776780000003924
0.0007945270000000448
0.0008509649999997038
0.0007909080000008117
0.0008473890000004758
0.000828087000000366
0.0008845960000005704
0.0007094750000007366
0.0008540890000006129
0.0007829420000007303
0.0008429480000007317
0.0008332230000007712
0.0008601900000009266
0.000720058000000634
0.0007777749999995365
0.0007824269999989752
0.00086200500000011
0.0008879319999994806
0.0009098920000010224
0.00065110899999965
0.000833408000000091
0.0007721070000012986
0.0008414590000000999
0.0008101810000002985
0.0007813409999997134
0.0007389299999989163
0.0008587459999986891
0.0008889350000007568
0.0007284849999997789
0.0007249909999984538
0.0007793050000000079
0.0008831599999989947
0.0008000409999997515
0.0012294649999997631
0.0015775839999996322
0.0019531810000010807
0.002230964000000668
0.0018349099999994678
0.0021326240000014707
0.0007713100000010797
0.0010910049999992566
0.0015726790000005764
0.0018692179999995062
0.0019229380000016505
0.001844613999999467
0.0018263340000004291
0.0015861679999993328
0.0015001330000004032
0.0016601240000007067
0.0015075129999999604
0.0017845770000004535
0.0008638229999995417
0.0017132950000018354
0.0014003819999999223
0.0016705469999998002
0.0016066869999988853
0.0017272300000001906
0.0007821990000014267
0.0008298289999988384
0.0007594629999996272
0.0008349630000008545
0.0007678269999988885
0.0008141110000003948
0.0008913919999997688
0.0008143329999992233
0.0008036580000005955
0.0009234080000002365
0.0008977770000004881
0.0007509319999989827
0.0007199530000008281
0.0008222330000009492
0.000878907000000595
0.0009063030000007188
0.0007352350000005003
0.0007582600000013429
0.0007387379999990173
0.0007994609999997238
0.000752753000000439
0.0007854129999991244
0.0007581549999997605
0.0008043159999999716
0.0008375289999982272
0.0013872200000015766
0.0008837660000011738
0.0007688479999998776
0.0007692120000015734
0.0008597669999979018
0.000693720000001008
0.0007951699999999562
0.0006898020000001281
0.0007952000000024384
0.000775100999998557
0.0008704340000029731
0.0008766199999996616
0.0008177979999999252
0.000786560000001657
0.000813980000000214
0.0008008249999988948
0.0007719249999986744
0.0007204029999989814
0.0007983719999984373
0.0007551650000010568
0.0008105389999997215
0.0009162070000030553
0.0008829410000004145
0.0007773000000028674
0.0007666870000022641
0.0007645210000006841
0.0008681609999996454
0.0007630610000006754
0.0009457849999989776
0.0007698020000006522
0.0009301250000000039
0.0007283690000008392
0.0008138710000018534
0.0008091420000013727
0.0008340179999990482
0.000740660999998255
0.001312693999999226
0.0007846120000003509
0.000837153999999174
0.0007915230000001827
0.0008290680000015982
0.0007976569999996741
0.0007559420000013972
0.0007402690000013479
0.0008251979999975845
0.0009675560000026451
0.0008828479999998251
0.0008111399999997104
0.0009135739999983628
0.000782896000000477
0.000904487999999759
0.0008639979999998104
0.0008431940000015459
0.0006702480000022604
0.0008311100000000238
0.0007770180000008509
0.0007762110000015809
0.0006783920000010824
0.000775234999998986
0.0008071980000003975
0.0008280519999992464
0.000731291000001022
0.0007881269999998608
0.0007331530000023179
0.00075059099999919
0.0007546040000008247
0.0007697909999997421
0.0007859509999974534
0.0007499310000014248
0.0008688780000021268
0.0007950860000001114
0.0007038709999989123
0.0007446870000009653
0.0007127199999992229
0.0008129649999979449
0.0007816360000028055
0.0007656920000016498
0.0007534950000014362
0.0008432369999979983
0.0007128549999997347
0.0006924360000013507
0.0007064509999992197
0.0007478939999998602
0.0008295329999974399
0.0007815909999990822
0.000849981999998306
0.0009313549999987458
0.0008012680000000216
0.0008466650000009679
0.0008459979999990708
0.0007838040000009983
0.0007459930000024428
0.0008101630000005855
0.0007581129999998382
0.0008160289999992187
0.0007547390000013365
0.0008492689999997083
0.0008024649999995859
0.000753231000000909
0.0007881689999997832
0.0007824049999989313
0.0007252070000021149
0.0008097450000015272
0.000797408000000388
0.0008449440000006803
0.0008190809999994997
0.0007888230000006047
0.0006998549999970294
0.000777397000000235
0.0007401690000001793
0.000729014999997446
0.0006847749999998598
0.0008274759999977732
0.0008051999999985071
0.0008173800000008669
0.0007136320000000751
0.0008008569999979898
0.0007142860000008966
0.0007929570000015929
0.000764703000001532
0.0007565179999993177
0.0008137240000003487
0.000823598000000203
0.0007597869999997897
0.0007772599999995577
0.000777998000000224
0.0008118259999996269
0.0007834789999989766
0.0008456670000001054
0.0008066299999995863
0.0016528430000022354
0.0007776059999997642
0.0008292309999973213
0.0008102300000025764
0.0008732110000018167
0.0007825960000005239
0.0008129300000021544
0.0009071909999995853
0.0008035379999995484
0.0008034419999987108
0.0008433329999988359
0.0007715630000006968
0.0009134500000023138
0.0008663680000005058
0.0008892940000002625
0.0008556920000017953
0.0008276379999969663
0.0008917020000005493
0.0008180619999968997
0.0008146949999989772
0.000777602999999516
0.000835149000000257
0.0008233860000004256
0.0007204559999998139
0.0008061460000021725
0.0007597369999992054
0.0008438139999995542
0.0007833619999999542
0.0007580269999998279
0.0008169359999996573
0.00078061500000004
0.0007824869999986106
0.000759520000002567
0.0008097459999980572
0.0007171849999991764
0.0007455339999999921
0.0007554820000024165
0.0007666559999996991
0.0007527979999970569
0.0008436110000005215
0.0008767779999985237
0.0008418819999995719
0.0008287510000002385
0.000860113000001661
0.0007336699999989094
0.000783006999999003
0.0008953759999990041
0.0008161510000022076
0.0008404479999981618
0.0007771299999994596
0.000787082999998745
0.0007317290000017351
0.0008359349999977894
0.0008161239999999736
0.0007980770000024506
0.0007026809999999273
0.0007802949999984321
0.0007516080000016245
0.0008050490000002242
0.0007318699999991907
0.0007342430000001343
0.0007302570000007336
0.0007727839999986941
0.0008168690000012191
0.0007916749999985484
0.0006843140000007963
0.0008129740000022423
0.0007730650000006278
0.0008121269999996628
0.0007499909999992838
0.0007545240000013109
0.0006707819999967057
0.0007320509999999558
0.0007936400000012611
0.0009008819999998252
0.0009207269999969014
0.0007879949999995972
0.0007272000000000389
0.0007432309999977349
0.0007504589999989264
0.0008042920000015386
0.0006560840000027213
0.0007792650000020274
0.0007248289999992608
0.0008202300000021978
0.0007656239999995762
0.0007780549999978348
0.0007275379999995835
0.0007426689999974201
0.0007686180000021636
0.0007530210000012971
0.0006729360000008455
0.0008425939999980869
0.0009247029999990275
0.0007672079999991865
0.0008327110000010407
0.0008677559999981099
0.0008275070000003382
0.0009203540000015664
0.000826669999998586
0.0007195049999992875
0.0007611079999989556
0.0007537559999981625
0.0008500519999969924
0.0008673140000006185
0.0007854670000000397
0.000859524999999195
0.0008944070000005411
0.0007915839999981245
0.0007659679999996172
0.0008386579999992705
0.0007299329999987947
0.000714411999997111
0.0006983719999986704
0.0008078769999997348
0.0007966919999979893
0.0008035219999982246
0.00073758099999921
0.0007857300000004841
0.000922285000001466
0.0007879650000006677
0.0008949230000006025
0.0008104099999997061
0.0007918220000000531
0.0008487150000000554
0.000849673999997691
0.0008580569999985244
0.0008473359999996433
0.0008479049999969845
0.0008098400000022821
0.0008666069999989645
0.0008506200000013564
0.0008759590000018136
0.0008541000000015231
0.000817391999998307
0.0007489629999994918
0.0007933029999982466
0.0006843660000015461
0.0007690700000004824
0.00077959599999744
0.0008365010000019879
0.0007532440000019847
0.0008609749999983762
0.0007140449999987197
0.0007410499999984665
0.00073433100000031
0.0008650800000005177
0.0008121729999999161
0.0007274369999983321
0.0006698570000018833
0.0007520989999996175
0.0007096840000002658
0.0008379100000013295
0.0014180079999981388
0.000753689999999807
0.0008000549999991335
0.000930393000000862
0.0009207780000011212
0.0008864309999978559
0.0008509409999994944
0.0008152300000006107
0.0007432279999974867
0.0008586050000012335
0.0008442189999975369
0.000906543999999343
0.0008277260000006947
0.0008937640000006297
0.0008613999999980138
0.0007672569999996881
0.0008435389999981169
0.0008037509999994086
0.0007209569999986343
0.0009204969999991874
0.0006889619999981278
0.0007294249999993951
0.000775582000002828
0.0008363719999984198
0.0008100539999986722
0.0007381200000011745
0.0008083009999992896
0.0008650090000017485
0.001119573000000429
0.0007617629999998599
0.0008377349999975081
0.0008336600000014016
0.0007886130000009928
0.0007990860000006705
0.0008629559999988601
0.0007438830000019436
0.0007220629999977746
0.0007257909999971446
0.0007628219999986641
0.0007260440000003143
0.000771506999999616
0.0009167440000013016
0.0007941000000002418
0.0009497980000006123
0.0007483390000011525
0.0007417170000003637
0.0008802249999995126
0.0008749679999979776
0.0008002249999989886
0.0008182390000008866
0.0007280850000022099
0.0007802500000018142
0.000773072999997737
0.000827412999999666
0.0007853699999991193
0.0009904550000001677
0.0008690260000001615
0.0009617100000021139
0.0007986210000012761
0.0007940619999970977
0.0008056849999995563
0.0007429069999993487
0.0007539869999995119
0.0008022949999997309
0.0006824460000025567
0.0007706049999995912
0.0007462710000005757
0.000900570999998962
0.000867182000000355
0.0008724850000021434
0.0007923769999997887
0.0008715419999987262
0.0007834829999993076
0.0008498090000017555
0.0007371489999989933
0.0008201539999994623
0.0008182970000021328
0.0008487670000008052
0.0007078749999998024
0.0007347810000020161
0.0007127059999980645
0.0007295049999989089
0.0007305940000001954
0.0036875310000006323
0.000872807000000364
0.0007719850000000861
0.000757279999998417
0.0008200469999977145
0.0008233040000007463
0.0008580179999988502
0.000785572999998152
0.0007199440000000834
0.0008269799999993666
0.0008335119999998142
0.0007957509999982904
0.0007630779999985293
0.0008287150000008126
0.0007709550000001286
0.0008708350000006249
0.0008071009999994772
0.0008546609999982024
0.0007981169999986548
0.0008253530000033038
0.0008735150000021008
0.0008670449999996777
0.0007076920000024245
0.00081808399999872
0.0008169569999978421
0.0007902340000001118
0.0007352780000005055
0.0008712170000002573
0.0008055719999973121
0.0008529399999979148
0.00071054100000012
0.0007549810000000434
0.0007233520000013982
0.0008368489999988071
0.000833298999999954
0.0008005339999996863
0.0007829770000000735
0.0008452119999979857
0.0007744390000006263
0.0007862430000002973
0.0007192669999973589
0.0009726100000015947
0.0008130120000018337
0.0009092190000004052
0.0007359979999996824
0.0008893959999980439
0.0007240680000002442
0.0007753410000006511
0.0007394500000010851
0.0008872870000011801
0.0007384520000002226
0.0008495279999998218
0.0008399119999999982
0.000845969999996754
0.0007832830000005231
0.0008917359999998098
0.000802792999998303
0.0008051199999989933
0.0007542940000000442
0.0008427540000006672
0.0007788429999990854
0.0008317670000010935
0.0007582010000000139
0.0008469130000001712
0.0007852809999988608
0.000865924999999379
0.0007788079999997422
0.0009499149999996348
0.0008938669999984938
0.000866869999999409
0.0007591689999983942
0.0008168849999989902
0.0007608989999994265
0.0008372399999991842
0.0007585640000016269
0.0007815430000022161
0.000841897999997343
0.0007892149999975118
0.0007637730000027432
0.0008875750000001403
0.0007875360000006992
0.0008151109999978701
0.0008348439999998902
0.0008437759999999628
0.0007086009999994758
0.0007567710000024874
0.0008298179999997046
0.0008567309999989448
0.0007374449999986155
0.0008008660000022871
0.0008572489999991717
0.0008682439999994074
0.000745182999999372
0.0008368040000021892
0.0007872490000018217
0.0008307490000021289
0.0007445270000019377
0.0008640100000008033
0.0007493320000016013
0.0008033820000008518
0.0007462409999980935
0.0009111629999978277
0.0009571470000011573
0.0008690490000020645
0.0009206349999999475
0.0008710359999994921
0.0009121289999995952
0.0009349380000003293
0.0007597140000008551
0.0008242910000006987
0.0007258730000003766
0.0007507489999980521
0.0008219540000027337
0.0009540160000014453
0.000782299000000819
0.0009456229999997845
0.0008258400000009658
0.0007776550000002658
0.0007370209999990607
0.0009083399999987307
0.0008001839999991489
0.000839533000000614
0.0008120900000001541
0.0007386059999987538
0.0008453690000003178
0.000765763000000419
0.0007215430000009349
0.0009570500000002369
0.0008085920000020508
0.0008061610000034136
0.0006816049999969209
0.0008136430000007522
0.0007349900000015452
0.0008864379999984351
0.000932243000001165
0.0007691099999966866
0.000853025000001395
0.0007965799999993806
0.0008457299999982126
0.0007515259999983925
0.0009009910000017385
0.0008257020000002058
0.0008018860000014172
0.0007228429999983632
0.0007546639999986837
0.0008093520000009846
0.0009233779999995306
0.0008399009999990881
0.0009073740000005159
0.0007478040000030717
0.0008522970000015562
0.0007541419999981258
0.000799376999999879
0.0007736289999975554
0.0007965510000005338
0.000833445000001376
0.0008157050000008326
0.0007905639999989944
0.0008805979999984004
0.0007631999999979655
0.0007688279999982228
0.0008068470000033301
0.0008307629999997346
0.0013504849999996793
0.0007843670000013958
0.0007231179999998005
0.0008280109999994067
0.0008886230000015871
0.0008899899999974537
0.000693289000000874
0.0008054390000005185
0.0007481339999984016
0.0008372389999991015
0.0007230870000007883
0.0008585530000004837
0.0007692630000022405
0.0008998970000000384
0.0008784969999986458
0.0008372889999996858
