0.9993181818181818
10.18531889290012
0.587235282688945
7.232
3.6482582837723023
3.900287631831256
2.6828992072480182
5.431544359255203
3.1635452701896694
5.505415162454874
11.631768953068592
30.204572803850784
6.581227436823105
3.8972999035679847
4.139228598306679
4.747630331753554
4.897466827503016
2.800142755174875
3.214067278287462
0.28413442493067476
17.794223826714802
9.131618759455371
8.090017825311943
6.33364312267658
8.200962695547533
8.703971119133573
18.065868263473053
7.378255945639864
3.4672340425531916
0.6387685345657615
0.9993181818181818
10.18531889290012
0.587235282688945
7.232
3.6482582837723023
3.900287631831256
2.6828992072480182
5.431544359255203
3.1635452701896694
5.505415162454874
11.631768953068592
30.204572803850784
6.581227436823105
3.8972999035679847
4.139228598306679
4.747630331753554
4.897466827503016
2.800142755174875
3.214067278287462
0.28413442493067476
17.794223826714802
9.131618759455371
8.090017825311943
6.33364312267658
8.200962695547533
8.703971119133573
18.065868263473053
7.378255945639864
3.4672340425531916
0.6387685345657615
