0.03616620300000051
0.001851466999999829
0.0018737350000002095
0.0020000020000008334
0.0017858480000008115
0.00166240000000073
0.0017946050000006153
0.0019774159999990104
0.0015431299999999482
0.001688838999999831
0.001816526999999013
0.0019627490000004855
0.001850160000000045
0.0022083950000002517
0.001522753999999793
0.0018773000000003037
0.002074537000000376
0.002048569999999472
0.0019406509999981836
0.0018733680000000419
0.0018062080000014191
0.001480555999998856
0.001886169999998799
0.0018310210000009874
0.0018826520000008173
0.001844186999999664
0.001407226000001316
0.0016521740000001728
0.0017777869999999751
0.0017585989999986396
0.0017597429999991476
0.0014597189999996374
0.001728497999998524
0.0018083979999996558
0.0018994459999994717
0.001845636000000539
0.001488814000000005
0.0015736400000001538
0.0018049999999991684
0.0015360910000001837
0.0018172809999992268
0.0016928829999987016
0.0020119970000003207
0.0019470219999995209
0.0018586230000003923
0.001924622000000653
0.00189708600000138
0.0017770030000008319
0.002054982000000649
0.0015045210000010911
0.0019258300000011275
0.0021713139999999242
0.002041911000000951
0.0016454279999997823
0.0019919480000005763
0.0020120609999985106
0.0018642209999999437
0.0017169910000003341
0.001763429999998678
0.0014285940000000608
0.001855633999999995
0.0020920340000003534
0.0019161239999991864
0.0017601139999996462
0.0015737250000000813
0.001270327000000293
0.0019399010000000771
0.0018587540000005731
0.0017644939999996723
0.002049143000000697
0.0019319010000007353
0.0019012240000009228
0.0019300270000002229
0.0017288499999992268
0.0020585379999999986
0.002108764000000818
0.0018449240000002476
0.0020292610000005595
0.0015841209999987171
0.002020747999999628
0.0019014959999985592
0.0019291030000001541
0.0020614559999998505
0.001917312999999865
0.0015560270000012366
0.0018635369999984164
0.0017268670000003539
0.001965016999999847
0.0017771769999992415
0.002031955999999724
0.0018853130000007212
0.0019102490000015848
0.0018467439999998447
0.001709642999999872
0.0017943100000010759
0.0020457570000012026
0.0015383290000006156
0.00181948200000015
0.0018761060000009877
0.0017554900000007478
0.0014802290000002216
0.0014655420000000419
0.001866606000000104
0.001907562000001306
0.0015389139999992807
0.0017237549999986612
0.0016357160000008975
0.001621830999999574
0.0019187949999999176
0.002114429000000584
0.0015775320000006587
0.0018897350000006696
0.0015572569999999786
0.0017181410000013386
0.0017872780000001143
0.00172928799999994
0.0018674799999995884
0.0015686820000002655
0.0017937769999996078
0.001750134999999986
0.00185167299999911
0.0018332950000008452
0.001920090000000485
0.0019475720000006191
0.0019531889999999663
0.0019718520000004958
0.0020363479999989664
0.0017225699999983135
0.0017667530000000653
0.001219799999999438
0.0016837410000007935
0.0018880429999992288
0.0018909330000003166
0.0020205830000001868
0.0017032750000005592
0.0019348879999991908
0.0019246569999999963
0.0017823610000000656
0.0019346620000000314
0.0018241269999990095
0.001721493999999879
0.0017630500000009874
0.0018690340000002692
0.0019425910000006041
0.0016314810000004343
0.0014344039999993896
0.0015554010000009555
0.0018395339999983662
0.0019073600000005797
0.0017448780000002273
0.002002961000000525
0.0019530219999985832
0.0018910890000007896
0.002057139999999791
0.0016053669999998021
0.0019233510000002951
0.001550914000000958
0.0019221480000002344
0.0019322660000007374
0.0016016770000000236
0.0019428049999987707
0.0018877689999996505
0.002096097000000796
0.0017813240000013053
0.0018259759999992298
0.0016723140000003411
0.0018003489999998123
0.0014564900000006986
0.001788188000000801
0.0020162690000002925
0.0019856780000004903
0.0017342669999997895
0.0018552310000004013
0.001654293999999723
0.0016809119999994238
0.00138930000000137
0.0017616460000002832
0.0017851199999991962
0.0019085739999997742
0.002088147000000262
0.001842963999999725
0.0020229230000001763
0.0016615880000010463
0.0019575110000005225
0.00201179699999976
0.001792572000001158
0.0019014229999996246
0.0018285569999996198
0.001918789999999504
0.001525728999999032
0.0017821910000002106
0.0017655630000010802
0.0017678229999997797
0.00184421700000037
0.0016111070000004446
0.0016475889999991722
0.0018143899999998325
0.0018544469999994817
0.0018766659999993607
0.0019834799999998154
0.001921849000000364
0.0019188470000006674
0.001572597000000897
0.0020179379999998304
0.0019690899999993405
0.0019520449999994582
0.0015773270000014605
0.0018557189999999224
0.0017495969999998806
0.0018308250000007575
0.0014594170000012952
0.001737277000000148
0.0014748510000011095
0.001877373999999321
0.0014408729999999537
0.001688977000000591
0.0017261060000013373
0.001884776999999005
0.001746481999999716
0.00165745099999981
0.0017461839999999285
0.001819335999998728
0.001702724999999461
0.001782086999998711
0.0016570630000014575
0.0018161610000007045
0.00145483400000046
0.001845031000000219
0.0018455470000002805
0.0015639170000003588
0.0019248899999997349
0.0019654809999991585
0.0018917259999984282
0.0017149579999991005
0.001789290999999693
0.0016656049999994593
0.0017656989999998984
0.0017485399999994655
0.0017457819999986413
0.0018525199999999131
0.0018363590000003427
0.0015335840000005874
0.0018937220000001531
0.0017980400000006114
0.0018151010000000412
0.0015896340000001175
0.0017313740000002298
0.0015987049999992564
0.0016859379999996094
0.0017160990000011367
0.0013991089999993989
0.0017147019999992352
0.001862874000000403
0.0019034590000011065
0.0020126699999991615
0.0019657449999996857
0.0017556780000003158
0.0017697789999999713
0.001620836000000736
0.0016793189999990688
0.0018427009999992805
0.0019272229999991453
0.0019371590000005767
0.0017562079999997593
0.0019653369999996784
0.001666090999998815
0.001635030000000981
0.0016094849999994665
0.001758691999999229
0.0017737530000001556
0.0017522910000007386
0.0018613880000000194
0.0019229190000000784
0.0017901760000000877
0.0018519709999988976
0.001485698000001534
0.0016654060000007576
0.0016741180000003908
0.0021030450000001366
0.0019191759999994673
0.0017003439999996317
0.001837872000001184
0.0018553929999995944
0.001760832000000434
0.0016120889999999832
0.0018385819999995334
0.0017629800000005247
0.0017838500000006974
0.0018186810000013764
0.001725216000000529
0.001746614999998286
0.0018489690000009773
0.0017083010000007448
0.0018715880000002016
0.001696721000001844
0.0016869390000024964
0.00178377099999949
0.001736660999998918
0.0017954650000007177
0.0017558900000018696
0.0017763760000022444
0.001983841000001263
0.001809750999999693
0.0014862989999997467
0.0017044209999994564
0.002065071000000529
0.00172054700000146
0.0020913700000022573
0.0019863489999991657
0.001851287000000923
0.0018669859999995708
0.0016288630000005355
0.0018325690000011718
0.0015401869999998041
0.0021346720000003927
0.0020132719999992332
0.0020109939999990445
0.002035110000001339
0.0014906670000023325
0.0017859869999981015
0.0018057680000005405
0.0019097519999995427
0.0017787289999979805
0.0012287310000012042
0.0017899569999997311
0.0016610310000011452
0.0019298419999991268
0.0020165429999998707
0.001911142999997395
0.0018259130000011226
0.0018470079999985956
0.001784336000000053
0.002009999999998513
0.0015760080000006838
0.001871946999997931
0.0018374449999996045
0.0018778109999999515
0.0018098759999993774
0.0016635359999987998
0.0014369049999984895
0.00134234299999747
0.0019604320000006226
0.0018556450000026814
0.0019325319999978774
0.0020403380000004745
0.0019965089999978147
0.0018324410000012392
0.0015738140000003398
0.0018050279999997088
0.0018590940000002831
0.001833967999999686
0.001872796000000676
0.0017672419999996691
0.0017810480000015616
0.0016770790000002478
0.0014813490000022966
0.001792696000002536
0.0019629319999978634
0.0015124389999989774
0.001779102000000421
0.001881643000000821
0.0017756710000007558
0.0017976679999982537
0.0016912090000005264
0.0018301590000007195
0.0017424209999994389
0.0017181990000025849
0.0018512969999981976
0.0014883999999995012
0.0016904760000002739
0.0019266110000017989
0.0017168370000000266
0.0017877669999997181
0.0017257310000005077
0.0016872820000024547
0.0015257640000001516
0.0019601999999991904
0.0017314910000010286
0.001742400999997784
0.0018873219999981927
0.0016210960000009322
0.0016967759999992893
0.00182389500000113
0.001979342999998579
0.001973340999999351
0.0018735730000010165
0.0020840040000003057
0.0016791070000010677
0.00169289100000114
0.002021412000001277
0.001731378000002337
0.0018556850000024383
0.002023099000002304
0.0018210110000005386
0.001764834999999465
0.0018297670000002597
0.001721524999997115
0.0019985919999996327
0.001918850999999222
0.0020242360000004567
0.0018595079999990105
0.001967936999999864
0.0018131439999997667
0.0019638849999985553
0.0019624630000016907
0.0012734270000009928
0.0018435649999979375
0.0018543750000006298
0.0014290999999992948
0.0018518339999999966
0.0017863059999996267
0.0016408290000029524
0.0019857179999966945
0.0016695449999986067
0.0014424989999994864
0.0017995589999983963
0.0018091210000008573
0.0020057719999968526
0.0018682400000002986
0.0019080169999980967
0.0018563440000001208
0.0016745770000028415
0.0018483210000006522
0.001881844999999771
0.0020593910000030746
0.0017915530000003344
0.0017705779999985793
0.0019731189999987464
0.0018141519999979039
0.001721037999999453
0.0016624489999976788
0.0018417069999969726
0.001864293000000572
0.001973997000000338
0.002027310999999088
0.0018987700000003827
0.0017486560000001816
0.0015311550000021157
0.0019201779999988844
0.00151080300000217
0.001710854999998901
0.0018484779999994316
0.0016794479999973078
0.0018858759999993424
0.0018876359999993042
0.0016227800000017112
0.001965008999999185
0.0017651050000004886
0.0018800050000002955
0.0017449879999986706
0.001971681000000558
0.0015711590000009323
0.0015411739999997565
0.0017187229999997555
0.0015673160000027053
0.0018967469999999764
0.0019397720000000618
0.0017808430000023634
0.0016886879999979953
0.0014740300000006812
0.001862889999998174
0.0016333030000019733
0.0015612549999985958
0.0017562679999976183
0.001822302000000775
0.0019328789999981666
0.0020244550000008132
0.001850947999997743
0.0016443989999999076
0.0019267839999983494
0.0018346710000010091
0.0015484980000017856
0.0019448500000009972
0.0019589069999987885
0.0018629119999999944
0.0019535380000021974
0.002057557999997073
0.0019296890000006783
0.0017433740000001308
0.001988276999998817
0.0019466359999995575
0.0017514590000011765
0.001839980999999824
0.002002705999998966
0.0019775469999991913
0.0020664960000011945
0.0018055429999996875
0.0015202090000023816
0.0016923980000029815
0.001943127000000544
0.001674452999999687
0.0016962999999989847
0.0017052910000003862
0.0018787959999997383
0.001774813999997349
0.0018585040000012043
0.0017804400000009935
0.0018064729999984763
0.0017154760000011038
0.0019753549999990128
0.0017212660000005542
0.0019173190000003615
0.0018982290000018054
0.0018433620000024575
0.0019352110000028233
0.0017551110000013637
0.0018408930000006762
0.0018337559999999087
0.001664084000001509
0.0018868800000007013
0.0019464179999992837
0.0015103610000011258
0.0019315320000004021
0.001763233000001918
0.0018346260000008385
0.0018508459999999616
0.0017808799999983194
0.00152504600000114
0.0019078800000009721
0.001903571999999798
0.0017007190000022376
0.0016514649999983533
0.0015785789999966937
0.001866016999997555
0.0018103859999989425
0.001650679000000821
0.0021243069999989928
0.0020394010000011065
0.0016866379999989078
0.0016155319999988649
0.0018202289999997845
0.0016293460000014193
0.0018205540000018061
0.0017981079999991323
0.001745029999998593
0.0017740709999998217
0.0015599279999989335
0.0017645289999990155
0.002017550999998008
0.0019077480000007085
0.0018012099999999975
0.0015364810000022544
0.0017612830000004465
0.0018376139999993768
0.001444863000003238
0.0017052980000009654
0.0016223050000014894
0.001819582999999625
0.0017010090000013633
0.001773112999998716
0.0018562739999978817
0.0019417219999979807
0.001875551000001252
0.0018136459999986698
0.0019216640000010443
0.0021168090000003303
0.0014592960000001653
0.0018834959999978196
0.0014449749999982942
0.001796705000000287
0.0018203720000009582
0.0017962380000007272
0.001691910000001684
0.0018073269999980823
0.001696160000001612
0.0015864649999990377
0.00174447599999894
0.0013945490000004668
0.0018762780000010082
0.0018333170000026655
0.0017870830000035198
0.001982737999998818
0.00187262200000049
0.001840921999999523
0.00177863100000053
0.0016254189999997948
0.0018468540000000644
0.0017060379999982445
0.0017118799999984446
0.0017793839999988847
0.0018341080000006116
0.001855603000002759
0.001466227999998182
0.001933489999998983
0.0016983510000017077
0.0017034579999979371
0.001970223000000715
0.0013934280000000854
0.0019207710000017642
0.0019698969999986105
0.0018142940000025476
0.0013659950000004528
0.0018029979999987233
0.0018868440000012754
0.001737771999998472
0.0017718840000000569
0.0018155210000010413
0.0019108409999972764
0.001595765999997667
0.0017925440000006176
0.0017627259999990486
0.0017708100000000115
0.0018861249999986285
0.001728319999998007
0.0018119379999994578
0.002162320000000051
0.0018054559999995945
0.0014413230000016597
0.0016848169999974516
0.0018866730000013376
0.001798998999998247
0.001927034000001271
0.0016801079999986257
0.001725987000000373
0.0018335120000010363
0.0019874279999996247
0.0017622290000005592
0.0019044609999987472
0.0019364209999999105
0.0017165939999976843
0.0015733789999998748
0.0018537289999969175
0.0016569359999998312
0.0017871659999997291
0.0017946829999999636
0.0019144659999987823
0.0019597240000024385
0.001893514999999013
0.002029278999998496
0.0018530339999998091
0.0020140660000009802
0.0019311990000012713
0.0019289430000029029
0.001794720999999555
0.0019171089999971969
0.0018857059999994874
0.001993191999996924
0.0019591989999980797
0.0017778230000011774
0.0019058240000013882
0.0019274389999992536
0.001875026000000446
0.0019227410000013379
0.0018910739999995485
0.0017706369999999083
0.0017418649999996205
0.0017689589999996258
0.0016711809999989669
0.0018061050000000023
0.0019959559999982446
0.001850852999996988
0.001901346000000359
0.001919167000000499
0.0019639120000007892
0.0018730879999999672
0.00192988700000285
0.0018799469999990492
0.0018643379999971899
0.002028985999999122
0.001961138999998724
0.0019243170000002863
0.0017487989999978026
0.0015869309999985148
0.0018151449999983527
0.0019287500000011448
0.0020256520000003775
0.002051815999998041
0.001924222999999614
0.0016728000000014731
0.001795132000001587
0.0017404570000003616
0.0019731229999990774
0.0018848869999992246
0.0019099009999976602
0.0017708560000002649
0.0019393320000027359
0.0018659710000008545
0.0018276800000016635
0.0018490409999998292
0.0019211939999976835
0.0019465130000000386
0.0019664810000001864
0.001818368000002124
0.001907841000001298
0.0017268480000005582
0.0017638430000026517
0.0018843390000000682
0.0017997409999992442
0.0020324959999982184
0.0017022669999988693
0.0018992229999987842
0.0019072860000015623
0.0019285090000025207
0.0018068719999995153
0.0019408299999987833
0.0018923540000024275
0.0019380899999994483
0.002086165999998002
0.00202705399999914
0.0019998499999971386
0.0020573960000014324
0.0020605939999995826
0.002103780999998861
0.001889047999998894
0.0018945779999981482
0.0018277329999989433
0.0016756449999988376
0.0019537169999992443
0.0016910470000013333
0.0017506649999994295
0.002033466000000317
0.0014527250000000436
0.0018112320000014392
0.0019041430000008575
0.0018002779999974905
0.001737514000001994
0.0017215959999994368
0.0018273159999999677
0.0018730090000005362
0.001441832000001142
0.0018937319999992042
0.0017341880000003584
0.0018350879999999847
0.0020144100000010212
0.001933587999999986
0.001736656000002057
0.001965719000001087
0.0017900990000008221
0.001700603999999828
0.0018705719999978498
0.0019798699999995506
0.0019908520000022634
0.0019323710000023198
0.0017943280000025652
0.0016654450000004317
0.0018590139999972166
0.0015856129999995972
0.0019519400000014286
0.001722947000001085
0.0015590540000012254
0.0021488729999994405
0.001969938999998533
0.0017676249999993843
0.0019289200000009998
0.0018429670000017495
0.0018864139999976715
0.001967866999997625
0.001994582999998329
0.0018267119999997306
0.002014743000000152
0.0015184460000021716
0.001996625999996837
0.0019449629999996887
0.0018072199999998872
0.0019875390000017035
0.0020633379999992485
0.001863197999998789
0.001871725999997409
0.0017743350000003488
0.0020818590000004633
0.002086292000001322
0.002058204999997315
0.0018754359999988424
0.0015986290000000736
0.0018538590000005684
0.0019719799999968757
0.0019833089999998776
0.0014805249999980674
0.0016017819999980532
0.0018655770000002292
0.0018665550000029896
0.0018065400000004672
0.0017998339999998336
0.0016314129999983606
0.001818708999998364
0.0019952879999998174
0.001693471000002944
0.002025239000001733
0.0019740669999990246
0.0021177530000002776
0.002064723000000157
0.03459907700000109
0.0018452100000008187
0.001998915999999795
0.00192920799999996
0.001727855000000389
0.0015916610000008546
0.0017797549999993834
0.0018089599999999706
0.001603321999999352
0.0018180139999994793
0.0018703720000008417
0.0018389509999998666
0.0018886709999996754
0.0019626480000010105
0.0016768989999995654
0.001816821000000246
0.0018301920000016736
0.0017817099999994923
0.0016812440000002482
0.0016071800000005965
0.0016161919999984065
0.0014059450000001306
0.0017641719999996752
0.0017058070000004477
0.0018381819999984117
0.0017397439999999875
0.0012786870000009998
0.0015046650000005712
0.0017747710000008965
0.0018477409999988481
0.001692448000000013
0.0015186749999998028
0.0017087980000010106
0.0018141729999996414
0.0018272340000002885
0.0015443739999998485
0.001320272000000955
0.0016005809999999343
0.0017633379999999477
0.0013125850000008654
0.0016733230000003374
0.001563028999999716
0.0018294510000007591
0.0017747820000000303
0.0016833119999990487
0.0017757669999998171
0.0017822949999999338
0.001697140000000985
0.0018211709999995662
0.0013181269999993361
0.00178132799999986
0.001988224000001537
0.0017580969999997365
0.001531251000001177
0.0017529560000006938
0.0017309369999995994
0.0019587269999998824
0.001753257999999036
0.0019104960000007054
0.001631086999999809
0.0017213710000003601
0.002075008000000267
0.0018504779999997112
0.0017747930000009404
0.0014990340000000657
0.0012996190000009733
0.0019204610000009836
0.0018772269999995927
0.0018289940000002503
0.001875949000000432
0.001983215999999288
0.0018035970000003232
0.0016679019999994438
0.001647087000000269
0.001978161000000256
0.0020079329999997952
0.0018135729999997352
0.0019035669999993843
0.0014524030000000465
0.0019475379999995823
0.001704526999999345
0.0018373139999994237
0.001990776000001304
0.0018112460000008213
0.0016512239999997291
0.0019001720000009215
0.001645899999999756
0.0019857690000009143
0.0018395649999991548
0.0019682230000004353
0.001852354000000389
0.001774484999998549
0.0017982420000013377
0.0014964699999993059
0.001795221000000069
0.0018744700000006276
0.0016632350000005403
0.0018577579999998761
0.0018586509999991563
0.001612338999999352
0.0014944480000007587
0.001453489999999391
0.0016308989999984647
0.0017939780000002514
0.0014599749999995026
0.0018301009999994733
0.00165495000000071
0.0016585599999991985
0.0020078809999990455
0.001954418000000402
0.0015423220000005955
0.001889303000000453
0.0015384980000003878
0.0016429130000013004
0.001584124999999048
0.001608467000000502
0.0017198360000012514
0.0015289619999983017
0.0018419050000009207
0.0017259529999993362
0.0018859850000012557
0.0018251630000012398
0.001882972000000649
0.0019322390000002798
0.0018612469999990111
0.001985797999999761
0.002016306999999884
0.001658782999999886
0.0017699600000007365
0.00120964400000112
0.0015926650000004372
0.0018113830000014985
0.001957365000000877
0.0019191190000000802
0.0015052579999998983
0.001877856000000122
0.0019197359999996166
0.001810655999999966
0.001958738999999099
0.0018847720000003676
0.0018045379999982458
0.001900276999998951
0.0017862820000011936
0.001987673000000356
0.0016901780000004862
0.0013948359999993443
0.0015133659999992943
0.0017658699999998362
0.001739415999999494
0.0017526599999992953
0.0019085360000001828
0.001875379999999538
0.0018246669999992804
0.0018405369999996424
0.0015490119999999052
0.001865565999999319
0.0015291420000007605
0.0018614680000013095
0.0019016419999999812
0.0016047559999989858
0.0019014399999992548
0.001774830000000449
0.0017952179999998208
0.0018568910000009708
0.0016585819999992424
0.0017210579999993314
0.0016159850000008191
0.001454316000000233
0.0017044429999995003
0.0018487700000004992
0.0018521029999991612
0.0016657179999999272
0.0017423140000012438
0.0016834970000001448
0.0016488040000002258
0.0013104019999996552
0.0018080769999997415
0.0017380889999998317
0.0018363380000003815
0.0017150140000001812
0.001827336999999929
0.0024024940000000328
0.0019661679999991577
0.001969538000000881
0.001915444999999849
0.0017846690000009602
0.0019246299999995387
0.0018272649999993007
0.0038480980000006326
0.0036910009999999716
0.004319540000000899
0.004477315000000814
0.004602351000000837
0.002037936000000684
0.0018355700000007857
0.002894051000000175
0.003542130999999671
0.004425149999999434
0.004463331000000181
0.004789003999999153
0.004049849999999466
0.003852421999999578
0.0034941459999995317
0.004021900000001466
0.0035961699999997876
0.0019439359999999795
0.0029103269999986026
0.003748682999999531
0.0035038840000005678
0.003650035999999801
0.002954089000001048
0.001817122000000282
0.0014388209999989243
0.0019581489999982438
0.0014597409999996813
0.0017131619999997127
0.001723174000000327
0.002009909999999948
0.001780003000000363
0.0018112509999994586
0.0018136299999991223
0.0018137540000005004
0.001739641000000347
0.00191998900000101
0.0016187769999973511
0.0017413669999974957
0.001428344999997222
0.0016804969999988373
0.0019492339999978014
0.0014837039999981982
0.0018641260000009652
0.001954872000002439
0.001828555999999537
0.001675140999999769
0.0018417319999990411
0.001712530999999018
0.0017687150000007534
0.001820677000001325
0.0018017509999985748
0.0020259200000012356
0.00181995499999843
0.0014349280000018894
0.001949690000000004
0.0018765740000006303
0.001830600999998211
0.0016861719999994307
0.001822412000002771
0.0016088490000001343
0.001634039000002474
0.0017299539999982017
0.0015119759999997484
0.0016785400000003392
0.0018259699999987333
0.0019086450000003197
0.0019590649999976506
0.001996565999998978
0.001717558999999369
0.001762107999997653
0.0016933649999977263
0.0017027089999999134
0.0018049270000020101
0.001950867000001466
0.0018708449999991217
0.001715096999998167
0.0017924049999997749
0.001736648999997925
0.0017236199999999258
0.001709865000002253
0.001859996000000308
0.0016967880000002822
0.0017373039999988293
0.001877813000000117
0.001991454999998865
0.0017960489999993001
0.0018359869999997613
0.0014932360000017297
0.0015858050000012724
0.0016480940000000999
0.0016649860000015337
0.0017501939999995386
0.001688787999999164
0.001807679999998868
0.0019104179999978044
0.0018028340000029175
0.0017962450000013064
0.0019658090000014283
0.0017269360000007339
0.0018208109999982014
0.0019806170000009615
0.001707687999999763
0.0017281000000011204
0.001965561999998755
0.0016801469999982999
0.0017835619999999608
0.0017262739999992505
0.001713004999999157
0.001684956000001847
0.0017182200000007697
0.0018612359999998773
0.0017312900000021614
0.001755493999997526
0.0019714139999997826
0.0019413459999988447
0.0015262570000018627
0.0018686609999996051
0.0020126779999998234
0.0016796680000012998
0.0019924570000000585
0.0019147659999987354
0.0019292100000001255
0.0021637370000000544
0.0016808250000011071
0.0019477069999993546
0.001439820000001646
0.002122076999999223
0.0019968249999990917
0.0019792739999999753
0.002007860000002637
0.0014803560000018479
0.0017971580000022414
0.0017081420000018
0.0019379020000016567
0.0016763339999990023
0.0012987809999991384
0.0017454539999981478
0.001529529999999113
0.0018361270000006868
0.0019444110000002013
0.001642293000003292
0.0016535070000003316
0.001661534000000131
0.0017283950000006598
0.001980757999998417
0.0016491420000015466
0.0017066829999983213
0.001554853999998329
0.0019496790000026465
0.0019342380000004766
0.0018486479999992866
0.0015224939999995968
0.0014394610000003638
0.0019126370000002169
0.0019997939999996106
0.0019137710000016739
0.002349119000001565
0.0018765250000001288
0.0017836339999988127
0.001512001000001817
0.0016772180000010906
0.001734755000001087
0.0018695380000011141
0.001963165999999461
0.0016789849999980788
0.0016341490000009173
0.0017848620000009419
0.0014254449999988594
0.0018244830000000434
0.0018906390000026363
0.0014170130000010772
0.0018993330000007802
0.00192973899999771
0.001875017999999784
0.0018846090000010918
0.0018228849999992747
0.0019146629999973186
0.0018087019999981635
0.0019170860000023993
0.001988011999998207
0.0015677469999992866
0.0018269939999981943
0.0019804169999986243
0.0019352540000028284
0.001960362999998466
0.0017692759999974328
0.0017811190000003307
0.0015508709999991765
0.0021067799999983094
0.0017721360000031439
0.0017903850000031696
0.0018518879999973592
0.0017448110000017891
0.001753315999998506
0.0018609850000004258
0.0020343810000014173
0.0019258440000022858
0.0018935369999972806
0.0019253570000010711
0.0017057819999983792
0.0018948529999995856
0.0020862149999985036
0.001800820999999786
0.0017783050000019784
0.0018807719999998085
0.0018347059999967996
0.0017936039999995046
0.0020233879999977944
0.0019139810000012858
0.002013379000000981
0.0018452909999986389
0.00190230600000163
0.0017978539999994325
0.001979124999998305
0.0016886639999995623
0.0019949940000003608
0.00175124000000082
0.0013312150000004408
0.001754110000000253
0.001660324999999574
0.0013638940000006983
0.0017931139999980417
0.0017103789999985963
0.0018476319999969348
0.0017668429999986301
0.001730358999999737
0.0015920109999996157
0.0017954539999998076
0.0017538500000000568
0.001972321999996751
0.0019410860000022012
0.0017359180000013907
0.001849820000000335
0.0017847959999990337
0.0017666540000007558
0.0019107560000009016
0.0019082299999979568
0.0017748599999976022
0.001686103000000827
0.0019413740000011614
0.0019089199999982043
0.00192696699999928
0.0020894570000002943
0.0018234509999999204
0.00177205700000016
0.0020721489999999676
0.0019212029999984281
0.0019223229999987268
0.0017752860000008752
0.0013495160000012163
0.0018157059999985847
0.0014320290000000568
0.0017108679999999765
0.0018568510000029903
0.001957240999999499
0.0019611719999979016
0.0017777039999984368
0.0015647940000000915
0.002049274000000878
0.00203809899999996
0.0019143679999977792
0.0017572290000025248
0.002019435999997654
0.0015692389999983902
0.0015890779999985227
0.0016747079999994696
0.001613234000000574
0.001941028000000955
0.0020070830000022966
0.0016975400000021068
0.0016692710000008049
0.0015447680000022501
0.001873836999997991
0.0017372509999979968
0.0015821170000016593
0.0017944579999991106
0.0018792900000015322
0.0019905669999999986
0.0018698529999987556
0.0019636540000007585
0.001952717999998299
0.0018312300000005166
0.0016294789999982129
0.0014140880000006462
0.0016974740000001987
0.0018762680000001808
0.0018690799999987462
0.0020390729999988366
0.00200082000000279
0.0019111900000012838
0.0016221059999992349
0.0019535840000024507
0.0017580260000009673
0.001743886999999944
0.0018523479999998926
0.0019003769999983433
0.0019461360000008199
0.0019223689999989801
0.0018618529999976374
0.0015762190000003784
0.001659360999997972
0.0018312290000004339
0.0017524269999995568
0.001823370000000324
0.0019310010000026523
0.0018343180000002235
0.0018483069999994939
0.0017257740000005128
0.0017231259999981319
0.001786308999999875
0.0017282660000006445
0.0019062329999997019
0.0018388929999986203
0.001987138000000499
0.0019103380000018433
0.001819368999999682
0.0018284949999980427
0.0017190849999977331
0.0018251730000002908
0.0016778469999998435
0.002030021999999576
0.002039177000000336
0.0020042069999988144
0.0015665769999984036
0.0018168100000011123
0.0018194489999991958
0.00184381900000119
0.0017860739999981945
0.001748061000000689
0.0015803130000016097
0.0020613529999984337
0.0019986010000003773
0.0018554349999995168
0.0017473740000006899
0.0015765499999993438
0.0018292970000004516
0.0016554510000013067
0.0016938379999977826
0.001962612999999891
0.0020449620000029256
0.0018540250000000924
0.0017381000000007418
0.0019081039999981897
0.0017719919999983347
0.0018308160000017892
0.001721547999999018
0.0017633359999997822
0.0017907340000000715
0.0015119300000030478
0.001715415999999692
0.001887134000000401
0.0017989089999979058
0.0017970089999970185
0.0015692330000014465
0.0017903459999999427
0.001903619000000134
0.001415357999999145
0.0018306459999983815
0.0018419679999972516
0.001905876000002138
0.0016698149999996303
0.0016929330000010623
0.0018830250000014814
0.0019142519999988394
0.0018060339999976804
0.0018021600000004412
0.0019834200000019564
0.002024393999999319
0.0013571630000015489
0.0018481910000005541
0.0013914390000024923
0.0017563349999996092
0.001877674999999357
0.0018107760000027895
0.0016208579999990036
0.0017614919999999756
0.0018825499999977069
0.001676576000001262
0.00193367900000041
0.0015167869999999084
0.0019982449999993435
0.0018437109999993595
0.0018279210000002877
0.0018693269999978668
0.001843721000000187
0.001882687999998467
0.0017004659999990679
0.0016627650000025085
0.0017364340000014522
0.001770195000002417
0.0017454410000006249
0.001881821000001338
0.0018562429999988694
0.0018457380000000967
0.0014109560000008514
0.0019694250000021896
0.0017139559999996834
0.0014169390000020599
0.0018074280000028864
0.0015160679999972615
0.0017875089999996874
0.0019399540000009097
0.001805003999997723
0.0013921590000016693
0.001856746999997938
0.0020252999999996746
0.0018308289999993121
0.0018340210000005186
0.0019514779999987297
0.0018614750000018887
0.0015541940000005638
0.0018152629999974579
0.0017624979999979473
0.0018242149999991852
0.0017445699999996123
0.0017185710000013898
0.0017049290000024087
0.0018767120000013904
0.0018506850000008512
0.001520385999999263
0.0014922649999995485
0.001943103000002111
0.0018228980000003503
0.0017829650000003028
0.0016432189999981972
0.0018197140000033585
0.0018026720000001717
0.0018669270000017946
0.0017249089999999967
0.0018304029999995919
0.0018276660000005052
0.0019582290000030866
0.0017173009999993383
0.001805505000000096
0.0015735209999974131
0.0017863110000000404
0.0017779099999977177
0.001978480000001781
0.001987845000002153
0.0018824009999995894
0.0019207809999990388
0.001909339999997428
0.0020031709999983605
0.0017744109999995317
0.0016734579999990729
0.0016588440000013804
0.0018050649999992174
0.0017477089999999862
0.0017769340000022282
0.0016544080000002737
0.0017257229999998458
0.001932098999997578
0.0018762400000014168
0.0019137090000000967
0.0017172099999989143
0.0018629779999983498
0.001579734000003441
0.001712541999999928
0.0016916149999985919
0.0018205910000013148
0.0019041489999978012
0.0020284110000012845
0.0017855159999982106
0.001891878999998653
0.0020090880000012135
0.002043154999999075
0.0019744980000027113
0.001961648000001759
0.0019818819999990467
0.0019765780000007283
0.002020107999999965
0.0017843110000015372
0.001774121000000406
0.001977812999999884
0.0018219290000018873
0.001953282999998862
0.001976104000000589
0.0020014159999988124
0.0020562700000006373
0.0018521140000018477
0.0014672089999976379
0.0016957160000004023
0.0017000990000006766
0.0017954909999993163
0.0018934799999996699
0.001975543000000357
0.001768613999999502
0.001994427999999715
0.0019974420000004045
0.0018605150000006176
0.001814874000000799
0.0018161020000029282
0.0019042730000009556
0.0019442710000028285
0.0016717980000002797
0.0017498789999983444
0.0017383899999998675
0.001803338999998516
0.0018204510000003893
0.0017008159999996053
0.002017530999999906
0.0017607049999988078
0.0019181259999996314
0.00190934700000156
0.0017437260000008337
0.0017363140000021815
0.001975400999999266
0.001716740999999189
0.0017535270000017533
0.001918933999998984
0.00188562099999956
0.0017483400000024574
0.0017784590000005096
0.0016977070000017136
0.0018959390000006238
0.0018577740000012
0.001813300000002016
0.0019641139999997392
0.0018334049999992885
0.001698705000002576
0.0016377269999985344
0.001822816000000671
0.0019462219999972774
0.001404134000001278
0.0018223860000006198
0.0018734739999999306
0.0016909050000002424
0.0018281319999999823
0.0017888699999986102
0.001721010000000689
0.0016838280000008865
0.001535167000000115
0.001864526999998617
0.00167670600000136
0.0016437630000005754
0.0018599590000007993
0.002021597999998903
0.0017468889999996406
0.001977173999996751
0.0018338550000009946
0.0016741079999995634
0.0017227509999990787
0.001876113999998097
0.0019464969999987147
0.0017728659999995955
0.0017519929999991746
0.0017456429999995748
0.0019591119999979867
0.0016383580000010056
0.002028930000001594
0.0015872879999996314
0.0014540140000001145
0.001883631000001884
0.0019247939999971209
0.0016857879999996328
0.0019093140000023823
0.0018286650000014504
0.0017775699999980077
0.001809415000000314
0.0019952829999994037
0.0020107910000000118
0.0020613259999997524
0.0015098980000018969
0.0020672630000007075
0.0018227149999994197
0.0019993189999993888
0.0019372759999995992
0.0019312629999994613
0.0017987029999986248
0.001988793000002431
0.0017098940000010998
0.0022225159999997857
0.002030002000001474
0.0020881070000022817
0.001977480000000753
0.001667559000001262
0.001763356000001437
0.001931276000000537
0.001871175999998087
0.0015027309999986471
0.0015509770000008416
0.0018714690000010137
0.001768515000001969
0.00180810200000181
0.001750626999999838
0.0016122729999992202
0.0018670479999975953
0.0017926959999989833
0.0015407500000002017
0.001964246000000003
0.001963996000000634
0.0019103230000006022
0.002120529999999121
