0.9738082824284816
0.46906207631101393
4.0577111389337155
6.517590411713243
6.151645931053991
24.63884938243657
16.640186560948255
4.511722426362595
20.032580620582756
34.939385168374905
1.037024916206103
0.5023279193401861
3.959192666207173
7.683972546769419
7.931105459765268
24.0270042387543
16.66803387279634
5.199201005628227
20.148439112108345
31.933669104537685
1.114643874719196
0.4682103365017064
3.7379962080797475
6.916657509813639
6.786386474170184
19.628955440072357
15.20365562663833
4.638022240585343
19.132599202703503
37.98646650785006
