5.105670656015166
2.4374982349774035
0.9558410380989361
2.387759290158391
0.3904944419261566
7.294425395932904
1.4063714748295415
23.329567931625387
5.576164121135546
4.25432348893821
5.108190374408937
2.291414808409345
1.00636595143971
2.4059111511932865
0.3649302743825312
7.3087003911286885
1.507021260312007
14.812114796541355
5.42824268106498
3.7067978791291845
4.963406567868162
2.3319825445991578
1.0285341970071538
2.523837235365601
0.3982120640916355
6.387033734217207
1.5244463378782394
21.988019756129116
5.6473416623685955
3.736444838664034
