7.61031738680998
5.1913710982010235
13.100764391948246
10.529452716770999
0.5059587606174997
3.853369323983947
4.134751337805135
4.311374338131397
18.127718510264692
17.89480130211891
8.252377136988017
4.917818583375688
13.653256248768722
10.57872027906374
0.4636303989534744
3.7762095595520457
4.063990091189244
3.6453205221645546
18.728980790877692
21.519594126066554
8.217644096082338
4.686217453814234
14.501358156038618
10.290543086777008
0.4498978022694321
3.6729130859363375
4.045070042073186
3.611223614827201
16.474052591542524
20.987865101439166
