0.9995064165844028
9.989169675090253
14.821901323706378
8.732805842970176
9.604909680407596
2.7964899178491414
17.64218009478673
17.042219541616404
13.684834123222748
50.07471647765177
0.9995064165844028
9.989169675090253
14.821901323706378
8.732805842970176
9.604909680407596
2.7964899178491414
17.64218009478673
17.042219541616404
13.684834123222748
50.07471647765177
0.9995064165844028
9.989169675090253
14.821901323706378
8.732805842970176
9.604909680407596
2.7964899178491414
17.64218009478673
17.042219541616404
13.684834123222748
50.07471647765177
