4.755798090040928
0.9423156729838151
5.475872308834447
9.260721247563353
1.5736775818639799
3.1720484359233097
0.856275795095897
3.581408450704225
2.487781656616947
3.16
4.755798090040928
0.9423156729838151
5.475872308834447
9.260721247563353
1.5736775818639799
3.1720484359233097
0.856275795095897
3.581408450704225
2.487781656616947
3.16
4.755798090040928
0.9423156729838151
5.475872308834447
9.260721247563353
1.5736775818639799
3.1720484359233097
0.856275795095897
3.581408450704225
2.487781656616947
3.16
