4.3981358189081226
1.096517626827171
0.48151910023286926
4.86234281932495
3.713466042154567
3.9514627659574466
3.815040650406504
0.5054153640017865
4.265387160820649
4.646143437077131
4.3981358189081226
1.096517626827171
0.48151910023286926
4.86234281932495
3.713466042154567
3.9514627659574466
3.815040650406504
0.5054153640017865
4.265387160820649
4.646143437077131
4.3981358189081226
1.096517626827171
0.48151910023286926
4.86234281932495
3.713466042154567
3.9514627659574466
3.815040650406504
0.5054153640017865
4.265387160820649
4.646143437077131
