18.05939716312057
0.5329212049847905
4.637690776376908
4.033583959899749
4.06631299734748
15.799585921325052
81.20187165775401
59.6000664893617
21.66357738646895
40.468340368806935
18.05939716312057
0.5329212049847905
4.637690776376908
4.033583959899749
4.06631299734748
15.799585921325052
81.20187165775401
59.6000664893617
21.66357738646895
40.468340368806935
18.05939716312057
0.5329212049847905
4.637690776376908
4.033583959899749
4.06631299734748
15.799585921325052
81.20187165775401
59.6000664893617
21.66357738646895
40.468340368806935
