1.2700935386259637
124.43828490460395
1192.540611123192
2937.231999165501
3303.5730081261
2937.2372845595405
3490.0529200308115
3005.1583956993413
5542.689257874102
105.58907771567543
4408.213968950941
4419.894701025683
4315.350593017945
4601.707152823691
5257.32464208729
87.17262919606009
3694.1216335220374
82.81413479899464
1678.6130569576233
2430.032432980347
2477.2512154650744
71.86311656313481
2026.6913209635793
2750.6711736433026
3160.309496191001
574.4607312050571
2519.180826943753
2023.2188351471614
3948.45391022929
1495.4155469378316
902.0954920215579
2665.0043302623653
2375.1320758240045
63.909057760558554
2254.784100491016
1102.2273710858547
3577.6725945742046
2878.784323187762
2095.3185079360237
2491.014189152207
2707.9375085058286
1383.7762444975078
3442.4264046748126
2894.1854971533353
68.51027693906573
