956.1012291152601
930.3968763305393
705.5590150922477
47.90696792324974
1424.615043650273
1300.445288311388
98.3330305181117
84.2607333642933
794.1210895416206
57.311016400792006
1362.7893440861974
684.8765474552415
2097.837108813435
97.03331417365581
69.08325817159127
39.275584333487224
953.4128096020202
71.5259852741154
210.79499550586155
202.49879453518506
95.2824096289426
790.7628064771351
520.127746139512
1080.83826904224
0.8595237013257184
38.58123635162967
184.81306304207934
1975.1571627469368
1705.560005905401
1891.152602900421
63.01401430972923
1857.0706540899253
1681.9207819624162
1879.0160065272894
1041.6932400625521
59.14948970511636
1784.0060959261514
255.00878196187332
0.05740116037703993
1453.233271498972
34.43235734750896
281.95677575322287
46.20659580569427
205.85994735076812
145.89442930028503
