55.78569998391119
2482.8282149920738
67.26571223252495
1804.8412386410705
2372.9911687253657
2281.0765609574432
0.9555544803304376
210.79062496096316
316.3984158075912
4.637571785530765
86.514612363591
210.26697602660383
868.6480745980025
1306.4327686735396
59.433481217695736
184.19155607018877
692.7263920058759
1845.4424343705405
1617.2427105565844
1784.054202574924
1783.6223943150394
1851.6718489499597
1668.2091568571898
1815.016296379919
1939.7102704360377
95.14716784514201
61.420167763730674
1028.6325256434325
397.4482504012783
53.39524943109681
399.95388093660813
2089.5552721841345
109.89864737429174
1945.425192142248
79.58328866223903
267.05195502134364
113.5568582954779
1378.6925613176206
1320.078094883449
1138.9655153058604
23.9216423775575
103.29528707044763
51477.78831081756
54.24216416360459
97.75137116482857
