0.15242514978399463
14.137950532970583
6.323348511645211
5.99809644128061
6.420328823110655
6.654038530025062
24.058750277007725
1.2664946918147788
9.91643806268005
5.691652501754032
11.156147583486652
4.592821488717821
21.046603496173518
21.46721860520297
16.21131079525969
0.09563588482681801
0.13954129478521857
24.000514496767448
18.905786972840026
15.08854826193422
14.814861381466674
17.883081110648195
26.898310222396955
5.61530138760596
17.283782804505943
24.274039065189488
13.055127859806213
11.816727699480392
25.081147606969704
28.510695633731157
23.979086795379743
3.0043857586596867
5.249873937005437
2.414823963120062
9.954035161675689
12.471123221523909
10.855808718564797
11.708030546268978
13.644979729393055
7.18796250423881
6.682385400569949
9.993892472771257
12.817143443486493
12.70112565209401
6.049174087078963
