1.5172714562497724
5.707604785102168
0.12560513840200335
4.7026035165373745
2.0463547699356512
3.741596542296823
5.867912882945622
2.2761009438203117
4.456094985671667
8.758048218481003
0.8252226542777745
3.94219759841791
5.452643169434143
9.179042241366025
7.43324855071448
7.105407961716461
1.8257793471508506
4.68124876031614
2.665428995365656
1.6240438543320999
3.6788346172040605
2.659777584901222
9.476753532122906
1.1787664379717908
3.825418231824042
9.420245887080203
8.944031961294854
0.7365887884609086
3.266430130997545
3.449011063500831
1.3984058330846907
12.595813514837696
12.177103794655599
4.7272167646021686
18.713406451714384
18.985733866357073
2.643921980249147
0.8838698236025926
16.3421207488583
0.7983960769098812
4.805165046301874
1.3292330236619967
8.415256899101209e-05
4.327440547558905
0.25372049514140294
