0.9088616118106457
38.08109443729671
21.393745544222433
0.4561549837925331
9.111278552322613
1.3710279876624678
10.326234961379727
3.0973944947527166
3.8807129294950755
17.492320475590848
4.738806867914504
10.572023621093601
4.509155695102445
8.456856594316
6.877718839628238
0.4479716658442843
6.1548277537919525
4.338392865425073
20.04812912700748
7.910562686090528
6.444999590087413
28.12262849988295
28.898373282240414
21.962748976693153
22.96611628859487
58.33904052829177
19.759005513226217
35.78952476770458
27.789183590679894
0.7803543664389206
26.694595696411252
2.1332947786397383
9.941983750846223
4.280076245270299
26.51153178571
4.6807412996409745
13.045474765854596
8.721301074887492
9.567287948668255
0.5872650790020391
7.037564858128595
21.697095075211337
13.48549429622393
22.84502726764964
10.55615496117567
