4.041809943838417
12.699655332487058
0.954416665072551
55.531177292201264
0.959505500545342
5.355908585349704
0.626859520423283
19.048977576535552
6.784920575752461
16.46416998160867
4.123884837686918
2.182623990235909
12.045181120540212
4.955665697212543
50.94843891153
7.834138058859037
13.693089600281883
33.95698060434917
27.721261268599147
0.4484597470229701
6.918282584614818
0.6630957752235006
2.803671967112964
44.89836392519178
7.723062855526285
20.851486754690484
0.4615382613956788
7.697405704177937
100.12746322106925
11.730794458059275
9.852833497551018
14.100911506458417
27.618991069438547
17.655688679785868
18.115573275629668
19.236246020269597
4.6307985101074305
8.355435231328677
1.3239197113212604
1.3544969803879663
1.1506676798888247
5.191729742892443
15.976226516367412
30.298481015213135
3.1484051614746997
