10.559953434225845
12.176180408738547
4.372408293460925
14.096485623003195
0.5292978701722205
12.812453669384729
11.127915726109856
3.1472697186982903
2.2219917012448134
5.381466319315221
22.18608907870653
0.5068371317398555
2.4260089686098656
0.7953497309761721
6.0748702742772425
5.1939468807906115
6.071480144404332
6.811154598825832
0.7257236158527535
0.05407958839867049
16.64269829503336
5.576619273301738
0.366747868453106
2.190497257122633
2.6508524833209783
0.9593182509891448
14.019273535952557
0.8982403238465033
10.403519061583578
0.7095946639302206
0.6766840621438426
1.0624064971147682
3.438675696012039
3.6902144035184166
9.693140794223826
13.157785825142266
0.14937983850828268
10.283914010378059
5.1375623663578045
5.343217197924388
1.3549586776859504
0.3716943709860219
3.891044776119403
5.560754716981132
0.6152149468039096
