12.89703885473543
8.985336385985455
3.327837927864676
425.51007944844224
1.3724794679431078
369.92877588194153
3.336710173094458
331.05250340553806
4.8351564961662135
388.57319397914836
402.2530772706473
424.429969784185
438.90792329594956
2.2946609878421937
3.332529390112668
2.279639152778584
332.43833014246815
409.778140539733
1.3586960139924782
377.98088738632254
382.7995454770157
5.043478651698251
3.2397617276154556
2.2007829208977623
389.6317101211241
437.8382598902522
409.6620219248609
2.322798674474665
407.923116550853
383.27616879407776
439.2963926299565
2.1816345678472104
1.3741059406326566
382.16905939583535
4.931415769852347
2.2919362518657116
2.2308843467727533
384.55263091508505
405.10327896943977
426.1874603774301
439.70749812720715
343.7156556252075
2.2709611369219305
4.959129183014937
1.0176052009510548
