3.170686508166099
629.0092436742412
1.8746383638329898
680.8387606422656
658.2980466587989
7.779817155292616
1.9136115065105257
3.017074388579387
5.032391822302271
572.9304292616049
1.8892103942069172
3.8003395739907697
4.97047557468231
3.7267430185500436
362.549836770015
1.8030414599656948
711.7673547636667
13.158723638896054
1.2291487400944499
3.8630496116527815
4.8376615788793424
1.835556282390365
541.3006540395477
588.9102888936567
5.286412114545773
1.8018366262399892
1.920122880792181
3.9091116897306395
1.9780620460396985
637.8233631481617
2.996730483126194
640.3649739026192
596.710152673759
678.8564496526323
610.4629276733815
676.5884958667258
718.8527085219764
1.772301497142016
692.2299348999876
678.5243042232048
715.5592600626555
625.5106642346633
5.163857218246933
723.6355122141026
7.881156955558589
