2.892373284167663
0.6976600134274792
2.6766057030123602
453.16038740113817
395.0471759826713
410.60888886736774
5.525520893014726
7.004590586585117
4.111331397139883
1.4277270882891202
421.1746968327474
368.7197433031357
447.7754856582244
440.35573961654006
406.3753525816572
453.3488433958187
428.4478780101987
5.0384906104389735
680.4321844093963
619.5481634979226
3.4624509796514276
4.688239320866295
5.660072525639421
359.1905015714906
2.6759717282447046
3.440358285209874
2.7460206212128595
592.7185764034314
11.15218479439466
705.0517350802961
2.9162647747663812
8.385335860413765
587.5529313924552
455.6480668667908
3.7401229518975727
517.2931706204967
623.7435834536266
7.606920771113928
1.4141263212984172
8.459359271699538
1.307431658714049
2.3096779765810744
1.6086067400270037
611.2685005601643
0.5721208479538479
