8.062119902880589
1.3323531654370782
8.166994282824913
10.249251201644197
3.275786558166882
5.080434835411173
1.9666427561338256
5.729491228561888
3.4205031403540462
4.419487366512379
7.832524920302479
1.4906158046545628
8.130044642760598
10.710771387789734
3.349167180751848
5.5848950230645675
2.1686187519739306
5.981536549613106
3.795397558839193
3.6650691644297475
7.279312656028011
1.4373286406513794
6.618170265517276
10.909821352267983
3.0084787056521827
5.277368246238042
1.9287611780848486
6.074888963885858
3.763486797594135
3.5543625294896244
