0.2809105279999997
0.2803177219999995
0.3400623709999948
0.2869571620000002
0.27629243400000547
0.27005619300000205
0.2814624330000015
0.20040825099999893
0.2002951190000033
0.20247161300000016
0.20391365699999398
0.2060584119999973
0.20676488800000214
0.21027015700000362
0.27330752400000335
0.20175988700000147
0.20642750800000442
0.20435320099999643
0.2022934409999948
0.20618423400000552
0.19690603099999748
0.19829224299999737
0.19794697999999755
0.19721145200000478
0.19800826900001312
0.2856035559999981
0.2845343050000082
0.280456565999998
0.3387703679999987
0.2805474919999966
0.2862774630000047
0.291309076999994
0.2817397390000025
0.29788833899999645
0.29546486099999925
0.28762277100000233
0.29481598000000986
0.21135685900000567
0.20948662299998944
0.2039959049999993
0.28025299600000153
0.2939620759999997
0.28554457499998875
0.2909721879999978
0.2927913630000063
