0.2903051290000036
0.3515844759999993
0.27856649199999595
0.29401468300000033
0.29623628099999166
0.2790526400000033
0.27774519400000486
0.3758673029999926
0.4722580789999995
0.28104173099998775
0.28253533299999845
0.2615113939999958
0.2550448610000018
0.25410475399999655
0.2788630590000025
0.27720851399999447
0.27601393599999824
0.2774875300000019
0.26768494099999884
0.2644427949999937
0.25802899500000365
0.26225533099999154
0.3123056470000023
0.2613780109999908
0.2690607050000011
0.2710140039999942
0.26297337100000107
0.2684272649999997
0.2679087599999974
0.26885245699999416
0.25733879199999876
0.2561065780000007
0.2545511959999942
0.24874918099999377
0.23842088300000341
0.25018785199999627
0.2505866609999998
0.24867947699999604
0.24808321600001193
0.2504301200000043
0.25104770900000517
0.24754077800000118
0.3045738420000106
0.2526224819999925
0.24264628699999946
