0.0018512340000000904
0.0004419310000010057
0.000542321000001067
0.0004118730000008952
0.0018408140000012452
0.0037271269999994416
0.0005318479999996129
0.000493770000000282
0.0022002840000006074
0.0004618849999999952
0.0004961629999993278
0.0004815599999989928
0.00047599600000047815
0.0004932180000007946
0.0003829609999996819
0.00043586299999986977
0.00045500999999958935
0.00044709799999864686
0.0004744850000015788
0.00048510900000131585
0.0005062699999989206
0.00045070200000019156
0.0016402299999995762
0.000438552000000314
0.0004478309999988994
0.0004823739999988419
0.004710591000000264
0.002096297000001357
0.0020008490000016366
0.00045144899999982613
0.00042487799999868514
0.0004459049999994136
0.0010465720000016887
0.002914706000000322
0.0004473360000005755
0.0004695650000012819
0.0005194580000011939
0.0004978989999990802
0.00043306099999895764
0.00048309800000012615
0.00047368999999974903
0.000479028999999187
0.0004309629999994513
0.0004648420000012976
0.003793607999998727
