0.0003836720000016669
0.00037754399999911925
0.0003908800000012036
0.00036784899999986465
0.00038932599999697004
0.0004108239999993657
0.0006713239999989185
0.0031883149999991645
0.0004436759999997264
0.00036647099999953525
0.004113341000000048
0.0004144219999986376
0.00048162699999920733
0.0003823109999991914
0.0003683300000005829
0.0017709150000015939
0.0004092980000010016
0.000401109000002009
0.00043729600000119717
0.00035963700000252175
0.0004420399999993663
0.0015855020000010711
0.005728109999999731
0.0004508869999995113
0.004264676000001799
0.0003661800000003268
0.0003894349999988833
0.00040557900000237623
0.0003717230000006566
0.001600442000000868
0.00038865999999870837
0.0004180269999984887
0.0018481250000021987
0.00039398199999851613
0.00044527099999669417
0.00036278800000033584
0.0003894869999996331
0.00036400899999833314
0.00036731200000161834
0.0014179629999979682
0.02166122200000231
0.00038872700000069926
0.0008262049999991916
0.0024901200000009283
0.00047868100000059144
