121.63775776800003
0.024167709000039395
0.011095235000084358
0.024340540000025612
2.782092053000042
0.01060379400007605
3.1479946659999314
3.1098672599999873
0.00048083100000440027
0.00052758900005756
2.6511694830001034
0.02461341799994443
0.000424481999971249
0.0005196579999164896
0.0004816339999251795
0.027809547000060775
0.0006466979999686373
0.030666311999993923
0.0004469489999792131
0.011483982000072501
0.0005036380000547069
0.01117435599996952
0.011030759999925976
0.04064127300000564
0.0004942719999689871
0.02603469000007408
0.011384431999999833
0.011584629000026325
0.025299719000031473
0.011163686000031703
0.02619555399996898
0.0004883599999629951
2837.4364870440004
0.010600389999581239
0.0004924220002067159
0.012029913000333181
0.010559704000115744
0.0005374090001168952
0.01175796799998352
0.000496564000059152
0.00046507000024575973
9.85178599899973
0.0005282669999360223
10.2003375459999
0.00043802099980894127
