2.12168740099969
0.015713914000116347
0.00044402100047591375
0.002489776999937021
0.0037523309993048315
0.002447902999847429
0.0004197069993097102
0.0015621160000591772
0.00040862000059860293
0.01858727099988755
0.0017015950006680214
0.0011614360000749002
0.001060282999787887
0.01925936499992531
0.0013022169996474986
0.0011874410001837532
0.0004492130001381156
0.00045428300018102163
0.002546648000134155
0.00087787299980846
0.0021715680004490423
0.016789981000329135
0.00042155899973295163
0.0003781479999815929
0.0004800489996341639
0.016537555000468274
1.9272811660002844
0.016921831000217935
0.018963697000799584
0.00042222999945806805
0.00040947300021798583
0.00039971600017452147
0.00037195999993855366
0.00046372700035135495
0.01982016100009787
0.0017221329999301815
0.021427383000627742
0.002036207999481121
0.0009261430004698923
0.018760009999823524
0.0021584380001513637
0.017040235999957076
0.019516299999850162
0.000990324000667897
0.0004133729999011848
