2.789565616999999
1.9510383010000005
2.2211961030000005
1.9571595579999972
2.0121887250000015
1.6213044519999968
1.381746525000004
1.1196292830000019
1.3673876759999999
1.0643321910000054
1.1652648479999996
1.5073878779999959
1.272588833999997
1.149453530999999
1.5588478929999994
1.1568189239999995
1.4621592199999967
1.1580401770000037
1.151945683000001
1.2508486970000021
1.1917395520000014
1.473974290000001
1.1672347310000077
1.1722990150000072
1.257228038000008
1.1541651269999988
1.1560765960000055
1.1780552510000035
1.4740793600000046
1.2893098689999931
1.1736564630000004
1.6920816859999945
0.8913251149999866
1.116402502999989
1.122534195
1.1265163930000028
1.1454414069999928
1.2733700849999963
1.1522293029999986
1.0925396430000092
1.1060107030000097
1.1122339730000022
1.1009546469999947
1.2092613659999927
1.1058290779999993
