1.10857247499996
0.8851962990000288
0.8171005419999915
0.826766106999969
0.8093126709999865
0.8722724500000254
0.8700593459999482
0.8719332599999916
0.8542794640000011
0.8509625840000012
0.852808863000007
0.6454620549999959
0.6433604240000363
0.6378357769999639
0.6342579330000149
0.6293520039999976
0.6285845290000225
0.6418082799999638
0.6428414829999838
0.6656897059999665
0.6373587420000035
0.6374291850000304
0.6395816180000224
0.637978822999969
0.9636327470000197
0.6367382000000248
1.0176216670000144
1.0156063279999898
0.8704793539999969
0.7832475029999841
0.7910784189999731
0.7875240750000216
0.7602911800000243
0.7729840250000279
0.7788674689999766
0.816928221000012
0.8237707179999916
0.8104428479999797
0.7979633909999961
0.7048910640000372
0.9347554720000062
0.7174786079999649
0.6967275549999954
0.6940452279999931
0.709657945999993
