0.037804996000000035
0.007457875000000003
0.009875507000000006
0.0045261429999999825
0.004749477000000002
0.0050835309999999745
0.004654806000000011
0.0047983600000000015
0.004141566000000041
0.006173967000000002
0.004662076999999987
0.004718864999999961
0.003758951999999982
0.0040982480000000265
0.0044350659999999875
0.00513671800000004
0.004842381000000007
0.005721619000000011
0.0049879999999999924
0.004768100000000053
0.004746911999999992
0.004763501000000003
0.02071556200000002
0.003782865000000024
0.00385940100000004
0.003622637999999956
0.004199587000000005
0.0039108780000000065
0.004130202999999999
0.005332889000000063
0.003886477999999971
0.0037883690000000136
0.004034568000000016
0.011016652000000016
0.004421730000000013
0.006748630000000033
0.0038619050000000543
0.003675242000000023
0.0034956139999999802
0.0036763690000001237
0.003954159000000068
0.003998523000000143
0.003478513999999988
0.004212184999999868
0.004469885000000007
