0.008270997999999974
0.004568758999999867
0.004423109000000203
0.0033218499999998485
0.004267775999999834
0.0020368509999999507
0.002909320000000104
0.003265836999999827
0.002853095999999944
0.0028933870000000805
0.0030679459999998215
0.002908179999999927
0.0032711889999998967
0.002788208999999986
0.018692577000000155
0.019068744999999776
0.0019603809999999555
0.0025066169999998777
0.003590065000000031
0.0032300709999999455
0.0033766440000000397
0.0022803410000000746
0.009364823999999938
0.06613829900000012
0.005028022999999937
0.001172673000000124
0.0022505559999999036
0.0032856000000001107
0.0034534379999999754
0.028165712000000065
0.004232910000000034
0.0041577850000000804
0.005098127000000119
0.005502944999999926
0.005076506000000203
0.0036447559999999157
0.003545706999999787
0.03183443800000019
0.03087187999999985
0.000394693000000057
0.0005257180000000083
0.0007830740000001057
0.005144927999999993
0.002838456999999739
0.0028985229999998197
