0.004013642999999956
0.0036807059999999225
0.0023810619999999894
0.004500766000000045
0.0032218870000000344
0.0035164810000001268
0.0030914759999998154
0.0011619860000000592
0.0010980720000000055
0.0031227700000000524
0.007479624999999768
0.0009589969999996839
0.0011432769999997205
0.0017893409999998333
0.0016637619999997355
0.0017131410000001956
0.0017317150000000225
0.002910747000000047
0.004880057999999909
0.0009822059999997634
0.0047921519999998274
0.005511741999999931
0.0012904810000002875
0.005397867000000112
0.0007427920000000476
0.003904424999999989
0.0039993269999998304
0.009165489999999998
0.0038204209999999073
0.004713032000000172
0.002252708999999964
0.0010376629999999665
0.0009033280000001476
0.0026957260000002314
0.003015496000000173
0.005539719999999804
0.000812999000000314
0.0027776090000002363
0.0014514659999997903
0.0015272959999999003
0.004272253999999975
0.0034070840000000047
0.006177533000000679
0.0015689639999996174
0.0032421799999999834
