9.706148617000004
4.373016791999987
3.662092973
3.3519759880000066
2.742387851999979
2.7527322299999923
2.706616505999989
2.730043275000014
2.658429486000017
2.685042914999997
2.944849947000023
2.984679870000008
2.4627938540000116
3.054393188000006
3.074286662999981
2.703790142999992
2.6919137490000082
2.575786192999999
2.5871873010000286
2.5846251840000036
2.501243310999996
3.1197485529999653
3.1069461949999777
3.8507814039999744
3.0479343579999636
3.2123832450000123
2.9281609809999622
3.4355371379999724
2.619116226000017
3.8435470409999652
3.8645105630000103
3.116797980000001
3.1052878059999784
3.193012419000013
3.0634750329999747
3.1225644310000007
3.125671177000015
2.8189643780000324
2.7899978280000255
2.5312155739999866
2.759920915000066
2.542243061000022
2.609445299000072
2.844245507999972
2.8399394859999347
