2.4890479430005144
2.1055382069998814
2.508572245000323
2.118198305000078
2.1734795000002123
2.2488066870000694
2.448477971000102
2.222188327999902
2.5449226900000212
2.347539778999817
2.3035129830004735
2.336852641000405
2.3273032659999444
2.3092173719996936
3.940264493000541
2.4822415400003592
2.4622077370004263
2.5477617569995346
2.5559181399994486
2.6054847120003615
2.585175242999867
2.216332730000431
2.48945148599978
2.4575623840000844
2.812449936000121
2.770325151000179
2.213208891999784
2.15628714200011
2.1266815280005176
2.1277904069993383
2.566347873000268
2.6241317200001504
2.4362791070007006
2.8094868920006775
2.595779907999713
2.1923298420006176
2.2016874750006536
2.1541672450002807
2.1791656599998532
2.2673653350002496
2.214764255000773
2.246294088000468
2.1491110950000802
2.1529336610001337
2.8418897179999476
