4.965602631562465
2.753294373604487
98.99673721977867
129.8375053251531
5.474787324354568
2.971398415383557
5.4040524611095195
97.90251443102127
1.9875517110753511
135.83491187088
130.20658571923553
111.20582604884652
129.44220788713642
132.99685092984555
107.83986618937067
114.71612904933167
8.55023331371673
3.1917404186769742
112.17576038229441
2.1576528984832053
1.9713012647590493
122.74753233721428
124.45272727278932
3.110652023055607
0.09294728597918572
116.64977933908382
131.59461212826463
7.519681393114354
100.81161648776315
2.9469603298277756
1.9702330275298472
119.18340254521527
2.368037625201067
111.91123569664009
112.57874664514725
2.9102824570198034
114.68903917828614
120.43021625744218
122.38044667859634
3.103303495545122
1.1605204783130507
3.071218931609348
132.4054969367738
3.1579611778944283
2.169701580206125
