5.0823659311616245
5.3358496095054875
84.67199128851688
83.54185439358501
2.401661857456743
108.47502168584658
108.34509922816581
123.59384598662258
2.231513855195716
120.25615515096366
123.70645273156471
1.64168592353764
136.53397636740277
129.6708084811502
126.86325135485338
8.80128796637401
150.5471453851377
1.796291568122127
84.84758272033392
7.3167157143946815
121.69276697354702
1.2950001219484697
6.990400430010683
113.64753975088678
111.67611875652013
116.4163057522572
3.326851210154649
5.41123108943668
2.5609652863027224
5.073263794544578
2.8004075337643854
4.8869468825726665
79.34461702855859
80.5246054819932
75.98470488652728
1.2774489860358431
2.44072112879486
117.44409933317397
115.9630491401073
99.73639519023237
121.32578286241237
1.6881883430449376
3.250572058213291
108.49875720950409
6.450949421033004
