1.116198097270383
302.46798603026775
26.994463258614203
585.2890442890443
575.2290950744559
585.2855477855478
35.675582527908894
557.5667447306791
547.9390103567318
577.811475409836
325.8929804372842
291.1341193809875
446.94131185270425
175.124248496994
278.89833080424887
284.139896373057
239.56441717791412
410.28504672897196
162.89691558441558
234.44976635514018
226.75
226.75
226.75
24.280538521181363
403.3583138173302
396.39240506329116
403.35480093676813
111.64273733646428
21.665208975553803
353.8255269320843
228.55839416058393
141.75422932330827
24.642030988579325
339.53161592505853
330.62371721778794
158.55251641137855
333.5258918296893
283.90588235294115
333.23820483314154
139.874420998456
23.352334279081763
219.0180392156863
347.72151898734177
127.8320033599328
22.463095445820972
