23.71747831887925
80.92105263157895
7.813210667769279
83.07241379310345
82.08104956268221
67.92531969309464
14.253845348958878
75.19919401266552
20.265396125374075
41.712111604311986
70.18732473359506
46.089372887720614
69.3815715093273
13.29153713298791
9.475656630365151
67.84997114829775
13.290023782701214
41.54697363535091
59.001117942984905
57.78296382730455
55.36053661263276
57.78296382730455
3.14713216957606
6.902371248610597
17.631519274376416
17.782132564841497
17.489795918367346
17.782132564841497
17.489795918367346
17.782132564841497
17.489795918367346
5.0139015913663805
7.11131826303115
32.84218129288552
2.078745832957924
19.136588993554785
43.0050139275766
36.35327868852459
49.581889323644496
52.18421052631579
49.87982112912241
31.739481065918653
50.71204481792717
20.42843713278496
25.563689604685212
