0.016969952999943416
0.02272004300016306
0.032017967999991015
0.03449766299991097
0.0207626110000092
0.02282348199992157
0.026635493000185306
0.03400383899997905
0.023339770999882603
0.03051972699995531
0.022514788000080443
0.021486675000005562
0.025816571000177646
0.02438422599993828
0.032182517999899574
0.023907286999929056
0.023970038000015848
0.022275769000088985
0.023249714000030508
0.030603272000007564
0.023229993000086324
0.0726427730000978
0.0400269809999827
0.026237619999847084
0.03170456699990609
0.03178642300008505
0.02373562699995091
0.029564643999947293
0.041433714000049804
0.08649194199983867
