0.025021396000056484
0.13025444999993852
0.06118108700002267
0.02303930599987325
0.5223469260001821
0.0222998550000284
0.0256402600000456
0.02501282999992327
0.06637748599996485
0.029525220000095942
0.8048130639999727
0.049945910999895204
0.02166663499997412
0.024411330000020826
0.0226491089999854
0.5354446999999709
0.4296898220000003
0.5310734649999631
0.025106571999913285
0.582542531999934
0.09590700300009303
0.022267610999961107
0.025431612000147652
0.12516609499994047
0.036035582000067734
0.08406429599995136
0.4026911159999145
0.4880307799999173
0.10388667799998075
0.057751021000058245
