0.0019032490000014946
0.002770243999997035
0.003561828999998795
0.020202007999998273
0.004099738000000741
0.006281122000004302
0.0050896600000029935
0.0034780959999949346
0.005345527999999433
0.009543272999998464
0.002195633999996005
0.0031514630000017974
0.003650993999997354
0.021396150999997587
0.004805357000002175
0.006392546000000721
0.005382237999995709
0.003955354999995109
0.006121250999996164
0.009760326999995073
0.0019252649999970117
0.002698286000004657
0.003567991000004156
0.02108269000000007
0.004119686999999317
0.006166106999998533
0.005443481000000361
0.003782631999996511
0.005725390999998581
0.009680138999996757
