0.010114054999995403
0.002317398999998943
0.0027884569999940823
0.0050031859999961625
0.0035144960000010883
0.005411080000001789
0.0044746720000006235
0.009621647999999539
0.005628831000002776
0.002705118999998035
0.010323017000004597
0.002423680999996236
0.0028280969999983085
0.004857331999993164
0.003506844999996872
0.005330164999996612
0.004470238999999765
0.009748997000002646
0.005444228999998302
0.0027211919999956535
0.01000144000000347
0.002266020000000424
0.0026780250000015826
0.005280680000005589
0.003582037999997567
0.005074450000002173
0.004447728000002371
0.01039187100000305
0.006158017000004179
0.002978548999998054
