0.0022944809999998483
0.004237153999994803
0.005114837000000705
0.0020772559999997497
0.0054146559999992405
0.0027131140000022924
0.0020962749999995367
0.0022756509999979357
0.002377416999998161
0.003213727000002109
0.0021578090000033967
0.004302046999995923
0.004893256000002566
0.0019272760000035305
0.005916891000005364
0.002705759999997781
0.002141459000000623
0.0023015469999947413
0.002213339000000758
0.0036829049999980157
0.0022887430000011477
0.004841077000001803
0.005316152999995438
0.00207037599999893
0.005391432999999779
0.0026875329999995756
0.002046780000000581
0.0023038459999966676
0.00247743500000297
0.0033332170000051065
