0.006667100000001369
0.022080625000000964
0.019355742999998427
0.04223956699999576
0.03908016500000144
0.022031409000000224
0.06361856599999527
0.0544149580000024
0.023985203000002286
0.05151262800000467
0.006571657000002062
0.02176959399999845
0.020179943000002254
0.04257798700000137
0.03902697800000254
0.022141820000001644
0.06104169900000045
0.055244881000000134
0.02448839100000555
0.05142594699999847
0.007018460000004723
0.021817401999996378
0.019432805000000997
0.040713285999999016
0.037171147999998766
0.02190920099999971
0.06264056800000617
0.056042816999998024
0.02510921800000432
0.051458564999997236
