0.09818157000000838
0.0005320049999681942
0.060835300999997344
0.00045887999999649765
0.16033491100000674
0.0004968040000221663
0.00046032599999534796
0.0004978690000143615
0.05758037000003924
0.0004872869999985596
0.06049511200001234
0.08104063700000097
0.05986978800001452
0.16939283800002158
0.0004601599999887185
0.00046338200002082885
0.18724219500001027
0.00047126699996624666
0.0005066690000035123
0.00045304200000373385
0.0004934329999741749
0.036529916000006324
0.0004829609999887907
0.00046806599999626997
0.0005452889999446597
0.0005713940000191542
0.06224976999999399
0.0004935980000482232
0.056166955999970014
0.0835893240000587
0.05300776900003257
0.00047917100005179236
0.05484347000003709
0.00039807100006328255
0.0004985450000276614
0.0004745869999851493
0.00047565099998791993
0.16605286699996213
0.0004244910001034441
0.1649150580000196
0.055909120000023904
0.00045835200000965415
0.00045973399994636566
0.20962911300000542
0.00048523099997055397
