0.0004108699999960663
0.0003519489999916914
0.0003890200000569166
0.0003100779999840597
0.0855804770000077
0.0003571460000557636
0.08613293000007616
0.00034128300001157186
0.0003364209999290324
0.05821698900001593
0.032758496000042214
0.05922810799995659
0.06443625899999006
0.0003707289999965724
0.0004444520000106422
0.07430074100000184
0.033922770000003766
0.00033801300003233337
0.00033083400001032714
0.06017265100001623
0.0003167859999848588
0.021803863999934947
0.00035033199992540176
0.022311432000037712
0.03362888800006658
0.00032917400005771924
0.022177448999968874
0.05440191999991839
0.00037065200001507037
0.0003063030000021172
0.0003369439999687529
0.05647751200001494
0.00031934599996930046
0.059161474999996244
0.00036916000010478456
0.00035858199998983764
0.00034795999999914784
0.000367434999930083
0.0003430950000620214
0.058770223000010446
0.0003651899999113084
0.05664566499990542
0.0003577549999818075
0.0003232910000861011
0.08554970300008335
