0.027903558999923916
0.1365712550000353
0.06578586399996311
0.1344281740000497
0.026000021000072593
0.137180151000166
0.022025651999911133
0.0005228350000834325
0.000420128999849112
0.00044610000009015494
0.00044569500005309237
0.0004083430001173838
0.06823346900000615
0.00041893100001288985
0.06887534399993456
0.08599037700014378
0.05970714499994756
0.0004765659998611227
0.13468511999985822
0.06348385599994799
0.0004062230000272393
0.12490323299994088
0.0004146649998801877
0.0004318900000725989
0.0004457290001482761
0.029261322999900585
0.00042412000016156526
0.00037130000009710784
0.0004919640000480285
0.00044160000015835976
0.0004721200000403769
0.11560609399998611
0.08284269600017069
0.08891950999986875
0.19235176899996986
0.0003904160000729462
0.2116977319999478
0.08306788499999129
0.1132729810001365
0.00048819300013747124
0.06333465300008356
0.00041261800015490735
0.00042550900002424896
0.051986376999821005
0.026214548000098148
