3.0918625043844266
46.738600212089075
45.2332285115304
45.76086956521739
0.8345054403457558
45.47882231404959
46.709283819628645
45.47882231404959
46.709283819628645
0.7733937873818252
45.55113636363637
46.783554376657825
45.55113636363637
46.783554376657825
45.55113636363637
0.7869569096261932
45.65734989648033
46.89526847421584
45.65734989648033
48.3498139287613
47.07349896480331
48.3498139287613
47.07349896480331
48.3498139287613
0.7608430256537161
47.74171842650104
49.036150983519406
47.74171842650104
4.419994184919558
47.48099947943779
45.651151151151154
9.031781954147398
2.568363713824899
44.30393700787402
43.730051813471505
44.30393700787402
43.730051813471505
44.30393700787402
43.730051813471505
44.30393700787402
47.35440414507772
0.2002253258312741
3.2395756863896636
46.28159412690089
2.4167159048181768
