2.3638795683322753
37.37132616487455
39.16829451540195
37.37132616487455
39.16829451540195
37.37132616487455
39.16829451540195
37.37132616487455
39.94290007513148
38.110394265232976
39.94290007513148
38.110394265232976
1.173580517476575
0.9411542949465936
38.69151291512915
1.9945919555338567
2.5314767693902556
1.9432590427475338
39.84044943820225
38.126881720430106
39.84044943820225
2.087703109327984
39.0954169797145
34.89360172537743
2.4981135679831894
37.49677419354839
39.299774605559726
1.1873321750118464
32.42415528396837
33.88580015026296
0.6888113459032843
33.943911439114395
34.45243445692884
33.943911439114395
34.45243445692884
33.943911439114395
4.8022163588390505
33.580073800738006
2.791632945277968
2.174218901610712
32.21782890007189
33.67017280240421
32.21782890007189
33.67017280240421
32.21782890007189
