0.06395270999999997
0.03169928099999997
0.01943384799999992
0.017143954000000017
0.01918425400000001
0.01730693900000002
0.018309154999999966
0.016726134000000004
0.01631040699999997
0.016117384000000068
0.01531611799999999
0.01641567899999996
0.01718021000000003
0.016487817000000016
0.015599115999999968
0.017503869999999866
0.017795954999999974
0.018356959999999978
0.02053150700000006
0.016613380000000122
0.017481689000000022
0.020324639000000033
0.015825922999999964
0.016837595999999788
0.01671841400000007
0.01651799399999998
0.016355024000000107
0.015719626000000098
0.015805434000000007
0.02103588799999989
0.01766105699999998
0.01438695000000001
0.015424910999999986
0.014976823000000028
0.018592668999999784
0.014077242000000156
0.015064944000000136
0.01577722700000006
0.01544185099999984
0.015547573000000092
0.016065570999999945
0.017083052000000265
0.013108807000000056
0.011672211000000043
0.009982614000000112
