0.009861304999999376
0.009495499999999879
0.0028446060000000273
0.011340883999999996
0.011545836999999892
0.014135997000000344
0.011400690000000324
0.012572311999999641
0.01371581600000038
0.008657585999999995
0.008064162999999347
0.0166314759999997
0.009633412999999535
0.006510421000000655
0.0046774190000000715
0.01167345899999983
0.0050046120000004635
0.014803660000000107
0.01043830800000034
0.010049891000000422
0.0058840030000002486
0.013079212000000062
0.008955777000000609
0.00965076499999995
0.008561709000000306
0.0038411360000001338
0.0035863159999998118
0.0035675690000003257
0.007699459999999547
0.0082191439999999
0.0017800330000001807
0.0018385559999991585
0.008673225999999978
0.008963333000000517
0.008184094999999836
0.008383088000000427
0.008241899999999802
0.002171110999999115
0.002064383000000447
0.007794759000000262
0.005811619999999351
0.006455992999999438
0.004010896000000486
0.00411205300000006
0.002017786999999771
