0.002197779999999483
0.004543570000000052
0.0036762280000006697
0.0035144270000007083
0.003491101000000718
0.031025370000000052
0.03136983499999957
0.032054003999999914
0.03321324599999986
0.03558694200000012
0.0384518190000005
0.01647783000000036
0.05552649899999995
0.05441584699999957
0.00811878600000071
0.017519933000000876
0.008575951999999276
0.03106455100000005
0.030655761999998532
0.02781318899999974
0.02318554000000006
0.007292882999999861
0.0073239520000001335
0.006858981000000597
0.008528201000000735
0.010113317000000066
0.038255180000000166
0.010411152999999729
0.009733888999999607
0.008980249000000384
0.02129789800000026
0.020466551000000166
0.01938659300000012
0.02192304199999917
0.012162609000000657
0.007507960999999952
0.008914194000000819
0.008952761999999836
0.010907094000000228
0.011198316999999847
0.02202218500000086
0.008452167999999816
0.07598073399999983
0.08096116399999964
0.0683772660000006
