0.06746715800000125
0.019020514000001043
0.019453555000000122
0.02962443100000023
0.011143444000000002
0.010668846999999815
0.008761009000000541
0.007844821000000834
0.006375173000000345
0.009293573000000777
0.01855322299999962
0.01833204999999971
0.01736888900000011
0.010184805999999824
0.025494370000000544
0.00777613700000046
0.007285776999999882
0.006422524999999624
0.006578404999999066
0.01534807399999849
0.015192980000000134
0.01564255400000114
0.027893910999999605
0.006934266000000022
0.014222248000001159
0.038134244000000095
0.023547604000000888
0.027070554999999885
0.043520723000000316
0.0450187109999991
0.0633771240000005
0.06591878200000068
0.06776687500000023
0.007857918999999214
0.007670322999999257
0.008547146000001504
0.01230951700000027
0.05194748500000124
0.016056830000000133
0.006564322999999206
0.006442150999999896
0.00589606499999995
0.005647469999999544
0.005639943000000258
0.005469314999999142
