0.11930022100000004
0.000517082000000002
0.003962814000000314
0.0002755130000000605
0.0033243340000002064
0.0002869909999998477
0.0032941220000002325
0.00047637300000014093
0.0005387700000003548
0.00035592700000020017
0.00022632499999986067
0.00031244300000032865
0.0002882710000000621
0.0004175189999999773
0.0006109829999996208
0.003758075999999555
0.000223164000000331
0.0003053980000000678
0.00028129199999948895
0.00027492900000058995
0.0006062489999996146
0.0034635549999997295
0.0003135770000000093
0.002802142000000174
0.0004104519999996725
0.0003830709999999016
0.003583463000000009
0.0003440010000002047
0.0026840200000002312
0.00025570999999935395
0.00023676400000027797
0.0003013959999993432
0.002517619999999887
0.0002626079999998865
0.0002337560000000849
0.00025357800000058717
0.0032169320000008383
0.00023372599999937904
0.0028078090000001055
0.00032263900000018
0.00045122199999880763
0.00025727399999908585
0.003263205999999741
0.00025972500000115417
0.00039042800000110844
