0.39294944699999945
0.004462705999998207
0.00045550699999807875
0.000462768999994978
0.003295790000002796
0.005648731000000851
0.001172253000000012
0.0004398379999983604
0.002461216000000377
0.0004945259999971086
0.0004246129999998516
0.0025237810000007244
0.0017354049999980248
0.001181309000003239
0.00042683999999582056
0.001613095999999814
0.00036353299999802857
0.00039016200000219214
0.0016326380000037943
0.0011523619999991297
0.0004006740000050968
0.00037565699999930757
1.107794288000001
0.00040653599999984635
0.0450141259999981
0.0004009850000130655
0.00033555499999238236
0.375036668000007
0.003121350000000689
0.0034227839999942944
0.004998530999998252
0.0015027479999929483
0.01362096399999757
1.025188387
0.0012325690000096756
0.001248404000008918
0.020829319999990048
0.00041406100000074275
0.00041628700000728713
0.0003681479999926296
0.14527382700001112
0.0011251269999945634
0.0016884019999992006
0.0026682879999953
0.002220065999992471
