0.11469866500000014
0.0002698420000000201
0.00020312899999996858
0.0002000229999998826
0.00025072900000022713
0.00021826499999999527
0.00024249699999989716
0.0005479630000002622
0.0005051750000002464
0.0006585199999999958
0.00085719399999995
0.000235790000000069
0.00042677100000032553
0.0003997070000001379
0.00024718200000029
0.00022481299999999038
0.0002318520000001989
0.00022966999999995963
0.00023932900000023238
0.0002059420000000145
0.00019437599999960753
0.009320580999999883
0.00022483900000036527
0.00275101099999997
0.00028585100000011465
0.00037518899999966493
0.0002443049999998337
0.00024568700000049404
0.000225617999999983
0.00022483200000067427
0.00022357999999922384
0.00033773200000020154
0.0006307949999992957
0.00026651399999977343
0.00024212200000039985
0.0002269990000005606
0.00024572199999983724
0.00026295400000009295
0.00031572199999985173
0.0002248179999995159
0.00021668299999966223
0.0002242329999999626
0.0031411920000001814
0.00025305600000002926
0.00022443299999963529
