0.000378453999999806
0.0003582959999999247
0.00037634299999922405
0.00037508999999857906
0.0004063000000016359
0.00035933299999868495
0.0012878729999989957
0.0004471809999984089
0.0003525449999983721
0.0003331639999970548
0.0009487159999999051
0.00034564599999953316
0.00038298499999811497
0.00037875499999984186
0.00035523500000067543
0.00032599199999694406
0.00034763599999720896
0.00031506299999861653
0.000380134000000254
0.00036930499999954236
0.0006381050000001665
0.055274449999998865
0.0003478160000014441
0.0003548779999995588
0.00035093600000024594
0.00035580699999826493
0.00032556699999730654
0.0003381840000002967
0.00037911200000095846
0.00037409100000118656
0.00033239900000126
0.0004382410000012271
0.00042049700000035273
0.0003758070000010605
0.000363455999998763
0.0004131090000001336
0.000388333000000074
0.0003745409999993399
0.00037928900000139265
0.000326192999999364
0.0003134310000021401
0.00037047100000009436
0.00033213099999684914
0.0003677629999998544
0.004611932999999624
