243.63569899744556
147.758943519016
383.80314628190195
306.7468473901774
393.6013269238037
280.0311380313894
119.04796764032736
208.7091022410609
201.44414410026366
183.3673351947085
173.05238481786898
199.35545140470342
43.796997431674555
174.33809222026812
210.52817598233847
209.08145453182965
414.19773814517737
418.5194514521057
291.00981762660035
448.26616389555414
366.714059399496
417.75507129866406
241.0016061849314
45.19859780142461
186.369240888177
190.9179919495098
169.35749982753683
214.42585894920347
194.53093349680896
213.1177083021692
