204.82427020870753
167.7944121871285
264.47739783637087
290.2191811514619
271.667293537053
240.12436589819123
85.9706315635836
288.81258179645465
231.14476383696046
186.950354786344
272.9647987123019
230.12096608894072
219.25760429484606
228.56851789540497
219.43297953449485
242.9411773196774
262.18468946351527
203.7936311996183
258.79105395435494
274.2488754924561
280.0172865598603
280.8469321565911
250.34119966991742
225.66357888810498
278.5869112727377
262.2531126554598
269.4758274647312
112.28528917514726
207.34282161465276
207.23059991825366
