0.9999695115754386
25.01367924528302
577.5781990521327
178.1850273889227
85.81516587677726
90.55126658624849
10.708189655172413
58.74251497005988
58.209580838323355
58.451497005988024
86.69221556886228
176.81077844311378
117.39880239520959
150.67784431137724
54.18905293482175
60.14560770156438
58.31167268351384
59.4632972322503
58.494584837545126
30.593261131167267
28.46171171171171
40.62634989200864
94.75697969543147
533.5042219541616
52.41223103057758
24.111223458038424
251.69693396226415
267.76357056694815
21.67006200177148
514.6047504378283
