77.4083850931677
15.572303921568627
90.0303417438518
41.64594983224157
57.589700056593095
20.330365659777424
54.538721136767315
16.24400215169446
58.02317497103129
7.817745236970556
28.51561132185585
157.36085292509568
30.34052478134111
17.25832223701731
42.66023166023166
11.736694868995633
101.00058445353595
105.3950177935943
11.308032128514057
15.973277909738718
188.1923509561305
19.7392830283279
11.40010851871948
19.655975945878225
9.61470398970399
31.31475992886781
133.19920529801325
64.27251612903225
148.20675324675324
18.618341200269725
