0.0037815749999996484
0.0037656760000004397
0.0036534009999993344
0.0038208509999995144
0.003840660999999912
0.003720125000000074
0.003770173999999571
0.004447284000000273
0.0037028020000002826
0.0038328080000002984
0.003838509999999573
0.0038160480000000163
0.0038042899999997104
0.003830897999999472
0.0038514100000002216
0.003909782000000028
0.0037845470000004156
0.0038892500000002883
0.0037436419999998805
0.005198495999999331
0.004887491999999938
0.004933685000000132
0.00505882199999963
0.004989873999999617
0.005060013000000474
0.00479912700000007
0.004763787999999991
0.0048167139999995
0.004797087000000033
0.004914760000000129
0.00494909300000046
0.005117872999999662
0.004830058999999665
0.004829487999999493
0.0046774149999997405
0.0046637940000007205
0.004774108000000332
0.004882127000000125
0.00475801099999984
0.004665111000000444
0.005860799999999777
0.004576161000000134
0.004484407999999718
0.004731909999999395
0.06192622599999975
