0.05595938799999978
0.05664491299999952
0.05667606400000036
0.05576404199999985
0.055229713000000125
0.05498850299999969
0.006369036000000605
0.006241574000000583
0.006285064000000062
0.006104438999999573
0.006220337999999437
0.07231443600000009
0.07231598700000053
0.07367396500000023
0.07231786300000032
0.07181326600000038
0.07356189400000002
0.07458102000000011
0.0725955030000005
0.07394034799999982
0.07162196799999965
0.07133117299999903
0.07221558599999955
0.07082670199999974
0.07347223400000047
0.07259440099999992
0.07330631900000029
0.005887644999999608
0.0056944029999996815
0.006500708999999105
0.005837705999999443
0.005902481999999765
0.005910466999999642
0.0059569729999999765
0.005964034999999868
0.005836769000000075
0.00589329499999991
0.0059708270000005115
0.00584008999999952
0.0059270179999995065
0.005737338999999508
0.005579896000000417
0.005535714999998831
0.005423738999999372
0.005504598999999999
