0.0003898039999512548
0.0012218880001455545
0.0004696840001088276
0.0005674720000570233
0.0005452740001601342
0.000464611999632325
0.0010038850000455568
0.0004497630002333608
0.00044316699995761155
0.0004969139999957406
0.0005129539999870758
0.0005034949999753735
0.0021986520000609744
0.0005576790003942733
0.0005120339997120027
0.0005152070002623077
0.00043738199974541203
0.0004571919998852536
0.000448978000349598
0.00039971200021682307
0.0005011780003769672
0.000449441000000661
0.0007683059998271347
0.002076880999993591
0.0004978079996362794
0.00048734300025898847
0.0005633149999084708
0.0004430809999576013
0.0004816460000256484
0.00044532999982038746
