0.000712770000063756
0.0003853170001093531
0.0003683210002236592
0.001249727999947936
0.00035610199984148494
0.0003478240000731603
0.0014821740001025319
0.0003912990000571881
0.00037870899996050866
0.0004950540001118497
0.00035147700009474647
0.00037306900003386545
0.0004516659996625094
0.00037175999977989704
0.0003575350001483457
0.0006250189999263966
0.00032116500005940907
0.0003111979999630421
0.0003352830003677809
0.0006299159999798576
0.0020206359999974666
0.00037001800001235097
0.00032218599972111406
0.0003925080000044545
0.0004126970002289454
0.0003760260001399729
0.0003291829998488538
0.0003783779998229875
0.000377618000129587
0.00042511999981798
