0.0003984879999734403
0.0010326520000489836
0.001308620999679988
0.0004012580002381583
0.0004213740003251587
0.00039579000031153555
0.0003548240001691738
0.0036190300002090225
0.00035065100018982776
0.0004037980002067343
0.0005296889999044652
0.0006513870002891053
0.00047691400004623574
0.00045734999957858236
0.0004202939999231603
0.0005077089999758755
0.0008260059998974612
0.00044950800020160386
0.0004722260000562528
0.00038396799982365337
0.0004147019999436452
0.0017613029999665741
0.0004218300000502495
0.0003873099999509577
0.00036554899998009205
0.00039665199983573984
0.0003864899999825866
0.0006177449999995588
0.00044261799985179096
0.000437268000041513
