0.020785474000000193
0.021082001000001682
0.02129616499999898
0.021124821000000793
0.02083296999999895
0.021305983000001305
0.016417938999998327
0.016441557000000273
0.016355944000000733
0.0164370310000006
0.0167894620000002
0.017086567999999858
0.017195197000001272
0.01698003499999956
0.016831746999999453
0.017045612000000432
0.01683698299999925
0.01710634699999858
0.017108442999999696
0.017091690999999187
0.01654349500000052
0.016479761999999454
0.016622504999999066
0.016595044999998976
0.016124236999999653
0.016696300999999636
0.016556431999999788
0.0165491099999997
0.016390165999998985
0.01658248100000037
0.01628904800000086
0.016099963000000272
0.020710010000000167
0.020682013000000055
0.021135295000000554
0.02114415199999975
0.02067065099999965
0.02100761300000009
0.020980345999999983
0.02115331100000084
0.02049606299999951
0.021219660999999945
0.02168776600000122
0.018404976000001128
0.01721752200000104
