0.2363390350000003
0.11721151300000088
0.25066015299999833
0.23929233999999155
0.23655022900000233
0.23541470600000025
0.13426552499998934
0.23835264399998835
0.21963855399999943
0.15307548799999893
0.15350148400000307
0.15441912300001093
0.2180284810000046
0.13516236200000264
0.1605198249999944
0.1553473359999913
0.14593456999999432
0.1460495089999938
0.2343759549999902
0.19973181400000328
0.1960527660000082
0.21220319900000106
0.2044053770000005
0.10348198600000558
0.1954247710000061
0.1637957420000049
0.23036718000000178
0.1457596179999996
0.14662490599999956
0.2517948250000046
0.24436370500001203
0.24318743599999948
0.2627439589999909
0.25423049900000194
0.11312300100000527
0.18096560499999725
0.17948005300000602
0.20683892099998502
0.1973638190000031
0.21364205000000425
0.2030797909999933
0.18539769299999875
0.18658351099998072
0.1922811299999978
0.1966066089999856
