0.2694678839999938
0.20469584200000668
0.21875114599998824
0.14309053099998437
0.21974034300001222
0.19536705900000584
0.1998659780000196
0.19276859600000762
0.20948018599997908
0.16413424500001383
0.22994775399999412
0.224560533999977
0.21817532400001483
0.1203223459999947
0.11424862499998767
0.1551399220000178
0.15749417999998627
0.18180648599999927
0.21241857600000458
0.1500306180000166
0.22885171500001888
0.19564823700000034
0.17529037699998185
0.16423119399999564
0.15482474999998885
0.18972876899999847
0.19266767200002732
0.20789644200002044
0.17910306899997863
0.18501174499999706
0.17707474099998421
0.18046569200001272
0.18788792300000523
0.0755254759999957
0.13973819399998888
0.14954588099999455
0.11557114499998988
0.18067197199999896
0.18386862899998846
0.17556423499999596
0.17933498599998643
0.1431742500000155
0.13079321399999344
0.07372151799998505
0.07553060899999764
