0.1415412970000034
7.116409109000017
6.653981451999982
2.442367028999996
2.2340121450000083
4.215320988000002
4.024828538000008
4.0040609110000105
0.5275619260000042
0.529776892000001
2.860838510999997
5.095933788000025
5.120020684000053
5.043244611999967
5.117207164000035
5.095384559999957
0.1668778149999639
0.4711492419999672
0.11253865499998028
0.41930667299999413
1.6987856949999696
2.3852397229999838
2.368794893000029
2.3686828950000063
0.7923192950000271
1.932853514000044
2.53139915700001
2.5426344809999932
1.6421743680000418
4.82187777300004
4.785667310999997
4.753468873999964
0.10168465900000001
0.09843618400003606
0.09662136299999702
5.82447849700003
0.08907908899999484
0.08704130000000987
0.08718098499997495
0.08605722899994817
4.316648599000018
0.09565747900001043
0.09610957600000347
0.09431121599999415
0.09204616300002044
