0.11196466800038252
0.09779384500006927
0.09774452400006339
0.09926014100028624
0.09454583099977754
0.09407645399960529
0.09517057899984138
0.09902948599983574
0.09352721200002634
0.10902182099971469
0.09909263899999132
0.09794874899989736
0.09741666899981283
0.09137049999981173
0.09360810199996195
0.09283247800021854
0.09020908599995892
0.09675129500010371
0.09645793799973035
0.09786960000019462
0.09771850800007087
0.0946629780000876
0.09347306700010449
0.09653980200027945
0.09482111500028623
0.09942270400006237
0.09424999900011244
0.09634934699988662
0.09330061899981956
0.09849707000012131
