0.9997987117552335
4.929273946000126
164.63965381589298
4.427156317951196
27.59849300322928
0.925463162429987
24.71602434077079
16.49205298013245
88.06256306760848
29.248815165876778
16.90332705586943
18.426270880903736
248.7571305099395
3.055548294340609
44.933439829605966
57.40758293838863
61.48854041013269
8.521220159151193
37.686022397345496
8.808735936465917
32.39853300733496
242.65944645006016
148.01684717208184
78.92682926829268
82.3896551724138
29.011376564277587
91.95788206979543
10.199185863632158
90.77322074788903
21.623978201634877
