15.419705882352941
1.890532115412498
11.858725761772853
0.01337576565645085
15.542526421741318
2.704227875313508
48.02110726643598
4.3443395202431345
7.911678115799804
3.8731308411214953
76.95787256450764
7.346816179415298
24.609306056959486
2.339165407700788
3.993241416599081
41.7258213079521
20.386703793943614
13.77784222737819
25.27409046214356
23.3704813261434
3.9745190470123584
2.974779514157512
4.48858017424064
17.516444232602478
12.81457610312345
8.318103613075893
41.67201056205206
4.77609020826142
21.811050189793335
12.102086677367577
