1.863955821778893
1.8555590225507421
1.9725179957680246
3.695495143682756
710.1989131255801
1.4087204011672554
1.3263735017023908
3.364299121520117
684.2303305204713
601.3875016262665
625.2832813475619
4.961195976963291
556.2014982136037
693.9933242148762
593.1165390223124
2.4537759054796315
578.8518333110294
4.7780071047581405
696.3175384081301
3.532079444305361
717.9951754441727
0.9249629492474808
3.96348394524363
1.92692939916911
661.7792180929058
1.9966609364698025
2.5550112585510303
715.7773815786903
2.984074744789423
0.011217579323800126
8.064634875025263
694.3497718238303
2.4526138105524855
3.818590564247967
652.9063846558088
7.693567117727926
13.092788869911487
644.4733828938483
1.9211552472431797
531.0788234844058
645.5751492776665
3.5853900722383725
673.2352057875688
1.8973368952855088
622.6568031501755
