1.7007157118416734
2.043444821851097
3.7208841310746843
1.8237663980673884
539.831643290983
1.640297765936506
616.5599225178282
6.600563472588909
338.610235824511
2.692584127732455
1.4966309104027722
617.7695001171393
2.099708328080193
619.7500153935521
3.621838376183607
514.6039803870723
706.1732249540773
4.163548419927646
1.662234783729476
2.4789646747988767
1.9021760229964546
676.870107294228
1.5244754784893935
1.6115294999075571
469.58102468989074
3.783601344918835
1.6477974481245423
2.1092285069531216
2.6834324862395307
1.1945295584875395
2.519626521538566
4.428201139910206
1.7221263257129082
348.2976331068423
7.866928246046357
2.528513744547722
11.4150552813586
550.5384484954493
8.663118585842346
658.5287155351883
2.0090449082738027
1.637970562887933
1.4473689889940118
716.0863060998659
1.6021933470569512
