0.05706801500000047
0.000513808999999199
0.012915029000000189
0.0004688619999999588
0.0004942269999990145
0.0005249149999997371
0.0004972240000000738
0.0004770749999991608
0.000497606999999789
0.0004279169999996668
0.0004479199999991579
0.0004828450000005091
0.000472940999999949
0.00048642299999990257
0.009446759999999443
0.0004084580000007776
0.0004083609999998572
0.014780499000000447
0.0003899340000010909
0.0004358539999991251
0.0004521000000003994
0.00043318899999889027
0.014860221999999368
0.0004290180000019461
0.00047153299999891374
0.04559734800000115
0.7760968290000001
0.024975281999999766
0.010276564000001542
0.0004414490000002047
0.00039056399999992664
0.00044680099999894196
0.00041494199999903003
0.00047792699999860133
0.0319459689999988
0.00041000900000298657
0.007807243999998548
0.00043893099999792184
0.0004257770000002381
0.0004679389999999728
0.006505331000003167
0.0004653270000005705
0.04554083700000078
0.04066462400000148
0.014954713000001618
