0.008076082000002316
0.02878409099999857
0.006849906999995881
0.00039837399999953504
0.00041169899999715653
0.0003826200000034419
0.00039103599999634753
0.00046352800000448724
0.0004163340000005178
0.03411597699999902
0.006495070999996244
0.022137078999996618
0.00048664300000211824
0.00045137499999725605
0.00038943799999913153
0.0004543629999957943
0.00041497000000134676
0.005726211000002479
0.000437542000000235
0.0004757560000001604
0.007849870000001147
0.0003812309999986496
0.00042468700000597437
0.006348209000002214
0.013713260000002947
0.00656323799999825
0.0275491779999939
0.000493167999998434
0.02900315499999806
0.00040205199999832075
0.0004130260000039243
0.007496975000002237
0.005335645000002387
0.0004302290000026687
0.03077813100000526
0.0005067479999993907
0.006377438999997764
0.024970508999999197
0.02190499499999987
0.00039535599999851456
0.00038896099999874423
0.031826760999997816
0.0004612680000022351
0.012446874000005437
0.027297222000001398
