1626.8486848346124
502.29333844089814
1290.4802340365814
420.95491284880006
72.61057873965548
0.007420259051075052
1610.9581566403804
1551.27604833514
70.23588328135014
672.3746497214046
51.113382371396725
386.39490458788924
1177.8943461413367
1118.0400956482492
1006.7080880525265
405.9557951866065
45.834567394698055
726.9426817839909
1313.3665183217431
1066.6468278895143
1186.0852489015147
1275.5783734680049
1009.8637562734001
1181.9769131165588
41.11005305198073
1262.990325265373
1247.7238189920472
904.9796318967879
1870.2591490870925
602.6629942200161
2261.340396268163
1971.2593993729581
83.41514353006475
2301.8377934981127
731.9535023574119
2218.468967032529
944.7028920482363
1857.2272750142063
2090.8695520881624
2309.5394650055327
2400.5770346381923
2015.3486593250577
2129.765964179714
519.0754694115906
2253.2160886974234
