0.00047200697008520365
0.00039203098276630044
0.0007287439657375216
0.0003574939910322428
0.0010199309908784926
0.0003558300086297095
0.00033611099934205413
0.0015312890172936022
0.0009218089981004596
0.0003369139740243554
0.00048055697698146105
0.00038322899490594864
0.0003177389735355973
0.0005720540066249669
0.0003450390067882836
0.00038296496495604515
0.00045066099846735597
0.0006051849923096597
0.000313909025862813
0.0003886820049956441
0.0004936979967169464
0.0005343760130926967
0.0003989979741163552
0.0009630979620851576
0.00041454500751569867
0.000339947990141809
0.00033309601712971926
0.000510525016579777
0.0007486579706892371
0.0013345450279302895
