0.0005908500170335174
0.006451553024817258
0.0003883219906128943
0.00911611900664866
0.0003711230237968266
0.02518113498808816
0.0019430939573794603
0.00047322199679911137
0.0007829000242054462
0.0004462730139493942
0.00038844201480969787
0.0010984879918396473
0.00041158002568408847
0.00034750200575217605
0.0004286780022084713
0.0004930249997414649
0.0006801530253142118
0.0005495179793797433
0.0069937799707986414
0.002710828965064138
0.00040054594865068793
0.0003509090165607631
0.0017199680441990495
0.000360654026735574
0.0004974280018359423
0.0006917499704286456
0.00036029896000400186
0.00038161000702530146
0.00290297600440681
0.011918680043891072
