0.0008638559374958277
0.000502933980897069
0.0004590270109474659
0.00041251303628087044
0.0017193409148603678
0.0008572009392082691
0.00044370500836521387
0.0021316499914973974
0.0004162159748375416
0.0003668610006570816
0.000560375046916306
0.001687076990492642
0.0023414610186591744
0.0004127869615331292
0.0005176799604669213
0.0007819579914212227
0.000459515955299139
0.000446968013420701
0.00037293590139597654
0.0004428160609677434
0.0005026799626648426
0.00040945399086922407
0.0004724909085780382
0.0004163210978731513
0.00038272899109870195
0.0018785299034789205
0.0004014859441667795
0.0004455290036275983
0.0011949189938604832
0.0018263469683006406
