0.000433332000000064
0.0004285019999912265
0.0004204060000034815
0.02737435900000662
0.00041075299999704384
0.0003993760000042812
0.01759524300000237
0.0003463089999939939
0.013528940000000489
0.0003934639999982892
0.006425045000000296
0.0004031490000073745
0.0003775770000089551
0.007317201999995859
0.022632865999995033
0.016685018000003993
0.0004218029999947248
0.029826128999999924
0.007309589000001893
0.008036068999999202
0.000393029999997907
0.00037877200000480116
0.00035954900000945145
0.007593464999999355
0.01732104200000606
0.0003970120000076349
0.037416772000000265
0.0003671360000083723
0.00036103399999376506
0.021738237999997523
0.00037061800000515177
0.02243087099999741
0.00037452000000826047
0.005957058999996434
0.013456113999993136
0.01615914299999588
0.015263363999991952
0.019545386999993752
0.012443833000006066
0.014709988000007002
0.012691160999992235
0.00034840499999688745
0.02778411600000652
0.0003515579999913143
0.007187289000000874
