7603
4968
3892
4861
4107
15124
4060
4394
4008
3686
4008
3686
4008
3737
4008
3686
4008
3686
4008
3686
4008
4218
4395
3736
4395
3686
4395
3686
4395
3686
4395
3686
4395
3686
4395
3686
4395
3686
4395
3686
4395
3686
4395
3686
4395
3737
4403
3686
4403
3686
4403
3738
4283
3597
4239
3597
4239
3597
7195
4225
4243
3597
4243
3597
4243
3597
4243
3597
4243
3597
4243
3597
4243
3597
4243
3597
4243
3597
4161
3542
4117
3542
4117
3542
4259
3542
4117
3542
4117
3542
4117
3542
4117
3542
4117
7224
3894
4279
3758
4235
3758
4287
3758
4235
3758
4235
3758
4235
3758
4235
3886
4399
3842
4399
3842
4399
3842
4279
3758
4235
3758
4235
3758
4235
3886
4399
3842
4399
3842
4399
3842
4399
3842
4399
3842
4399
3842
4279
3758
4235
3758
4235
7052
3589
4401
3589
4401
3589
4401
3589
4401
3589
4401
3589
4401
3589
4289
3500
4245
3500
4245
3500
4245
3633
4401
3589
4401
3589
4401
3589
4401
3589
4401
3589
4401
3589
4401
3589
4401
3589
4401
3589
4401
3734
4401
3951
4399
3737
4399
3737
4367
3597
4239
3597
4239
3597
4239
3597
4239
3597
4239
3597
4239
3597
4239
3597
4239
3597
4239
3597
4239
3597
4239
3597
4239
3597
4239
3597
4239
3597
4239
3597
4239
3597
4239
3597
4239
3597
4239
3597
4239
3597
4239
3597
4239
3597
7657
3589
4401
3589
4401
3589
4401
3589
4401
3589
4401
3589
4401
3589
4401
3589
4401
3589
4401
3589
4401
3589
4401
3589
4401
3589
4401
3589
4401
3589
4401
3589
4401
3589
4401
3589
7771
3589
4393
3589
4393
3589
4393
3589
4393
3589
4393
3589
4393
4180
4397
3589
4397
3589
4397
3589
4397
3589
4397
3589
4397
3589
4397
3589
4397
3589
4397
3971
4278
3622
4278
3622
4278
3622
4278
3673
4274
3622
4274
3622
4274
3622
4274
3622
4274
3622
4274
3622
4274
3622
4274
3622
4274
3622
4274
3622
4274
3622
4274
3622
4274
3622
4274
3622
4274
3622
4274
3622
4274
3622
4274
3622
4274
3622
4274
3622
4274
3622
4274
3622
4274
3622
4274
3622
4274
3622
4274
3622
4274
3622
9209
3622
4274
3622
4274
3622
4274
3622
4274
3622
4274
3622
4274
3622
4274
3622
4274
3622
4274
3622
4274
3622
4274
3622
4274
3622
4274
3622
4274
3622
4274
3622
4274
3622
4274
3622
4274
3622
4274
3622
4274
3622
4274
3622
4274
3622
4274
3622
4274
3622
4274
3622
4274
3622
4274
3622
4274
3622
4274
3622
4274
3622
4274
3622
4274
3622
4274
3622
4274
3622
4274
3622
4274
3622
4274
3622
4274
3622
4274
3622
4274
3622
4274
3622
4274
3622
4274
3622
4274
3622
4274
3622
4274
3622
4274
3622
4274
3622
4274
3622
4274
3622
4274
3622
4274
3622
4274
3622
4274
3622
4274
3622
4274
3622
4274
3622
4274
3622
4274
3622
4274
3622
4274
3622
4274
3622
4274
3622
4274
3622
4274
3622
4274
3622
4274
3622
4274
3622
4274
3622
4274
3622
4274
3622
4274
3622
4274
3622
4274
3622
4274
3622
4274
3622
4274
3622
4274
3622
4274
3622
4274
3622
4274
3622
4274
3622
4274
3622
4274
3622
4274
3622
4274
3622
4274
3622
4274
3622
4274
3622
4274
3622
4274
3622
4274
3622
4274
3622
4274
3622
4274
3622
4274
3622
4274
3622
4274
3622
4274
4176
4274
3622
4274
3622
4274
3622
4274
3622
4274
3622
4274
3622
4274
3622
4168
3531
4124
3531
4124
3531
4124
3531
4124
3531
4124
3531
4124
3531
4124
3531
4124
3531
4124
3531
4124
3531
19662
4523
3757
4470
3609
4470
3609
4470
3609
4470
3609
4470
3609
4470
3609
4470
3742
4471
3694
4471
3694
4471
3694
4471
3694
4471
3694
4471
3694
4471
3694
4471
3694
4471
3694
4471
3694
4471
3694
4471
3694
4471
3694
4471
3694
4471
3694
4471
3694
4471
3694
4471
3694
4471
3694
4471
3694
4471
3694
4471
3694
4471
3694
4471
3694
4471
3694
4471
3694
4471
3694
4471
3694
4471
3694
4471
3694
4471
3694
4471
3694
4471
3694
4471
3694
4471
3694
4471
3694
4471
3694
4471
3694
4471
3694
4471
3694
4471
3694
4471
3694
4471
3694
4471
3694
4471
3694
4471
3694
4471
3694
4471
3694
4471
3694
4471
3694
4471
3694
4471
3694
4471
3694
4471
3694
4471
3694
4471
3694
4471
3694
4471
3694
4471
4515
3980
3901
3980
3901
3980
3901
3980
3901
3980
3901
3980
3901
3980
3953
3980
3901
3980
3901
3980
3901
3980
3901
3980
3901
3980
3901
3980
3901
6363
3901
3976
3901
3976
3901
3976
3901
3976
3901
3976
3901
3976
3901
3976
4417
7603
4968
3892
4861
4107
15124
4060
4394
4008
3686
4008
3686
4008
3737
4008
3686
4008
3686
4008
3686
4008
4218
4395
3736
4395
3686
4395
3686
4395
3686
4395
3686
4395
3686
4395
3686
4395
3686
4395
3686
4395
3686
4395
3686
4395
3737
4403
3686
4403
3686
4403
3738
4283
3597
4239
3597
4239
3597
7195
4225
4243
3597
4243
3597
4243
3597
4243
3597
4243
3597
4243
3597
4243
3597
4243
3597
4243
3597
4161
3542
4117
3542
4117
3542
4259
3542
4117
3542
4117
3542
4117
3542
4117
3542
4117
7224
3894
4279
3758
4235
3758
4287
3758
4235
3758
4235
3758
4235
3758
4235
3886
4399
3842
4399
3842
4399
3842
4279
3758
4235
3758
4235
3758
4235
3886
4399
3842
4399
3842
4399
3842
4399
3842
4399
3842
4399
3842
4279
3758
4235
3758
4235
7052
3589
4401
3589
4401
3589
4401
3589
4401
3589
4401
3589
4401
3589
4289
3500
4245
3500
4245
3500
4245
3633
4401
3589
4401
3589
4401
3589
4401
3589
4401
3589
4401
3589
4401
3589
4401
3589
4401
3589
4401
3734
4401
3951
4399
3737
4399
3737
4367
3597
4239
3597
4239
3597
4239
3597
4239
3597
4239
3597
4239
3597
4239
3597
4239
3597
4239
3597
4239
3597
4239
3597
4239
3597
4239
3597
4239
3597
4239
3597
4239
3597
4239
3597
4239
3597
4239
3597
4239
3597
4239
3597
4239
3597
7657
3589
4401
3589
4401
3589
4401
3589
4401
3589
4401
3589
4401
3589
4401
3589
4401
3589
4401
3589
4401
3589
4401
3589
4401
3589
4401
3589
4401
3589
4401
3589
4401
3589
4401
3589
7771
3589
4393
3589
4393
3589
4393
3589
4393
3589
4393
3589
4393
4180
4397
3589
4397
3589
4397
3589
4397
3589
4397
3589
4397
3589
4397
3589
4397
3589
4397
3971
4278
3622
4278
3622
4278
3622
4278
3673
4274
3622
4274
3622
4274
3622
4274
3622
4274
3622
4274
3622
4274
3622
4274
3622
4274
3622
4274
3622
4274
3622
4274
3622
4274
3622
4274
3622
4274
3622
4274
3622
4274
3622
4274
3622
4274
3622
4274
3622
4274
3622
4274
3622
4274
3622
4274
3622
4274
3622
4274
3622
4274
3622
9209
3622
4274
3622
4274
3622
4274
3622
4274
3622
4274
3622
4274
3622
4274
3622
4274
3622
4274
3622
4274
3622
4274
3622
4274
3622
4274
3622
4274
3622
4274
3622
4274
3622
4274
3622
4274
3622
4274
3622
4274
3622
4274
3622
4274
3622
4274
3622
4274
3622
4274
3622
4274
3622
4274
3622
4274
3622
4274
3622
4274
3622
4274
3622
4274
3622
4274
3622
4274
3622
4274
3622
4274
3622
4274
3622
4274
3622
4274
3622
4274
3622
4274
3622
4274
3622
4274
3622
4274
3622
4274
3622
4274
3622
4274
3622
4274
3622
4274
3622
4274
3622
4274
3622
4274
3622
4274
3622
4274
3622
4274
3622
4274
3622
4274
3622
4274
3622
4274
3622
4274
3622
4274
3622
4274
3622
4274
3622
4274
3622
4274
3622
4274
3622
4274
3622
4274
3622
4274
3622
4274
3622
4274
3622
4274
3622
4274
3622
4274
3622
4274
3622
4274
3622
4274
3622
4274
3622
4274
3622
4274
3622
4274
3622
4274
3622
4274
3622
4274
3622
4274
3622
4274
3622
4274
3622
4274
3622
4274
3622
4274
3622
4274
3622
4274
3622
4274
3622
4274
3622
4274
3622
4274
3622
4274
3622
4274
3622
4274
4176
4274
3622
4274
3622
4274
3622
4274
3622
4274
3622
4274
3622
4274
3622
4168
3531
4124
3531
4124
3531
4124
3531
4124
3531
4124
3531
4124
3531
4124
3531
4124
3531
4124
3531
4124
3531
19662
4523
3757
4470
3609
4470
3609
4470
3609
4470
3609
4470
3609
4470
3609
4470
3742
4471
3694
4471
3694
4471
3694
4471
3694
4471
3694
4471
3694
4471
3694
4471
3694
4471
3694
4471
3694
4471
3694
4471
3694
4471
3694
4471
3694
4471
3694
4471
3694
4471
3694
4471
3694
4471
3694
4471
3694
4471
3694
4471
3694
4471
3694
4471
3694
4471
3694
4471
3694
4471
3694
4471
3694
4471
3694
4471
3694
4471
3694
4471
3694
4471
3694
4471
3694
4471
3694
4471
3694
4471
3694
4471
3694
4471
3694
4471
3694
4471
3694
4471
3694
4471
3694
4471
3694
4471
3694
4471
3694
4471
3694
4471
3694
4471
3694
4471
3694
4471
3694
4471
3694
4471
3694
4471
3694
4471
3694
4471
3694
4471
3694
4471
3694
4471
4515
3980
3901
3980
3901
3980
3901
3980
3901
3980
3901
3980
3901
3980
3953
3980
3901
3980
3901
3980
3901
3980
3901
3980
3901
3980
3901
3980
3901
6363
3901
3976
3901
3976
3901
3976
3901
3976
3901
3976
3901
3976
3901
3976
4417
