1.0074571785642232
113.00477636995883
1190.7313703284258
4186.405063291139
4230.23887587822
4157.219792865362
4230.23887587822
4157.219792865362
6334.258782201405
108.90968509856332
6107.104215456675
6001.361334867664
6106.771662763466
5832.479861910242
981.2919625106504
3957.765177548683
4015.7201405152223
917.2248653500898
62.71052953156823
2726.3179237631794
1218.8496376811595
4940.188084112149
1160.090909090909
4287.053738317757
77.36472631056722
4382.430913348946
955.9158031088083
99.53767137303049
4764.2884811416925
5037.636363636364
67.68870323994365
3983.8829039812645
57.52451746013382
1471.0387224420576
70.36542354487969
1116.807608695652
3547.049482163406
3609.2049180327867
5240.627157652474
5332.675644028103
101.31783957219251
939.5552027357108
4406.129438717067
2916.3795944233207
5271.531500572738
