106.5123096181932
46.20793944962701
96.34025964985555
1376.129889669007
106.89655038004288
51.47340417514508
1788.1963060686016
49.48131054367442
2517.619525065963
2446.6066666666666
134.7857674557094
2326.197327852004
173.95183768274353
140.26942839724794
0.24789096849726203
807.5565196998124
0.3894708070666568
126.16988910417611
1569.3005128205127
0.9804726906224783
0.3406525241570944
1772.0373532550693
177.13401406343507
182.4269872174723
2340.6597992604334
77.27744778995924
1004.1778063410454
0.38059541697666993
772.4756517461879
117.23774350338704
70.30843997562462
162.49294304164573
2138.5363867684478
1610.9781136008337
66.43886041099432
196.53382684770992
0.0017229086171034684
93.29691991786447
88.81189818867416
1391.2478902953587
1372.9052576782926
65.03300462444834
101.00781696854146
43.159591529473374
1297.10888252149
