0.0019337151688136318
138.44540747411077
1773.4174477289114
796.8030436055019
1078.671842105263
3088.8259231348907
3245.9079435783224
801.9605863975006
41.79273617892074
188.80675645088274
244.76144452803982
0.3356787801917674
210.28954167602785
1011.765030336459
2689.521477015825
181.47373016280622
57.26067284922409
2566.010813887308
38.62011098581518
165.41245160100792
0.4034703905396338
141.2861867821276
0.2637620451199335
160.97178456061704
129.89877536531978
0.4485469166755985
210.69749227563412
212.30489200400515
227.62164936005794
211.18040885860307
2742.493689680772
73.71597055802808
168.71345323741008
71.65948109398589
177.77796125754207
2018.1023792357607
188.07189448785033
0.2731708461543562
206.65572315882875
677.3366496992134
122.87401616677303
0.0015745263022270291
1657.0128108515448
34.559672452073436
169.4562516013323
