262.3645095895669
6434.4422729492635
217.43441668260544
198.83360297681034
2540.4175667998948
7688.968229319653
7319.696597807262
233.80595729249367
0.24298648952958316
205.31321039126408
95.01629144854253
224.5818471341795
179.9130727590736
0.03793083337377943
5109.897495154349
4961.724574145211
0.0010087296823295161
4576.880922914615
5892.682737914563
5130.563739052863
4822.688878471328
5730.075868677019
6773.895396213927
5254.847885735747
5224.8382778303785
5928.543341136688
119.45031259706806
6505.73553537672
90.04065324408847
2435.696343216975
200.9589629145701
5358.672084146307
96.10404224028481
6084.94917707946
5689.427318294825
5301.15078224927
5574.822361331578
99.69676042773173
247.99010804279663
100.59682613520663
239.2872096607509
6498.996941671735
2352.522795601755
0.23429940761267826
5287.206649667722
