0.012234100955538452
0.001025764038786292
0.00032662099692970514
0.0007602040423080325
0.0004013319266960025
0.0004610259784385562
0.00047474505845457315
0.0004244609735906124
0.0005403870018199086
0.00047461106441915035
0.000504201976582408
0.000565716065466404
0.0028226750437170267
0.0005268750246614218
0.0005050610052421689
0.0004304739413782954
0.00043548294343054295
0.0007104020332917571
0.0006870889337733388
0.0004868600517511368
0.002479249960742891
0.0005550109781324863
0.007069671992212534
0.0006424010498449206
0.0011762429494410753
0.0003596269525587559
0.0005631910171359777
0.000802607974037528
0.002308084978722036
0.0005628089420497417
