7807
5036
3964
4933
4179
16184
3705
4308
3721
3958
3721
3958
3721
4010
3721
3958
3721
3958
3721
3958
3721
3958
3721
4010
3721
3958
3721
3958
3721
3958
3721
3958
3721
3958
3721
3958
3721
3958
3721
3958
3721
3958
3721
4010
3721
3958
3721
3958
3662
4002
3721
3958
3721
3958
3662
3896
3618
3896
3618
3896
3618
3896
3618
3896
3618
3896
3618
3896
3618
4002
3721
3958
3721
3958
3721
3958
3721
3958
3721
3958
3721
3958
3721
3958
3721
3958
3721
3958
3721
3958
3721
4010
3662
3896
3618
3896
3618
4208
3826
4132
4301
4022
4138
4022
4138
4022
4138
4022
4138
4022
4138
4022
4171
4023
4120
4023
4120
4023
4120
4023
4120
4023
4120
4023
4120
4023
4120
4023
4120
4023
4120
4023
4120
4023
4120
4023
4120
4023
4120
4023
4120
4023
4120
4023
4120
4023
4120
4023
4120
4023
4120
4023
4120
4023
4120
4023
4120
4023
4120
4023
4120
4023
4120
4023
4599
4023
4120
4023
4120
4023
4120
4023
4120
4023
4120
4023
4120
4023
4120
4023
4120
4023
4120
4023
4120
4023
4120
4023
4120
4635
4116
4023
4116
4023
4116
4023
4116
4023
4116
4023
4116
4023
4116
4023
4116
4023
4116
4023
4116
4023
4116
4023
4116
4023
4116
4023
4116
4023
4116
4023
4116
4023
4116
4023
4116
4023
4116
4023
4116
4023
4116
4023
4116
4023
4116
4023
4116
4023
4116
4023
4116
4023
4116
4023
4116
4023
4116
4023
4116
4023
4116
4023
4116
4023
4116
4023
4116
4023
4116
4023
4116
4023
4116
4023
4116
4023
4116
4023
4116
4023
4116
4023
4116
4023
4116
4023
4116
4023
4116
4023
4116
4023
4116
4023
4116
4023
4116
4023
4116
4023
4116
4023
4116
4023
4116
4023
4116
4023
4116
4023
4116
4023
4116
4023
4116
4023
4116
4023
4116
4023
4116
4023
4116
4023
4116
4023
4116
4023
4116
4023
4116
4023
4116
4023
4116
4023
4116
4023
4116
4023
4116
4023
4116
4023
4116
4023
4116
4023
4116
4023
4116
4023
4116
4023
5731
3974
4294
3974
4294
3974
4294
3974
4294
3974
4294
3974
4294
3974
4294
3974
4294
3974
4294
3974
4294
3974
4294
3974
4294
3974
4391
3979
18385
3750
3848
4069
3744
3978
3744
3978
3744
3978
3744
3978
3744
3978
3744
3978
3744
3978
3744
3978
3744
3978
3744
3978
3744
3978
3744
3978
3744
3978
3744
3978
3744
3978
3744
3978
3744
3978
3744
3978
3744
3978
3744
3978
3744
3978
3744
3978
3744
3978
3744
3978
3744
3978
3744
3978
3744
3978
3744
3978
3744
3978
3744
3978
3744
3978
3744
3978
3744
3978
3744
3978
3744
3978
3744
3978
4360
3899
3759
3899
3759
3899
3759
3899
3759
3899
3759
3899
3759
3899
4931
4070
4019
4070
4019
4070
4019
4070
4019
4070
4019
4070
4019
4070
4019
4070
4019
4070
4019
4070
4019
4070
4019
4070
4019
4070
5628
4074
4019
4074
4019
4074
4019
4074
4019
4074
4019
4074
4019
4074
4019
4074
4019
4074
4019
4074
4019
4074
4019
4074
4019
4074
4019
4074
4019
4074
4019
4074
4019
4074
4019
4074
4019
4074
4019
4074
4019
4074
4019
4074
4019
4074
4019
4074
4019
4074
4019
4074
4019
4074
4019
4074
4019
4074
4019
4074
4019
4074
4019
4074
6434
4298
4303
4298
4303
4298
4303
4298
4303
4298
4303
4298
4303
4298
4303
4298
4303
4298
4303
4298
4303
4298
4303
4298
4303
4298
4303
4298
4303
4298
4303
4298
4303
4298
4303
4298
4303
4298
4303
5931
4736
4737
4736
4737
4736
4737
4736
4737
4736
4737
4736
6028
4736
4737
4736
4737
4736
4737
4736
4737
4736
4737
4736
4737
4736
4737
4736
4737
4736
4737
4736
4737
4736
4737
4736
4737
4736
4737
4736
4737
4736
4737
4736
4737
4736
4737
4736
4737
4736
4737
4736
4737
4736
4737
4736
4737
4736
4737
4736
4737
4736
4737
4736
4737
4736
4737
4736
4737
4736
4737
4736
4737
4736
4737
4736
4737
4736
4737
4736
4737
4736
4737
4736
4737
5998
4779
4649
4779
4649
4779
4649
4779
4649
4779
4649
4779
4649
5726
4649
4785
4649
4785
4649
4785
4649
4785
4649
4785
4649
4785
4649
4785
4649
4785
4649
4785
4649
4785
4649
4892
4649
4785
4649
4785
4649
4785
4649
4785
4649
4785
4649
4785
4649
4785
4649
4785
4649
4785
4649
4785
4649
4785
4649
4785
19098
4467
3694
4294
3779
4246
3779
4246
3779
4246
3779
4246
