0.032941779000000004
0.004334225000000025
0.0042921899999999735
0.004437725999999975
0.004356559000000038
0.0046326770000000295
0.004597000000000018
0.004469137000000012
0.004380587999999963
0.004411465999999975
0.004497633000000001
0.0042807549999999694
0.002940425999999996
0.0031178750000000477
0.002870745999999924
0.0029747369999999496
0.0028632739999999712
0.003140603000000075
0.0030391640000000386
0.00306463899999998
0.0029997440000000264
0.0036556850000000196
0.003316965000000005
0.003293661000000059
0.0032580200000000836
0.002898300999999992
0.002894068999999999
0.0027768219999999566
0.002735177000000033
0.0027394110000000804
0.0031249630000000916
0.003205649000000088
0.0029822850000000845
0.0032325069999999956
0.003245539999999991
0.00344291699999999
0.0031567249999999714
0.0033332050000000057
0.0032274289999999484
0.0032539560000000023
0.003728823999999964
0.003240457999999946
0.0031794609999999945
0.0028434210000000126
0.0028393049999999587
