0.008938867000000017
0.00925152600000001
0.009087343000000025
0.008972058999999977
0.010143581999999984
0.010001407999999934
0.009792839000000053
0.009718138000000098
0.009960695999999825
0.009552937000000039
0.009386059000000113
0.009308884000000184
0.00899177299999998
0.008825674000000117
0.008920942000000043
0.009203713000000002
0.009446722999999935
0.009054990000000096
0.009098166000000019
0.009237198999999974
0.01008079999999989
0.00949167499999981
0.007877157000000024
0.008179751999999985
0.00856719100000003
0.010240888999999864
0.010640673000000156
0.010115245000000161
0.010234000999999937
0.010167546999999999
0.010357089999999847
0.01058354600000011
0.008238887999999944
0.008732278000000093
0.008732742999999932
0.009313958000000122
0.008744649999999687
0.00890366500000006
0.010074629000000002
0.00980233900000016
0.010752426999999898
0.008674641000000038
0.008611044000000012
0.00894870400000003
0.010029041999999988
