0.00023336499999970783
0.0007844000000005735
0.0004956440000043472
0.0004412489999978675
0.0005380340000016304
0.0009048619999987295
0.003154406000000165
0.0019173709999975586
0.0007038709999989123
0.00046252799999990657
0.0006604510000016717
0.0004652049999975816
0.002402973999998892
0.0005212989999989759
0.030923698000002275
0.0005939329999975484
0.0014467729999978474
0.0006558639999951765
0.0008116850000021714
0.0008106059999946069
0.0024490349999979344
0.00721923800000468
0.00421107900000095
0.0008185399999973697
0.0015860669999980814
0.0007093420000003903
0.0005387329999990698
0.005237805999996681
0.0009367739999959213
0.0007670280000056096
0.00027214499999672626
0.0008054959999981293
0.00047704300000361854
0.00046941800000155354
0.0006107470000031867
0.0008710139999976718
0.0034060560000028772
0.0019199369999967075
0.0007712070000067683
0.0004517329999984554
0.0006626899999986335
0.0004513660000000641
0.0026207849999977384
0.00047474999999508327
0.0319200519999967
0.0006605340000049864
0.0014923640000006344
0.0005916069999969409
0.0008804209999979662
0.0008486859999976559
0.00240519400000494
0.0076003819999996836
0.004373356000002104
0.000850723000006326
0.0013350850000009018
0.0007149609999999029
0.0005477360000014642
0.005488986999999668
0.0009659629999987374
0.0007103399999977
