0.0005566560000005438
0.0006570099999976264
0.0006800049999995395
0.0009958199999999806
0.0007646929999935992
0.0019646539999982338
0.0011415959999965253
0.0004399709999987067
0.0010333470000034595
0.0013550700000024563
0.0004422980000029497
0.0011146829999972852
0.0005732469999983891
0.0005123889999936182
0.00039564000000069655
0.00039304000000583983
0.001500833999998008
0.003016230999996594
0.0004434110000062219
0.001120115999995619
0.0015760710000023437
0.0024131199999999353
0.0004525610000030156
0.0007180059999996047
0.0271094029999972
0.0008119190000002163
0.0005530059999969694
0.007063633999997876
0.0009474249999996687
0.001062391999994361
0.0006138779999957933
0.0006649560000013821
0.0007262360000055423
0.0009070440000016333
0.0008328540000022144
0.0019195639999978198
0.0010647169999984385
0.00035317100000042956
0.0010297469999969167
0.0012693659999953866
0.0004549310000001583
0.0009725399999993556
0.0005707800000038787
0.0005073820000021101
0.0004405480000002626
0.0004260770000001912
0.0013841170000006287
0.0029213449999971886
0.0004789669999993862
0.0011200189999982513
0.0013445100000026855
0.0022889760000026627
0.0004234720000013681
0.0006962400000034563
0.026257619000006116
0.0007366259999983527
0.000540076000000056
0.007115555999995138
0.000861714000002678
0.0011559049999974036
