0.9997817070508622
81.05081081081082
26.518453427065026
60.59831121833535
277.51895734597156
172.07358262967432
41.969750889679716
68.31528279181708
70.20216606498195
67.95361990950227
19.908907698508667
30.29071170084439
15.896202531645569
24.125482625482626
1.8044130248500427
26.192307692307693
166.14454976303318
134.71857410881802
123.83293838862559
48.26779252110977
29.838052095130237
9.946861763573354
30.40072202166065
1.2491691285081241
118.70412517780939
21.75537109375
23.77961432506887
29.688388625592417
11.267764705882353
228.23754266211603
