67.20282317979198
33.618454571185964
16.08325234855847
121.24551971326164
2.722268394035688
50.66304347826087
8.705528846153847
462.48744059742023
6.434393993564534
43.02872670807454
6.6730072463768115
18.188690842040565
15.071720116618076
2.3873054729847873
12.047213622291022
3.643765903307888
3.5268924302788847
3.399451679232351
15.255839822024472
21.008487654320987
20.26519756838906
20.546296296296298
11.240335891124946
53.27096273291925
59.12611275964392
30.807116104868914
9.291475489012315
155.95729813664596
83.47922848664689
52.00931677018634
