12.60458452722063
5.780546623794212
3.3901468026872354
6.009934909215485
10.041986989946777
9.344367015098722
8.976390346274922
6.880758807588076
1.9946299934512115
4.294879742127448
29.428927680798004
8.544698758082726
14.016201117318436
38.82016683022571
49.35959421541118
11.88197845249755
13.076859332918998
16.820834640727956
9.412709400526097
52.60231940082146
93.37100591715976
1.8632478632478633
3.3569380733944953
12.761187416925122
5.9621227887617065
4.589755788138281
24.387767220902614
26.16800920598389
34.74524940617577
58.11451292246521
