1.9219178082191781
23.120408163265306
1.9808057371862475
3.3738059859902356
5.858650209038423
18.20861833105335
13.556625141562854
145.60791757049893
28.03782457575138
44.80257801899593
2.291053048297704
15.476126202125865
1.271668940427467
9.862864901561439
9.326517150395778
25.69927296761401
11.111849824012515
62.85891089108911
12.706164842528478
7.341334077588613
17.85333333333333
18.243224932249323
0.8918900804289545
2.4864613380478273
8.408846761453397
18.093941078376876
6.69908713692946
4.599299593312246
26.982872200263504
28.598794373744138
