25.31497975708502
125.07674208144796
22.280722891566263
67.4655061250806
697.608678343949
10.839187817258884
84.84056987788331
179.46386115073705
6.626791277258567
25.596740638002775
51.44165535956581
13.049291019581364
149.2663007683864
26.466609033931274
2.055159282730399
362.88079813423167
4540.027173913043
10.71825063078217
2313.76182467942
8051.7983924983255
2583.566292781133
501.4916403879336
903.0681578734095
163.0975334375543
1279.6665491302304
157.6095217762596
795.16173631438
95.26052104208416
17.786493288590606
6.9215611768537615
