1.9643251860000035
0.5007440899999978
0.0987678270000032
0.09823581000000559
0.10480167299999721
0.1041630649999945
0.1030032120000044
0.10277723599999433
0.09992736699999227
0.09989595099999349
0.09970445899999447
0.10124649600000168
0.09845275300000367
0.10233343799998806
0.103625218000019
0.10389346700000601
0.10704946399999926
0.10418281400001206
0.10416563100000076
0.10517166999997585
0.1032475449999879
0.10155257099998494
0.10217350599998554
0.09990708699999118
0.10367788100001007
0.10487101999999027
0.10586813699998743
0.10614670100000012
0.10544608600002903
0.10388623900001903
0.10612741900001765
0.10271243099998628
0.1011568370000191
0.10416667399999824
0.11242467099998521
0.1014955870000449
0.09982501600001115
0.10293897099995775
0.10114740199998096
0.10090158600002042
0.10189121999997042
0.09989889299998822
0.09542773999999099
0.0948259490000396
0.09776239199999281
