0.30113533600001574
0.3013828599999897
0.2909811549999972
0.291329544000007
0.2947917900000334
0.29571650599996246
0.3014797430000158
0.2903492519999986
0.2883354790000112
0.2918066450000083
0.3130801089999977
0.31806219999998575
0.335763886000052
0.3091117630000326
0.4131037859999651
0.315587095000069
0.3131320830000277
0.3123492019999503
0.31614092899997104
0.3028978569999481
0.3040400639999916
0.32081670800005213
0.3183827600000768
0.31818881800006693
0.31560348699997576
0.3079501409999921
0.29527949200007697
0.2980396740000515
0.29887743499989483
0.2935435330000473
0.30884175199992114
0.30907279500002005
0.30961678699998174
0.3090527930000917
0.3082343310001079
0.31144789300003595
0.31123303100002886
0.29427935100000013
0.29653607500006274
0.29611004199989566
0.29870878199994877
0.29470997499993246
0.29732747299999573
0.30195573200001036
0.29326032500000565
