0.1699437830000079
0.17005905799999255
0.16676788700010547
0.1682598400000188
0.1696785249999948
0.16781991799996376
0.16798538399996232
0.16791527899999892
0.17173461400000178
0.1685477370000399
0.17026525199992193
0.1713582680000627
0.17095655399998577
0.17147401300007914
0.16700276899996425
0.16645017599989842
0.1695187640000313
0.17291039299993827
0.1715507679999746
0.17198306199998115
0.17039147399998456
0.1729690470000378
0.1803520619999972
0.1818381909999971
0.1788751730000513
0.18024017999994157
0.1785134859999289
0.1756288430000268
0.17983225700004368
0.1813639450000437
0.1717788500000097
0.1794668620000266
0.16752315199994428
0.17180441300001803
0.1740217430000257
0.1725925409999718
0.17152239899996857
0.1694212190000144
0.17777051699999902
0.1782491349999873
0.17531165500008683
0.17849742900000365
0.17503005099990787
0.17818615700002738
0.17652576399996178
