0.16048391100002846
0.1617962070000658
0.1589287729999569
0.15942801399990003
0.15359259699994254
0.1529955680000512
0.1532203809999828
0.1552072690001296
0.15518516799988902
0.17043222400002378
0.16551871499996196
0.17248311700018348
0.1721859140000106
0.17035203400018872
0.14146270800006278
0.1430577880000783
0.14046400600000197
0.16424548500003766
0.16694100099994102
0.16767372599997543
0.16201465099993584
0.16678423499979544
0.14020131899997068
0.1441542400000344
0.1223304029999781
0.12343621800005167
0.16491698099980567
0.14208190800013654
0.1411640860001171
0.13924755199991523
0.1416252210001403
0.1394552090000616
0.14299280700015515
0.16670912200015664
0.1672940139999355
0.170010406000074
0.16824922999990122
0.16163241000003836
0.16157715899998948
0.16038693899986356
0.16837250399998993
0.16663507599992045
0.16621819900001356
0.1666470400000435
0.17465616800018324
