0.01114049700004216
0.0004586559999779638
0.012111021999999139
0.012988146999987293
0.0013709950000020399
0.00046035499997287843
0.0004794760000095266
0.011804859999983819
10.848187625999913
0.012547387000040544
0.029974007000078018
0.01241332400002193
0.014133175999972991
62.81523022499994
0.0004948629999717014
0.0005191759998979251
2714.0833505339997
0.0006047229999239789
0.0004599119997692469
0.000538847000370879
0.0005700990000150341
0.00047724500018375693
0.0005516469996109663
0.0005250529998193088
0.0005303419998199388
0.0004642020003302605
0.027089772999715933
0.0005015120000280149
0.028935870999703184
0.0010997750000569795
0.012841528999615548
0.0004799759999514208
0.03296894599998268
0.00044477399978859467
0.0004799170001206221
0.0005125360003148671
0.0004874510000263399
0.02697282200006157
0.011787457000082213
0.027526560999831418
0.01175115400019422
0.00042987999995602877
0.001185962999898038
10.658842617000118
0.00046524199979103287
