0.003702595000504516
0.0031767330001457594
0.024815576000037254
0.002144831000805425
0.002010580000387563
0.02349407300062012
0.0010445470006743562
0.0005528719993890263
0.0005043179999120184
0.000476756000352907
0.0005271209993225057
0.0004571110002871137
0.0011100359997726628
0.0004000139997515362
0.0189727649994893
0.002892489000259957
0.0024159260001397342
0.000433621999945899
0.0016009660002964665
0.02695767600016552
0.0004243829998813453
0.027116236999972898
0.00043291600013617426
0.00044974100001127226
0.0003891500000463566
0.0014529789996231557
0.0004749729996547103
0.0004388639999888255
0.0004071710000062012
0.000414709999859042
0.000450293000540114
0.02260766000017611
0.0016017289999581408
0.0010511319997021928
0.002706678999857104
0.00039056399964465527
0.0021168400007809396
0.025688417000310437
0.001750061999700847
0.00040050400002655806
0.0022263829996518325
0.0004521909995673923
0.0004069720007464639
0.02356365800005733
0.0006983100001889397
