2.461040658999991
2.434966478000092
2.4278036509999765
2.418625939000094
2.396560188999956
2.4349181430000044
2.46650975700004
2.542675497999994
2.541984728999978
2.6227992920000816
2.5745801970000457
2.6425288299999465
2.7072123740000507
2.6499757210000325
3.54712068799995
2.6040208410000787
2.5650881049999725
3.394043629000066
3.419192509000027
3.4020593029999873
3.4973744679999754
3.701607225000089
3.5401005060000443
3.4825522920000367
3.468837927999971
3.4932086330001084
3.5915036320000127
3.4722336639999867
4.491284810000025
3.53709427900003
3.5444128079999473
3.5355615629999875
3.473126289999982
3.5168662280000262
3.4566759509999656
3.463912296999979
2.645602537000059
2.774123775000021
2.6813170679999985
2.673581489999947
2.6514362149999897
2.641191261000017
2.737788728000055
2.6846235530000513
3.693145256999969
