0.00039377099983539665
0.0011057620001793111
0.0008750690001306793
0.0016246029999820166
0.002465303999997559
0.0004805999999462074
0.21521113699986927
0.0009438039999167813
0.000871373999871139
0.0011048799999571202
0.003148985000052562
0.000860285999806365
0.000751809999883335
0.0007594759999847156
0.0009860709999429673
0.0007094839997989766
0.001227809000056368
0.0008810320000520733
0.0023220750001655688
0.0007908529998985614
0.0008128570000280888
0.0008207530001982377
0.001636281999935818
0.0006304440000803879
0.0006337920001442399
0.0023306779999074934
0.0012599179999597254
0.000646780000124636
0.0006343820000438427
0.000705114000083995
