0.0006812209999225161
0.000950060000150188
0.0014805539999542816
0.0004464050000478892
0.00943232600002375
0.0013728839999203046
0.0004576250000809523
0.026169699000092805
0.000633008000022528
0.0007837499999823194
0.0004273030001513689
0.0007925249999516382
0.0003892340000675176
0.0005702039998141117
0.0012973380000858015
0.0005090770000606426
0.7237112610000622
0.0018986449999829347
0.0005742569999256375
0.0010211920000529062
0.0012197579999337904
0.05658458699986113
0.0004892670001481747
0.0019616790000327455
0.003184615999998641
0.007121049000033963
0.006724661000134802
0.0008432930001163186
0.000732170999981463
0.006287982000003467
