0.018190431999983048
0.0008973470000910311
0.0014142519999040815
0.0004766209999615967
0.0011657250001917419
0.0007731610000973888
0.000830041999961395
0.0011666460000014922
0.0018188610001743655
0.0010642610000104469
0.0006128340000941535
0.0008099910000964883
0.003613896000160821
0.0017147169999134348
0.0006765480000012758
0.0009024999999382999
0.001927980999880674
0.0016442999999526364
0.0011739990000023681
0.000895012000000861
0.0013966750000236061
0.00065860400013662
0.0005850630000168167
0.0010443389999181818
0.0004889399999683519
0.0020087299999431707
0.0003867039999931876
0.00044130399987807323
0.0009862640001756517
0.0008353850000730745
