2778.769310388435
407.7977938041241
2607.1964731832973
3199.563420541778
3334.746663350895
3192.6901011560426
4174.748842221017
1988.63220213205
2967.972016795494
2458.4618867237446
1985.9465234296047
3187.9495293430723
2521.576774219986
2037.9400839664925
3624.132230502586
1046.6807415620453
2308.732972844161
946.1588978648997
2802.07247824037
1931.3125430849109
1020.4481948695087
4451.589641007742
18.70510702454851
2478.0761502487408
2247.335807426347
1602.0506969195626
2604.609021016586
2340.1880609074424
4482.571152298798
0.0933508547999529
