1329.9089801087123
1808.8192331016012
520.0943285845278
1071.056443935688
1963.3771303622286
2183.1407912529335
569.6367260988662
3040.4461734967117
3232.7861555061327
3241.4256582690664
2030.124858575022
1293.4052706688278
881.3305816257606
888.5265523449634
3409.311734910268
1158.5372958029936
1740.5233460186685
1728.6465725914331
741.212844638886
2476.4847959515555
1008.7263774377742
3844.031864089473
3238.1363409860437
1194.2083296553396
1710.197515420497
2096.4957162804844
2889.0947027841394
2671.4601556885345
4063.034308887433
2507.952205951296
