0.005576635999999802
0.005600622000000222
0.005148076999999418
0.005144279999999668
0.005682785000000301
0.005435892999999581
0.0055950219999996165
0.005042195999999777
0.013775875000000326
0.005605786999999474
0.00592939399999981
0.005894292999999884
0.006111148999999649
0.005846930000000583
0.004969034999999344
0.005117670999999824
0.004979238999999858
0.0055585090000001
0.005243652999999959
0.005459872999999504
0.005470393999999601
0.00540394900000063
0.00545019200000052
0.005246297000000233
0.005451362000000515
0.00513896099999922
0.004977567000000072
0.005478531000000508
0.0061894469999996815
0.005950082000000023
0.006061104999999678
0.0062522629999994805
0.004878857999999653
0.0045988879999994126
0.004569839999999381
0.0042439100000004615
0.005518719999999533
0.004630178000000207
0.005155069000000623
0.004954012999999868
0.0050296580000006585
0.004962158000000549
0.004544729000000025
0.005787511999999495
0.00507553000000005
