1.252255828761838
6644.579123047345
11112.134959409377
13189.018992802323
5151.4849319097075
10226.362396770675
7518.796893997461
8771.561554327747
2526.9449590007725
9873.623010353956
2628.9171942609814
8823.782926837153
3056.9940070840903
2888.4161318307792
14247.649926008296
10603.514424013802
11426.070905737528
2360.9059747897536
10476.817824014292
8852.547518302268
111.8147858053388
13096.68632416788
10226.138142015383
173.1016347681306
12411.318479181316
14014.65536997548
11645.750732490898
163.89108962100144
2542.374647295493
181.96664840932465
14318.305162340515
152.10225975046345
11615.282896741255
3290.849370854539
4642.6277062225445
12793.77729859415
145.37295513486163
2321.128695324277
11854.373070800031
2617.2795783322526
10086.950967600209
8792.824818269715
200.28537899043403
0.9626177699085784
0.9962828424817866
