103.53307349932845
277.545078856826
0.30131729682038116
2114.4308885230953
7060.738936635242
307.8413102960235
0.25756209147134257
1960.880486827524
332.0535779815392
7559.388008286709
284.90314523321
281.4245854013465
0.24575230412834376
7304.366016233752
97.93384748580236
301.69865792776284
94.60479160409852
348.1349301625324
7413.28563384632
299.58148380040143
100.52978636482317
346.09317791061125
104.94731286804245
6764.265347692122
7295.419429205186
340.4419574024207
8770.091599009098
5484.184323427798
103.3735746436835
319.18674525423205
6072.990423864707
7424.392931681464
83.62060311185239
302.5457262053049
5762.994311321724
119.50985486355567
279.48313841566795
104.25349658252674
295.34729248814773
8063.13193491128
1981.5003460545302
6989.077901244906
2542.247958292242
106.0635248489374
288.42414617996815
