2.794578378671879
1.9293134905186928
295.7203450754853
5.802508487642881
294.50323508267434
307.77911344853493
3.0381599004396267
315.7670924117205
2.9473739488443416
1.1579654448045076
8.127836250025949
2.5616620898793845
1.9744387209641365
2.703139886218254
284.7462365591398
2.0283365286104096
1.958336784989438
2.021319602007145
1.395174534099477
2.919195436722129
1.1549266450252629
2.996327283256374
1.9108864047497565
2.904873606553892
5.194561949610238
2.0020430645968954
5.741057531864773
302.7998570407434
1.1988468710903382
5.818852647295279
303.60898876404497
2.840166332330324
1.9743932954085734
2.8443001987929915
1.963586113727393
296.7570093457944
2.528675416344987
2.8073826670841595
2.0173796659390155
288.76554681915655
8.270603396312694
2.8440685902392997
301.1870773854245
2.695748977026557
5.355827815444801
