3.0637820794632717
78.60315152637517
87.36696675948107
80.15328892106967
0.10527216522345095
2.2062273366538028
81.74318652831721
89.33896001754309
80.86474892336773
75.22174816375313
81.78079936928454
86.70468385518072
72.7673855572222
89.78478889474052
84.56747231195585
84.8295278455343
86.27741046840465
77.6665313708598
96.56699472434822
76.64511981687593
87.96149139912814
75.728526191352
2.4046755380455824
84.99432934223728
81.2403949890372
83.86254472265719
2.935409043054608
10.586517728343825
71.72523688131261
68.15397361516673
74.81943551380412
91.87208064096733
5.388058726964516
2.871519734817777
81.7319956132309
83.29039564841013
97.55064002708322
88.29277114523508
13.584608389266176
89.06579353868297
76.45028725856294
92.39248362239881
88.10963061299714
83.24378909671331
1.7346305767563723
