7.272194337716354
3.362767943797533
77.72995988282477
78.57844575568664
300.89310893195744
2568.999172598832
2498.2825811748007
2366.324158043787
2174.616445287105
6.404163631965113
73.72127798616185
76.95682615272129
2712.4542196558677
2870.106605219984
2667.960705981039
3058.673547382769
2814.8083441585627
2.806502071869281
4.437144007363314
47.69579559854947
62.18507982929639
2.004941735322415
51.96326759378981
42.95385309931004
52.37071290758553
44.509704902778545
1.0142635460219036
47.37587508741651
47.94111936710083
42.44740684036623
42.46792475569893
6.094315374594121
45.184747647656394
45.11812262984594
8.525875963742703
2.3300232624610824
304.538622456204
95.77367688301747
297.9140863360169
5041.774529205614
1.2183667155294988
0.9230406031198747
31.16154280507033
114.57254450023501
1.6726613271289674
