0.0012078710000196224
0.000978941000028044
0.0005343870000160678
0.0005179510000061782
0.0005157549999807998
0.0006985150000105023
0.0004440860000158864
0.0011247020000269004
0.0004889379999895027
0.0005350129999897035
0.0010145330000455033
0.0005857860000446635
0.0011309200000368946
0.0005124420000015562
0.0005109850000053484
0.0038700399999811452
0.00048185399998601497
0.0006017239999778212
0.0005535020000024815
0.0006209600000488535
0.0014646449999986544
0.0007177439999850321
0.0022327979999658965
0.0006628699999851051
0.003361328999972102
0.0016020499999740423
0.0006983669999840458
0.0019284409999613672
0.004199521000032291
0.000607075999994322
