0.009801299999992352
0.0010724549999849842
0.0007513710000353058
0.0003704120000520561
0.001108486999953584
0.0009727720000114459
0.0005752810000103636
0.0031064119999655304
0.01937441599994827
0.000390014999993582
0.023998817000006056
0.0026833460000261766
0.0019023340000217104
0.0006088739999654535
0.0005530470000394416
0.0006087709999746949
0.0003553720000013527
0.002469351000002007
0.00038686099998130885
0.0007692279999673701
0.0009370570000442058
0.0011704649999728645
0.000621272999978828
0.0018808629999966797
0.0006771070000013424
0.0008628609999732362
0.0005013269999949443
0.006904356000006828
0.0010403470000142079
0.0009446239999988393
