0.0007463780000307452
0.0026336309999805962
0.08985649599998169
0.000995608000039283
0.0005971229999772731
0.0009025549999819305
0.0006244420000030004
0.0371962180000196
0.0016936179999902379
0.0007304380000050514
0.0017498290000048655
0.0012466909999488962
0.001832295999975031
0.0012224640000226827
0.000409357999956228
0.0005757939999853079
0.0013558869999883427
0.0008847729999956755
0.0005035440000256131
0.0008735069999943335
0.0016231569999831663
0.0013501170000154161
0.0015342349999514227
0.0004444749999947817
0.00040458000000853644
0.001002034000009644
0.0013309670000012375
0.0009726989999876423
0.0008006009999803609
0.0006662629999709679
