0.000353740000008429
0.0004107839999960561
0.00032846999999947
0.00036013199999729295
0.005764608000021099
0.0003779409999822292
0.0004003829999987829
0.0008954689999995935
0.00036970599998653597
0.002175407999999379
0.0005513689999929738
0.003058095000000094
0.0004446970000060446
0.0005093849999866507
0.00033329599997955484
0.0005154549999986102
0.0040403650000087055
0.0003997880000099485
0.00042656799999463146
0.002431442999977662
0.04306301099998677
0.034688400999982605
0.0003536520000011478
0.0007300040000188801
0.00033524500000226
0.0003450899999961621
0.0028696770000067318
0.0004854120000175044
0.000309514999997873
0.00040367100001503786
0.00040826700001161953
0.0013909350000176346
0.0004737400000180969
0.00038489799999297247
0.0008905820000109088
0.006723093999994489
0.0003349689999936345
0.004224129999983006
0.00031673199998749624
0.0003119970000113881
0.00036547600001313185
0.005159044999999196
0.00034169700001029923
0.000347729999987223
0.000397949999978664
