0.0006177980000074967
0.0013671520000002602
0.0004853750000108903
0.0004611829999987549
0.002112479999993866
0.00041308600000888873
0.0007112399999869012
0.03356097200000363
0.0021599370000160434
0.0010790099999837821
0.0038728299999775118
0.005108280000001741
0.004040899000017362
0.0020144060000006903
0.0005065440000180388
0.000411601999985578
0.018394626000002745
0.0005499410000027183
0.00044048699999166274
0.0007252449999839428
0.005529821000010315
0.0003975019999984397
0.0003886990000125934
0.025457627000008642
0.017192544000010912
0.002199257000000898
0.0004707569999879979
0.002897926999992251
0.01117521500000862
0.0026114779999772963
0.0011584439999978713
0.003373353000000634
0.002128065999983164
0.234172669000003
0.00274654199998281
0.0005166409999901589
0.0020190930000012486
0.0004236989999810703
0.009349273999987417
0.0008862869999859413
0.00182755099999099
0.00042565199998989556
0.04392396599999415
0.0005888869999921553
0.0004170609999789576
