0.0043002479997085175
0.10665891200005717
0.09358074299962027
0.11808585200014932
0.11000092100039183
0.10152586899857852
0.0988661930005037
0.11109504399973957
0.10903225400033989
0.11106844200003252
0.1005247960001725
0.1241461640001944
0.26262793299974874
0.09456429000056232
0.11659880800107203
0.0994444919997477
0.10133920000043872
0.10139180599981046
0.11451524499898369
0.10631452200141212
0.09710854699915217
0.11089330800132302
0.10305830300058005
0.09838667000076384
0.11170661700089113
0.10715771600007429
0.09230763599953207
0.10947886400026619
0.11534462999952666
0.09476115399957052
