0.09525213099914254
0.10606469100093818
0.11018596900066768
0.11851004599884618
0.13736377700115554
0.11910910099868488
0.10657564400025876
0.09845028500058106
0.10326634800003376
0.09644650900008855
0.09725489800075593
0.09889304399985122
0.09528740899986587
0.0938795999991271
0.10463791199981642
0.13055326100038656
0.10117809900111752
0.09613209400049527
0.0960367400002724
0.11133944599896495
0.09946709699943312
0.09340358200097398
0.09197219199995743
0.13729868800146505
0.11238217100071779
0.1009817350004596
0.09451834500032419
0.09242344700032845
0.10157991599953675
0.14707476100011263
