0.15094022399898677
0.09465389899924048
0.116403383000943
0.09804174900091311
0.09338313400076004
0.09736218400030339
0.10140614500051015
0.10514284199962276
0.09449671100082924
0.10721631900014472
0.088920854999742
0.09552634100145951
0.09714829500080668
0.09812333400077478
0.10212870800023666
0.09043810100047267
0.11284495300060371
0.12554548600019189
0.0875434249992395
0.13134159300170722
0.09271979299956001
0.09587346599982993
0.09397344100034388
0.09329926000100386
0.10548516500057303
0.10113125099996978
0.09274662700045155
0.12752190299943322
0.1215225960004318
0.09171450800022285
