0.08104509500000745
0.0005054090000129463
0.05092325099998618
0.028115466000002698
0.0004439960000013343
0.019372191000002204
0.00042258700000274985
0.029116172999991363
0.02796621299999913
0.061050158000000465
0.04464889500000879
0.00048035700000070847
0.0004952849999995124
0.0005057949999951461
0.0004272210000095811
0.00044599799998934486
0.0005198719999981449
0.00047245199999679244
0.029433562999997775
0.0005276280000003908
0.07713652900000056
0.08361741499999198
0.07723023299999454
0.0004683439999979555
0.07545665699998949
0.0005337919999988117
0.016464966999990338
0.019097079000005124
0.0004205869999935885
0.0005465979999996762
0.00045200899999997546
0.01822033999999917
0.016279592000003618
0.0004036079999991671
0.0003912809999917499
0.00039530099999751656
0.07108799600000282
0.05772851799999046
0.017651342999997155
0.02660524600000258
0.011248324000007415
0.0004527189999805614
0.0004551659999947333
0.019298502999987477
0.00045322599999053637
