0.07748824899999818
0.00036793999998963045
0.00043710900001769915
0.03235435400000597
0.0003778380000198922
0.00045479599998543563
0.032630578999999216
0.0003552280000462815
0.00037121399998341076
0.013376784000001862
0.013490065999974377
0.0004715219999980036
0.0648124240000243
0.031022117999953025
0.0004326359999708984
0.0003555780000397135
0.0003991190000078859
0.013273744000002807
0.0004418839999971169
0.0003842019999638069
0.0004407559999890509
0.00038264299996626505
0.0003935240000032536
0.0004552450000119279
0.058238049000010506
0.00043768299997282156
0.0004309409999905256
0.06893321699999433
0.0003541439999708018
0.00040679800002862976
0.03425158099997816
0.07090980700002092
0.014590732999977263
0.11980273499995064
0.00043614499998057
0.0003502220000086709
0.0004311929999971653
0.014471326999967005
0.00037577900002361275
0.013930082000001676
0.07540954200004535
0.00036129399995843414
0.00042107400003033035
0.06063141500004576
0.0003477710000083789
