0.001471629000008079
0.006023184000014226
0.0004193689999851813
0.005455995000005487
0.00037149299998873175
0.004716547999976228
0.0034372160000089025
0.0003843159999803447
0.0003805380000017067
0.001390350999997736
0.00398443100002055
0.0003710780000005798
0.0004430440000078306
0.00040831199999047385
0.0029816540000240366
0.00046179200001006393
0.0038344479999921077
0.00116797699999438
0.004801881999981106
0.0005077990000188493
0.0007621499999856951
0.005598913000000039
0.0015319910000073378
0.0008179840000082095
0.00042848700002195983
0.00043349400002057337
0.00043001400001685397
0.0004142760000149792
0.00036477000000445514
0.00037546999999449326
0.002915495999985751
0.0011954630000161615
0.003673622000007981
0.00041890100001751307
0.0029217330000221864
0.00134221000001844
0.003288746999999148
0.0012814239999840993
0.0159865739999816
0.0011612389999982042
0.001839719000003015
0.0012392090000048483
0.002444623000002366
0.00097219400001336
0.004507781000000932
