0.2615364480000153
0.0004107450000105928
0.01337576199998125
0.0010951200000022254
0.0005487930000072083
0.0044763030000183335
0.0009187229999838564
0.009034149000001435
0.0003852970000082223
0.001754048000009334
0.00038892700001724734
0.007880151999984264
0.0020398759999977756
0.17345667699999012
0.09794874400000708
0.0017121809999878224
0.0004306250000070122
0.001522955000012871
0.0003826530000026196
0.002300044999998363
0.00044404100000861035
0.000763553000012962
0.007132931999990433
0.00353982100000394
0.0009673419999955968
0.0005272319999960473
0.0017908900000236372
0.0003975280000076964
0.00202902199998789
0.0004069240000035279
0.0004042529999992439
0.0032636550000120224
0.0011184640000010404
0.0043149319999997715
0.0019534440000086306
0.0003480430000024626
0.0004092740000203321
0.0003669669999908365
0.031861169999984895
0.00036941999999839936
0.00559277600001451
0.0011001320000048054
0.0003866350000123475
0.00037838599999417966
0.0005980789999853187
