36.1973914375002
28.658693325713166
32.826875929765585
34.6897571581644
0.6572191280335952
35.32828250594168
28.96705227181241
33.35646451313937
2.961545824598462
33.63023569568554
36.04231717613055
32.61362823125168
34.57370339933503
34.94708241686872
34.777943173937544
34.82429638534006
26.545073422206606
34.53681685140848
0.7175869425720447
2.7300963709984085
7.974976761197561
37.41951040426048
26.82071887221395
34.90118955764563
2.2800769480379888
31.464167712402073
29.40843612451991
32.96420496655649
25.32457110829235
34.93184357916247
27.30433895270324
34.029640400931285
34.08305586388438
0.7412981186795843
30.200470665647327
32.31150012009447
31.405998285713743
36.531857037133165
34.478692999063604
36.095946146411436
2.4899799564598832
33.042823476415364
35.75219120829841
35.60581335717036
35.73492133747566
