25.281428005020267
23.104900959049456
20.10589169824081
22.556929584264783
23.979432837884396
21.72583901196366
1.4181882786621982
0.7209980085803221
27.048492171893994
2.800079383263979
0.7148465888853724
33.19256272911412
28.677084923221653
32.26131122712077
0.70958826634635
29.76975817855132
27.253581915899193
29.732961529947165
26.955796914831136
31.2145575611139
28.23873176999403
25.84844226444679
31.508289362332015
25.262097659374508
31.004118250318676
29.82106268274547
31.812949495676406
29.920427758259617
31.277084900470022
32.11571060797831
24.25662654963533
2.6829083980383595
32.3822903461579
29.990041315719104
33.27778348409384
31.290998007111018
33.34267886799868
32.06333241949943
31.200450918641362
31.261062106465243
224.60554576001718
231.10010076855133
223.74532220057068
201.82301739146212
187.24212744963978
