0.02199673700670246
0.441291169001488
0.42055235100269783
0.4758805229939753
0.4301587829977507
0.43216297100298107
0.4419529420119943
0.4815371759905247
0.40793926500191446
0.4102641719946405
0.4319523309968645
0.4322410199965816
0.4361371889972361
0.41397809199406765
0.4239034459897084
0.5278063910081983
0.40942773400456645
0.4241416189906886
0.4221326510014478
0.42312349000712857
0.4906910089921439
0.4468878179905005
0.46000958199147135
0.460188390003168
0.46877441700780764
0.4180780229944503
0.4350990639941301
0.4570498170069186
0.4183670150086982
0.4315624129958451
