0.4213334360101726
0.42241950299649034
0.482049526006449
0.4152433939889306
0.4178559810097795
0.458359164011199
0.44364338100422174
0.41999260599550325
0.4375918330042623
0.4257065599958878
0.4739600160100963
0.4514172469935147
0.4187379980139667
0.42530814999190625
0.4087321129918564
0.48827798799902666
0.43718741300108377
0.4523229309997987
0.46455522799806204
0.42279268300626427
0.42669624800328165
0.38811584100767504
0.40949233299761545
0.45040802599396557
0.42197637099889107
0.454083578006248
0.4093266910058446
0.44356790000165347
0.4259276920056436
0.4404494749906007
