0.41876719999709167
0.4252634850126924
0.44611961299960967
0.42860775599547196
0.4139181880018441
0.45225926701095887
0.5066573390067788
0.41297273901000153
0.41365732900158037
0.4194754429918248
0.47243239999806974
0.42622954200487584
0.414489392991527
0.40760958300961647
0.42097407999972347
0.4395033280015923
0.42405914700066205
0.5682955609954661
0.41542210000625346
0.42813039099564776
0.43875582500186283
0.4192470970010618
0.4425118960061809
0.44750574699719436
0.4276418239896884
0.40864275000058115
0.4233303790097125
0.4134920860087732
0.41315547899284866
0.4195101840014104
