0.4351025399955688
1.3793342459975975
0.44477232900680974
0.45418648900522385
16.420053259003907
0.9587937250034884
0.4283194169984199
0.4174681560107274
0.4275116709904978
0.4188374740042491
0.4770143320056377
0.4516155309975147
0.41835042800812516
0.4296058999898378
20.421264688993688
1.0914062100055162
0.4218906799942488
0.4181588079954963
0.4339550809963839
0.4620410159986932
0.44053434500528965
0.4170808539929567
0.42542230000253767
0.4552871219930239
0.43798588699428365
0.4354026039945893
0.43343864899361506
0.429856839007698
0.422913681002683
0.44266326900105923
