65.11086140870948
65.12105313133424
18.446183781486994
30.291162862754458
25.265232621041367
102.20069191721267
9.498461698823023
16.135971375375227
45.97228108688153
63.16237147078867
7.114094217203825
28.99959845891314
15.534263841788082
53.16381383035995
29.883221472447943
12.594117435792477
57.79325059037752
53.57068866872908
31.806006369689968
74.46229060203446
35.916904127607026
31.65595830571411
10.72402300968272
23.58621711099327
68.67831867353412
86.63662246992594
53.51401783571715
78.53428322076779
36.99188149701674
32.16953976699747
