9.289561681637917
482.22871678107913
457.46454612309867
1413.5146012876178
335.8527435755405
5.044252699442766
97.68247720418917
12.841087889208666
596.6584776872317
29.525493347179978
344.3775838987722
168.11347206620667
307.7165691739457
57.36727716165763
1269.562565098945
97.21555097144511
710.1382183908106
10.137536707391465
1718.8954776248565
1.1099249615940736
67.1018779675889
7.220529649305997
468.46989406343664
2656.7520116718897
414.82860443749274
260.64992059537093
313.1865844871617
361.47615765644235
54.60276917733283
578.0151011816359
