0.0014502069999977607
0.00036171200000012504
0.0007533330000022431
0.0004630800000029467
0.00041838300000307527
0.00048145999999960054
0.0034459620000006908
0.0011917849999996122
0.0004873939999967547
0.0004912809999986223
0.001474105999999864
0.00035097099999958914
0.0008362050000023658
0.0004967840000027479
0.00036859500000119283
0.00045119700000029184
0.0034977649999987648
0.0012852950000024066
0.0005039330000009556
0.0004782809999994697
0.0015058299999992641
0.0003295909999998514
0.0006809799999984989
0.0004565159999998514
0.0004514789999987556
0.00048494600000026367
0.0033939870000025962
0.001157527000000158
0.0005294010000014282
0.0003837850000003584
