0.0004931460000001664
0.0006730610000005299
0.018615106000002157
0.0007956550000010054
0.0006368409999986113
0.0009891979999991918
0.0010044869999994432
0.0006316260000005514
0.0010058889999982057
0.000727270000002278
0.000518665000001306
0.0006907749999989221
0.018366779999997362
0.0008352249999994399
0.0005955169999971588
0.0009665609999984781
0.0009077459999993209
0.0006608119999995665
0.0009453490000019826
0.0007098100000000329
0.0005173630000001594
0.0006537319999999625
0.019673199999999724
0.0007470640000022399
0.0004945640000002527
0.0010243820000006565
0.0010499180000032027
0.0007606889999998145
0.0010086290000010933
0.0008349729999999056
