0.0004375609999982544
0.0013825909999987118
0.0007650810000008335
0.00048760199999975384
0.0009691199999970479
0.0008931350000018767
0.0006235379999992574
0.04272105800000148
0.0006985519999993528
0.0034581220000013957
0.0005018230000004564
0.0015687989999975116
0.0008110770000016032
0.0004779709999986892
0.0009497689999982128
0.0009075789999997141
0.0006060400000009736
0.04254544200000154
0.0007248330000031444
0.00333143800000002
0.0004569459999999026
0.001622785999998655
0.0008792489999969177
0.0005093509999980483
0.001010437999998004
0.0009092730000013205
0.0005169669999993687
0.04335034300000018
0.0007448160000009807
0.003670573000000843
