0.0021283699999998795
0.002565442999999945
0.0025563840000000226
0.0025279620000002723
0.0027311750000000856
0.0026048479999998264
0.002458226000000341
0.0026097570000001014
0.0025101660000004244
0.00265899600000008
0.0021576979999999857
0.002472220000000025
0.0023994949999999182
0.002552056999999941
0.0028720829999997477
0.0024874180000002966
0.002357116999999853
0.0025180580000001562
0.0026262919999999745
0.002521498000000122
0.0021120589999998884
0.0025877220000001255
0.00251413399999989
0.002649259000000015
0.00273210100000032
0.0025543610000000605
0.002703680999999847
0.0025187159999999764
0.0025805120000002013
0.0026317410000000763
