0.0026778760000003565
0.002416393999999933
0.0023842260000002113
0.0023843449999998434
0.002494467
0.0023962499999998776
0.0024241820000003855
0.0025125230000000442
0.0026383640000000597
0.0024072660000000745
0.0025711569999997685
0.00238274599999988
0.0022568629999999423
0.002404926000000085
0.0024103860000002086
0.002380110999999907
0.0023673810000000017
0.0022805579999998216
0.002335814999999908
0.002485121000000312
0.002558265000000226
0.002281132000000241
0.0023115879999999756
0.0025466550000001753
0.002243405000000198
0.002417270000000027
0.0023197539999997296
0.002356451999999898
0.0024949230000004263
0.002486904999999595
