0.0023604680000000045
0.002392517000000094
0.0024219119999999705
0.0024791500000000966
0.0022875199999998763
0.0022320410000000734
0.002363641000000083
0.0024624289999999327
0.0022523630000002015
0.0023632359999998798
0.0024731270000000194
0.0021507700000000796
0.002225762000000131
0.0024519220000001063
0.002421894999999896
0.0021615639999996716
0.002421038000000042
0.0024806489999997794
0.0023958230000000746
0.0023958989999997016
0.0023502019999996904
0.002135855000000131
0.0022281570000002304
0.0025214740000003566
0.002182948999999823
0.002368349999999797
0.0023428420000000116
0.002286341000000025
0.0022062200000001475
0.002280853999999888
