0.023376342000000605
0.022826463999999547
0.023066628000000478
0.02320016200000019
0.022687195999999688
0.022428834000000286
0.02191863699999974
0.02235082000000066
0.02205112900000028
0.021116782
0.022574295000000077
0.02179996199999934
0.021009631000000084
0.021127121999999332
0.02140414700000015
0.022173440000000433
0.022505182999999818
0.023141455999999394
0.022617839999999667
0.02204602599999994
0.023185081000000274
0.02121413000000061
0.022140860000000373
0.02210608199999964
0.021019329000000475
0.02283975000000016
0.023221101999999938
0.023431887000000096
0.022862256999999886
0.022320531000000088
