0.022272330999999923
0.03261443400000008
0.0326856280000003
0.032816782000000266
0.03341475299999974
0.03210776799999948
0.03283584499999925
0.03222924900000024
0.032542666999999526
0.03388380300000016
0.021065538000000217
0.031144976000000213
0.032070791000000654
0.03194239300000046
0.030992900000000212
0.030560568000000288
0.03126803000000056
0.0311446989999995
0.03147988799999979
0.031491722000000166
0.022331938999999856
0.03187416499999962
0.03177873799999986
0.0319500899999996
0.031456099999999765
0.0313662309999998
0.03204623400000006
0.031068267000000205
0.03193942499999913
0.03280595900000005
