0.024785915000165915
0.023434127999962584
0.023314879000054134
0.024159050999969622
0.035899154999924576
0.03420163100008722
0.028522926000050575
0.021910555999966164
0.025251024999988658
0.0398455310000827
0.03370480199987469
0.0386281250000593
0.0505815359999815
0.02502105600001414
0.02515036499994494
0.02516902200000004
0.024577613000019483
0.043589263000058054
0.0248028199998771
0.03944581699988703
0.024886010000045644
0.044515694999972766
0.0613098449998688
0.025648094999951354
0.03791671400017549
0.022326893000126802
0.030064807999906407
0.044569317999958
0.03727610000009918
0.45097636500008775
