0.037055599000041184
0.025348459000042567
0.03210607500000151
0.02768415500008814
0.027523914000084915
0.024017271000047913
0.056290483000111635
0.03465814199989836
0.022875002000091627
0.04512764899982358
0.03333882900005847
0.031664737000028254
0.029019565999988117
0.027627407999943898
0.03139514099984808
0.05258696900000359
0.024856349999936356
0.029001084999890736
0.02411952400007067
0.03579866700010825
0.05271751700001914
0.027764868000076603
0.030109293999885267
0.04294916399999238
0.025441672999932052
0.028041558999802874
0.028487467000104516
0.03136176699990756
0.025555626999903325
0.03140569399988635
