0.030243239999890648
0.0232893160000458
0.02389092199996412
0.022961570999996184
0.04915543400011302
0.02315925499988225
0.02556320799999412
0.02179518000002645
0.022244429000011223
0.024869581000075414
0.024423593000165056
0.0236019099997975
0.036362336999900435
0.02357815000004848
0.03369570399991062
0.022579790999998295
0.02460235300009117
0.028586831999973583
0.02925992999985283
0.023038411000015913
0.037081562000139456
0.02507969399994181
0.02409790499996234
0.025599506999924415
0.023784723000062513
0.02763244199991277
0.02998271299998123
0.021123489999808953
0.022357990000045902
0.02932693200000358
