0.0004322759996284731
0.0004156429999966349
0.058150548999947205
0.05761131100007333
0.0004333820002102584
0.000381960999675357
0.08030953800016505
0.014174211999943509
0.041539840000041295
0.02598132599996461
0.0004461769999579701
0.04757007399985014
0.00041347399974256405
0.05041599900005167
0.000405629999931989
0.057856304999859276
0.057905242000288126
0.032357725000110804
0.03978088199983176
0.025993446000029508
0.08655376800015802
0.0003744820000974869
0.011375333999694703
0.00042869199978667893
0.03411644300012995
0.0908950839998397
0.0624019550000412
0.0004402840004331665
0.0003644050002549193
0.0003921090001313132
0.026802420999956666
0.05925559100023747
0.0004113840000172786
0.00032776599982753396
0.0003676110000014887
0.03299076499979492
0.00039110699981392827
0.015466850999928283
0.09532776500009277
0.0004015330000584072
0.04145255699995687
0.01605817700010448
0.04073867499982953
0.032559065999976156
0.00045881200003350386
