13.412959381044487
0.10266622509150498
11.772952171522816
10.907779495105615
26.14898295766905
10.622359608449253
7.268235294117647
29.43482740855229
4.5204819277108435
11.313047962867458
8.536585365853659
8.056730273336772
14.484623541887593
12.649819494584838
6.398727465535525
11.463257199602781
17.204812834224597
13.743366880146386
0.36976380544811127
4.705830388692579
4.498389175257732
7.749199573105656
8.860537190082646
7.453575240128068
9.585743801652892
9.953575240128067
9.638429752066116
9.600072780203785
11.936983471074381
9.164887940234792
