6.68801652892562
5.705128205128205
30.10585052417991
66.30248833592535
1.4542472069515873
6.52267657992565
2.01069391634981
17.279937791601867
14.82523616734143
17.031782945736435
16.055725190839695
16.466666666666665
17.086259541984735
16.988372093023255
31.174809160305344
17.56124031007752
13.153297682709447
16.793023255813953
14.619847328244274
7.718701095461659
6.333790580704161
56.429237947122864
27.805022156573116
12.843866171003718
0.2735854295074685
6.727838258164852
6.709509658246657
5.092873831775701
6.593610698365527
6.475894245723173
