62.29279891304348
0.9092038370407858
42.168762409000664
1.343524760759849
48.702510586811854
227.01739130434783
244.98528428093647
220.9891956782713
243.73578595317727
110.8362477529008
31.10564281559046
49.52433187076187
0.6691359709401876
0.8134909596662031
11.914191419141915
9.897158322056834
116.71089108910891
90.55006765899864
29.5377969762419
0.755888529428458
173.77969475779696
6.21786197564276
0.5875446176967876
40.18820531488897
44.791723202170964
8.998535013184881
282.9810298102981
29.67153923038481
63.17972350230415
68.3956732137774
