236.1933803701378
6726.70489216202
76.22477275919498
6094.354010695187
5796.660904931367
1689.1723122238586
80.76666021546997
82.09918774966711
2402.0519323671497
7063.501775748351
1907.5823035096391
95.83691820677315
236.0567188940092
99.1101834766041
6891.99008868023
77.09154022380213
209.91168001771936
188.63133915666435
0.2233559473665511
238.67540460873917
82.17765014034505
245.6829699110732
6068.047331319234
6273.440146366963
95.32075369370347
132.30851014168007
0.8839978369918985
0.9501768109073586
0.8945440790768884
6150.890453834116
0.9456404328455573
6013.470278800632
7566.368615060558
7558.408206207259
7566.368615060558
0.9015909927439424
6295.57850808555
0.9457887492517387
5726.490871152843
5803.123501823867
5809.1778821074595
5803.123501823867
90.83213069285807
6237.947671376242
214.0388662012915
