322.58268382255807
8261.932227829848
8624.491307634165
308.6737570073872
2127.0046857327516
263.3418866144209
7296.148951554592
7590.724111866969
7261.408532176428
0.9256590131037776
9011.822568671121
0.37845003434685626
8360.790645879733
334.76620140916765
0.8451572275615663
8317.595397178917
0.3799134286919408
0.8891501280348153
8982.374907201187
8897.461944235118
8765.35412026726
0.9552479201287469
91.34479047440081
7936.016628873772
305.3424562818703
7845.108808290155
109.90271129707114
348.05963862421567
131.83558615691248
0.9540052357242914
89.30867268416455
1982.016274509804
81.36972574703233
305.2237992831541
7674.602739726028
6837.313527180784
134.61701333749858
11689.752834467121
86.91261839808868
343.66883058872577
7940.787418655098
385.2172408109445
88.33290418867058
293.73789333727285
7188.396963123644
