7585.375478927203
382.43192057035384
887.4937039676882
143.39473647312852
0.7095686110647215
0.9577790173738732
8460.536129032258
0.9526338931324164
5675.036774193549
6760.995397764628
6634.499354838709
6760.995397764628
126.56792519889548
958.4099428685978
5730.935856318152
5861.650395778364
5699.975625400898
2155.307027027027
1055.815499688344
6556.90129032258
1172.2509220701963
6356.6251612903225
1490.1236903831118
6143.9980657640235
13.248544706361287
134.04150858870798
6340.786754966887
6127.073311897106
6309.66821192053
84.8954749883523
5932.5860465116275
91.57576174937492
2857.6760414463947
8614.95009596929
0.3021442421401637
0.952147116580985
140.66642953787783
6583.219512195122
5622.485806451613
795.3163841807909
6754.8464491362765
6785.0368421052635
6598.37236084453
6785.0368421052635
1860.9144847972973
