7.845606296440542
1.7439013409904545
296.9129690947946
3.627911624339133
228.4481500123926
1.5547103435935483
221.87821945300217
225.1748274488531
268.9729115758771
2.0324942490139564
1.7114860992070717
300.0439688874529
2.624360119028469
267.5042004808204
261.1653127005129
0.008204602507666544
259.8726380968618
8.289675599289785
235.92956955253237
221.50468266861512
1.6892073006318464
274.49725324054646
2.626177175398086
4.160661551936454
259.48865402560375
337.25094539138
311.40326088965185
7.707041841236228
3.328993064231911
7.589111726815675
243.75520727648603
264.56927790498463
2.5197011702600776
240.29472147605833
1.1823768457218957
264.6322682123734
279.5915976808565
3.079458090822853
8.216412186856182
0.8730551643430376
132.36735052616365
306.4071246561618
7.47346806692229
240.14324978131575
258.8346031396411
