0.8501130281056887
183.38173072212274
153.88135681783854
2.170203398280865
187.14117954333037
153.02874036321657
4.734304469437674
434.7195828591918
412.79092654593586
12.843419987942942
8.989371215841697
264.5191592344095
2.233145623437354
2.905949522857888
432.2844007723697
523.6209326200864
473.61776311396704
11.787211053639133
350.7018516194535
407.8890245620706
346.5732582285859
406.88396237152404
405.96270112795935
350.4238355080025
1.1947901276701285
164.93345641598992
164.15077702416121
1.0058198647542989
198.89940251930327
169.16342999517087
2.096998646575199
0.9840526430995394
4.930107418189261
0.6113897984051417
166.68368777171588
207.29863628831737
201.60507475906465
11.736375040132083
459.53381106755353
14.182929791797115
2.441366319395497
511.76987168698344
418.1867818656732
3.0521464656543245
526.2065928314312
