0.03929665700000129
0.04074187900000226
0.04199223799999885
0.04084142600000007
0.04359029500000133
0.04654468900000097
0.04251619899999781
0.04195768900000019
0.044313487000003704
0.0432407349999977
0.042582892000005756
0.04200054999999736
0.04207557800000217
0.041600217999999245
0.04193957100000034
0.04213167800000406
0.04168589300000036
0.04296253999999777
0.04117803900000183
0.043880624999999895
0.042323574000000974
0.04165928500000149
0.041616992000001574
0.04144105499999995
0.04232234700000248
0.04226489799999911
0.04321132799999816
0.04249637400000239
0.042154074999999125
0.039828661000001375
0.040100074000001484
0.03952038199999919
0.04043409800000575
0.03988315000000142
0.039142616999995994
0.03963655700000146
0.0389191520000054
0.038575122999993994
0.03903116299999709
0.043832212999994624
0.04419909899999652
0.044543261000001166
0.04335684200000145
0.04387294200000014
0.042505080999994505
