0.03709589700000038
0.03921479000000261
0.03941745499999172
0.03870249300000239
0.09646241999999461
0.09933423800001151
0.03324332200000413
0.03357818400000667
0.03254338499999676
0.03824996299999839
0.039314669000006575
0.04154086700000903
0.040845906000001264
0.040897035000000415
0.04147563200000093
0.040573391999998876
0.041103768000013474
0.03968425299999012
0.03199876300000426
0.031193444999999542
0.03155354599999782
0.040652450000010276
0.03873864800000604
0.032772207000007825
0.03323033600000258
0.033404153999995856
0.03293665099999998
0.03739294499999346
0.037846162999997546
0.04132262699999956
0.04019411100000525
0.040798944999991704
0.04007325700000308
0.038768455999999674
0.03874948100001063
0.0390310559999989
0.03929748100000552
0.029869594999993865
0.04082170700000631
0.040675895999996214
0.038248101999997175
0.03786815600000182
0.03109961399999861
0.0316557969999991
0.03116635599999995
