0.035845393000002446
0.035956822999992255
0.03527895499999545
0.04662266399999737
0.0447412259999993
0.04566266599999835
0.054264768999999546
0.05539691900000321
0.05381179199999053
0.05233174800000029
0.048808186999991676
0.04707718900000657
0.04592818099999363
0.047595643999997606
0.05098442700000305
0.04559919000000434
0.04611298899999383
0.04578751000001091
0.04242936900000416
0.04699306800000613
0.04619693300000449
0.046213871999995604
0.04678322600000229
0.04543874399999481
0.03381225399999721
0.034141464000001065
0.04994625799999142
0.04969091899999967
0.04976694699999484
0.044070935000007694
0.03541772199999116
0.035463350999989984
0.034759557000000996
0.04143069799999921
0.0441989729999932
0.04511428499999681
0.041514973000005284
0.04425634100000764
0.042453055000009954
0.04953951800000311
0.04215581400001156
0.0330112449999973
0.054124108999999976
0.05476285999999675
0.04405899500000032
