74566
5413
5945
5608
5485
6263
5612
6798
7112
5147
4966
5147
5817
5413
5548
5962
4963
4970
5612
5725
5816
5609
5612
6250
5028
5147
4966
5997
5997
4777
4970
5957
7104
6028
5608
4970
5413
6840
5147
5679
6431
5496
6263
4963
5322
5304
6258
5147
5620
6247
4963
5433
6250
6186
4966
4963
5609
5544
4966
4966
5412
5413
5147
5612
5612
5111
5544
4970
4966
6355
5960
4970
5624
5263
4966
5679
5612
5769
5620
4966
5313
4966
5816
5413
6603
4734
6829
5616
5028
5147
4738
6250
5147
4970
5413
5147
5028
5616
5725
4966
5612
4966
4966
4966
4970
4734
5315
5147
4966
6190
5620
6254
5263
4970
6458
5541
5612
4970
4970
5612
5608
4970
4966
5735
5413
7104
5965
5413
5413
6828
4966
4963
6548
5322
5147
5308
6817
5496
4966
6186
5083
5679
5997
6186
4966
5548
4970
7112
6462
5413
6254
4970
4966
5413
5147
5820
6190
6263
4966
5816
5608
5544
6258
5945
5413
4970
5608
5147
4966
5612
5544
5605
5147
4966
4963
4970
5612
4966
5612
5608
4966
4963
5616
5259
5610
5147
5965
4963
6250
5608
4966
4966
6250
6258
5617
5653
6258
5147
4966
4970
4966
5679
5972
5544
4970
6120
4970
5267
5620
6258
5608
5624
4966
8026
5958
5146
4970
6184
5609
5608
5147
4970
4970
5679
6190
5485
6904
5693
4966
5413
4966
5147
5496
5612
5147
6251
5816
5319
6250
5413
6258
5612
5679
4967
7249
5294
4966
5965
5820
4966
5608
5961
4970
5147
8090
5419
5322
5315
5413
5312
5608
4963
6254
5620
4966
5612
5548
5620
5315
4966
4970
5608
5612
5620
4970
5147
6254
4966
5413
4970
6601
5319
5620
5028
5310
5147
4966
6186
5544
4966
5927
4970
5816
5413
4966
4970
5964
5725
6605
5317
5662
7112
5957
5957
5991
5788
6593
6262
5544
4970
4966
5304
6254
5603
5620
5147
4970
5147
5609
6250
5259
5725
6025
4970
5951
4966
4970
5612
5258
4734
5608
6028
5816
4970
6905
6529
4966
4970
4963
5612
5997
4966
5147
5544
4970
5725
6254
4966
4966
5997
5315
5147
6053
5820
6896
4966
7648
4970
5147
4970
4966
4966
5961
4970
5606
5319
5315
7447
5268
5895
5608
5615
5620
4970
6254
5616
5997
5609
4963
4963
4963
7240
4966
4970
5620
6805
6840
5147
4966
5608
4966
4966
4967
5605
5545
5612
5413
6250
5147
4965
5605
4966
5620
6254
4970
6187
5627
5608
6251
4970
5294
4970
5612
5147
5816
4970
5820
5945
5560
5752
6028
5616
6462
6262
5612
5968
5413
4967
4963
5608
4966
4966
6623
5252
6262
4970
5608
6609
6317
4970
4966
5679
5784
5316
5147
5413
5147
5620
4970
4963
5147
5620
5428
5991
4970
6198
5413
5725
5294
5612
6160
6266
6263
6263
5147
5612
5259
4966
5147
4966
5608
4903
4965
5147
5605
6262
4970
5616
4970
5541
5624
4963
6603
5412
6247
5816
5612
4966
6250
4966
5147
5606
5620
5608
4734
5820
7240
5820
5816
6313
4966
5608
7452
5606
5319
7257
5147
4966
4963
6258
4966
5612
5608
5544
5413
4970
4970
4734
5605
4966
4970
5612
4966
4970
4966
5608
4966
4970
5612
5544
5816
6140
5608
5612
5546
5609
6458
4966
6194
4970
5413
4966
4967
6266
5612
6132
6186
5679
5028
5608
5612
4970
5612
5608
4966
5608
5819
5609
4970
5028
4970
5147
5496
5608
4966
6249
5535
5609
5147
5854
5413
4970
5616
4734
5957
5413
8090
5485
4966
5605
4970
5608
4967
4967
5612
5147
5612
5025
4970
6258
6119
5813
5294
5612
5608
5699
5413
4966
5620
6254
5147
5955
4966
6263
5315
5412
5612
4970
5413
5147
6462
5413
5608
5951
4967
5147
5884
5991
5147
6529
4966
4970
4966
4970
7780
6266
4966
4960
5991
6828
4967
4734
4970
5801
5319
5964
4970
5605
5605
6183
4966
5620
6582
6455
6904
6458
6262
5316
5679
5612
6186
4734
6262
5147
4963
5608
5609
6259
5608
5762
4966
5620
4970
4970
5609
6258
4970
6467
5147
5608
5926
5545
6186
5997
5679
5317
5608
5612
6250
5620
4966
6952
4966
4966
5413
5413
6459
6113
6462
5949
4970
4970
4966
5816
5413
5326
7482
5608
6808
5612
6186
5259
5679
4966
5612
5620
5605
6904
5612
5725
4966
4970
4970
4970
5608
5608
5620
5820
4970
4966
5608
6251
5612
6258
6186
5957
4970
5413
5147
5791
4966
4966
5608
4966
4970
5413
6266
5413
5294
4777
6459
5620
5620
5968
5259
5147
5259
5664
5608
6836
4966
5259
4966
6840
4966
5147
4966
5317
5609
4966
5544
5965
5543
5608
5413
5147
5612
4966
5384
4966
5544
4966
4966
5612
6900
5620
4738
5315
5259
4966
5608
6198
5609
6254
4966
5304
6806
5612
6144
5413
6262
6128
4966
4738
5820
5545
5548
4967
5620
4966
6566
4970
6247
4970
5147
4970
5620
4967
5612
4966
5878
4970
5147
7916
7240
5413
6269
5608
4970
5813
6904
6156
5620
5413
5620
4970
4970
6160
5997
4966
6903
5605
5413
6458
7244
6254
4966
5620
6599
6257
7436
5147
5608
5147
4966
6186
5609
4970
5624
4966
6254
4966
6254
4966
4963
4970
5616
5624
4966
5544
4970
4970
5976
5317
4966
5620
5115
4970
4970
5322
5413
4966
4966
6832
5608
5820
5541
4966
5762
5608
5816
6908
5147
6198
5616
4970
4970
4966
5306
4966
6262
5816
5612
7255
4966
7104
6069
5725
4970
5725
5620
5679
6844
4966
4970
6262
5548
6898
4963
4966
5612
5413
6458
4966
5608
5147
6767
6554
5608
4966
5146
5608
4966
5541
5147
4902
6028
5147
5319
5620
5612
5991
6158
5608
4966
5612
7591
4963
5616
6254
6250
5147
5605
6262
5616
4966
5616
4970
5612
5608
5496
5948
6651
5612
5788
5147
5606
6183
5608
4963
4970
4970
5679
4970
6254
5616
5612
5544
5544
5693
6262
5544
5608
5544
5725
5608
4966
4966
4970
5413
5612
4970
4970
4966
5146
4970
4970
5816
5544
5548
4970
5608
4966
6783
5612
5997
5608
5620
6156
4738
5617
4970
5147
5964
5620
4966
6536
4970
5147
4963
6806
5147
4966
5312
6255
5612
4970
4966
5608
5612
6247
6896
5413
5294
6186
5762
6638
4970
5322
4966
5413
4966
5612
5147
5413
4970
5612
4963
5612
4966
5612
5294
5413
4967
5997
4966
4966
5413
4960
5816
5612
5147
4966
4966
6462
4970
4966
6466
5413
4963
6198
4967
5616
4966
4966
5269
5617
5605
5957
4966
5997
5560
5544
5413
5762
6798
5147
5964
4966
5725
5413
5762
4970
5612
6254
6611
5147
4970
6458
4970
6257
5971
4734
4970
5147
5312
4966
5612
4966
4966
5620
5413
5608
5612
6563
5544
4970
4966
4970
5413
5788
7109
5612
5826
5820
5725
5259
5608
5413
5608
4966
5612
5147
5413
5315
5147
4970
6250
5496
5612
5612
5816
5544
5608
5788
4963
6258
6183
5725
4966
8362
5544
6840
4967
5147
4970
4734
5588
6254
5608
4966
6258
6462
6262
4966
5617
5413
5620
5413
5609
5950
4966
4966
6526
5679
4966
5612
6262
5147
4966
5997
6262
5545
5959
5612
5620
5810
5991
6458
5679
6190
5544
6250
5608
5679
6504
4738
4966
5612
6194
5991
4970
6262
5957
5617
5616
5620
5952
6590
4966
6190
5413
4966
7236
4966
5624
5319
4966
6263
5147
5608
5624
5147
5294
5965
4734
5820
6263
5784
5146
4966
5413
4966
4970
5679
4963
4970
5147
7100
6458
5906
5621
5620
5991
4970
4966
5147
5028
5147
5608
5612
4966
5620
4970
6900
5147
5605
6262
5617
5147
4966
5608
5147
6458
5147
5025
5620
5612
4970
4963
6262
5616
6144
6262
5816
4907
4966
4966
6262
4963
4966
4966
5604
5544
5612
5413
5612
5147
6186
6190
5605
7656
6194
4966
4970
5147
7144
5608
5147
5616
4966
6262
5616
6462
7240
5413
4963
5609
6647
5878
4966
5813
4966
5991
4970
4966
6603
5612
6262
5272
5616
4970
4966
5147
5820
5643
5608
6190
5620
5605
5147
6135
5617
5413
6614
5258
5945
5544
5147
4966
5608
6840
5413
5612
5259
6257
5612
5617
5961
5963
5608
5608
6251
5608
5413
5496
5612
5605
5612
5147
5313
5612
5147
5147
5147
5612
5548
4966
5816
5950
5272
6607
4966
5605
5413
6462
5147
5028
4970
5816
5413
5612
6183
4970
5616
5147
5620
5820
4966
4970
5413
5413
6144
5319
5612
5147
5413
5612
4734
5608
5997
5612
5147
4966
5548
5612
5413
5322
5308
4966
5413
4963
5374
5608
4970
5413
5620
6262
5816
5608
6259
5544
4966
5251
5612
7249
5480
4970
5608
5820
6798
5679
5147
5147
5769
7253
5544
4966
4965
6605
5608
5820
5612
7494
6262
4966
5544
5612
4966
4966
5991
4966
4966
5679
6258
4963
6266
6462
4966
4966
5608
5413
4966
5679
5608
5147
4965
5147
6255
6250
5612
5616
5545
4970
7474
4970
6186
4970
5413
5725
4964
7751
4966
5624
6900
5816
4966
5544
6483
5319
5608
4966
5620
6466
5544
5608
6951
5612
5612
5147
4970
4967
6466
5837
4966
5423
4966
5612
6900
4966
6250
4970
6262
4970
5413
4966
5090
5608
6832
6262
5313
4970
4963
5548
4970
5612
4970
5948
5964
5612
4967
5028
4966
5620
4970
4734
4966
5147
5608
4970
5269
5608
5308
5147
4970
4966
4970
5608
5147
5496
6404
5620
4966
5816
5891
4966
4966
6262
5413
4966
4970
5315
4970
4966
4966
4970
5608
4970
5612
5485
4738
5620
6470
5613
5612
6028
4658
5315
5620
5617
6186
5958
5319
5620
5322
5945
5969
4970
6900
4966
6254
6262
4734
6144
5319
5909
5612
4963
4970
5609
5816
6410
4902
5608
4970
5616
5612
6119
4658
6321
5147
5608
5820
6254
4911
5259
5608
6247
5612
5612
4966
6466
6896
5544
5361
5608
5608
6832
5412
5147
5608
5608
5605
6254
5612
4966
5147
5769
4970
5620
6116
5957
6262
5413
6812
5326
7116
5147
5147
4963
4970
5605
6250
5620
4966
5608
6759
4966
5147
6896
6832
4966
4966
4970
6181
5617
5147
5620
4966
5315
5480
4966
5126
4734
6254
6603
5294
5620
5028
5310
4966
5313
5411
4970
5820
5608
6258
5413
5147
5872
5608
4970
5558
5612
5816
5612
5608
6458
4966
5315
5608
4970
5431
6455
5147
5816
5972
5976
4970
5147
4970
5608
4966
5294
5679
5147
6250
4970
5544
4731
4970
5548
4966
4966
5620
4970
5271
5612
5617
5612
6605
5413
5413
5616
6844
6371
5612
5413
5147
5608
5548
5963
4966
4734
5316
5616
6160
5612
4966
5147
5496
4970
6462
4970
6116
4970
5608
4966
5544
5319
5147
5997
5538
4963
5612
5412
5964
5679
4966
4970
5413
5535
5612
5616
5725
4970
5608
5620
4966
5612
5679
5612
5028
6666
4970
4970
6795
5028
5613
6154
4966
5820
6881
4966
4970
6262
5620
5605
5816
5147
5888
5028
4970
6156
6904
5548
4966
6190
4963
4966
5612
4966
4970
5612
5147
6896
5612
5413
5147
5893
5886
6250
6250
5147
5413
5147
4966
5420
6262
5147
4970
5608
6257
4966
5322
5609
5259
4963
4966
5545
5959
4963
6836
4966
7104
5612
5620
5826
4966
6254
5605
4966
4966
5973
5991
7482
5820
5725
7445
5147
6262
4970
6262
4970
5617
6257
5816
5413
5612
5608
4966
5602
4966
5608
4970
4966
5612
6599
6254
6250
7253
5620
5957
6266
6250
5608
6254
8439
4970
4966
5587
7181
4966
6837
7253
4966
5319
5902
5961
7754
5147
5609
5147
4966
5503
4970
4967
5090
4966
6266
6266
5147
4966
5816
5612
5147
7112
4966
6258
5028
4966
6262
5413
4966
5147
4966
4970
4966
4970
4970
4966
6262
4966
6263
5608
5620
4966
5323
4966
5326
5608
5544
6190
6190
5147
5612
5147
5503
5606
5315
5412
6263
6259
4966
5413
6257
5147
6250
7112
5965
4966
4963
6254
4734
4966
5606
4970
6259
6600
5147
4738
6262
5620
5259
5322
4966
4966
4966
5816
4966
5884
5413
5263
5413
4966
4966
5608
5147
4970
5945
6258
6194
5608
4965
5679
5891
4966
4966
4734
6336
5083
5613
6254
6371
5544
4966
5496
5413
5620
5957
4963
5620
5957
5620
5315
5612
6901
6828
5679
5315
5679
5620
5679
6191
6837
4970
6258
4966
4966
5147
5535
5548
4967
4966
5259
5413
5609
4970
5816
6897
5319
7108
5147
6254
6137
5605
4966
5958
5698
5147
4970
4967
5608
4970
5679
5413
6250
5419
5609
6254
5147
4967
5413
6251
5609
7187
6194
4970
5028
5612
5612
4658
6255
5147
4966
5609
6529
5294
4966
5616
5591
5616
4970
4966
4966
4970
4970
5612
5608
5147
5664
4963
4734
6254
5544
5608
6261
5903
5608
4963
5608
4970
5544
5820
5028
5997
7482
5907
5544
5608
5725
5548
4966
4963
6190
4966
5294
5548
5550
4966
5605
4966
4966
5544
4966
5969
6257
4970
5548
6119
5544
6198
5319
5028
5605
5147
4967
5147
5616
6900
5608
4970
4966
5147
6455
6254
6262
5991
5608
5544
4966
5955
5624
5147
7750
7260
4966
4966
5612
4734
5608
4966
5028
6254
5413
4967
5964
4966
5304
5608
5612
5621
5147
5616
6458
7448
5413
5322
4963
5816
6263
4966
5147
4966
5609
5028
5612
5326
6186
5546
5997
4966
6259
5612
6407
6250
5948
5548
7245
4963
5616
5620
6263
4966
5679
5541
5548
5413
5816
5147
4970
5413
5315
5608
5608
4970
5608
4966
5969
6466
6458
5762
6503
5612
6186
5413
4734
5608
5612
5608
4970
5816
5315
4966
4970
5147
4970
5820
4966
4970
4970
5788
5147
6262
5147
7245
5319
5620
5147
5605
6610
5319
5413
5147
5544
5503
6258
4963
5323
5606
4966
4970
4970
5609
5669
4662
5147
6459
4963
5413
5267
5538
4966
4963
4966
4967
5548
5725
5620
5620
5952
5147
5315
5319
4970
4967
5322
5612
5147
5612
6187
5147
5294
4970
5997
4966
4966
5608
5624
5878
4970
4970
5147
4966
6190
6254
5147
4966
5147
6183
4966
5991
5413
4963
5413
5147
6904
4966
5147
4777
6190
5612
6299
5147
5612
6070
4966
4970
4966
4966
5028
5094
5679
5616
5997
5725
5813
4907
5612
5544
4966
4966
6258
4966
5612
7252
5147
5312
4966
4966
5608
4907
5679
5725
4966
5615
5147
5612
4966
7251
5679
5413
5025
6570
4966
4970
6262
5377
5147
5608
4781
5485
6254
5544
5886
4966
4966
5679
4966
6254
4966
6250
7234
6262
6836
4970
6254
4970
5964
5496
6904
5413
4970
5147
5015
4966
4966
5679
4966
6900
6244
5725
5147
5621
5620
5541
4966
5608
4966
5609
5544
7503
6462
4966
5313
6599
7750
4966
4967
5028
6257
5608
5620
5816
6225
7104
5147
5612
4966
4963
5548
4966
6908
6266
4970
6257
4967
7180
5991
5608
6462
5269
5612
5608
5608
4966
4966
6254
5413
6250
4970
5315
4970
4966
6254
6603
5147
4966
5147
6776
4966
6183
5544
5612
5801
5620
4970
5413
6250
5612
6844
5620
5620
4966
4970
4966
4966
5612
4966
4966
7116
5608
4966
6262
5413
5544
4970
6828
5413
5413
5968
5147
5608
5820
5377
5898
5608
7256
6258
5413
4967
4963
4966
6167
6802
5612
5413
5625
6836
6529
7448
6257
6458
5546
5613
6254
5413
5147
5612
6186
5319
4970
5762
6250
6840
5997
5612
5997
5147
5725
6262
5612
4970
5608
5608
5616
7899
5413
6262
5650
4966
5147
5725
6254
5679
5413
5674
4966
5616
4966
5608
5612
4966
4970
5608
4970
4966
5413
5616
5617
5259
5965
4966
4966
5413
5608
5608
6734
5413
6262
5612
4966
4970
5413
5291
4970
4966
5427
5608
6258
5679
6108
6257
5997
5608
4970
5968
5957
4731
5961
5269
5616
6198
5028
6136
4966
5147
5605
5679
5272
5315
6255
5413
5269
5991
6529
5612
5413
4963
5147
4966
5612
5310
5272
5620
5323
5965
6904
4967
5322
4966
5544
5548
5147
5959
4966
4966
4970
5620
4967
5955
5147
5725
5620
5605
4966
5607
6832
4966
4966
5413
5541
4966
4970
5413
5612
4966
5612
4970
5725
4966
5612
5961
6594
5413
4966
4965
5612
4967
5147
5679
5413
5359
5413
6262
6836
4738
5147
6458
5147
5147
6900
5608
5319
5291
5413
4970
5147
4966
5612
4966
4966
5616
7234
6254
4970
5544
4966
5611
6960
6217
5028
5485
5616
5608
4966
5612
4966
6529
6606
4966
5612
6254
6900
5608
5147
5609
4965
5413
4777
5612
5620
5413
6840
4966
4970
5612
5881
4966
5724
5147
4907
5608
5605
5679
5147
4970
5816
6603
5679
4970
5608
6194
5413
5147
5841
4966
6458
5544
4966
5548
5679
4966
5608
6590
5496
5616
6255
4970
5612
5413
6144
5608
5608
6254
4966
6258
5616
5612
5820
5147
7862
5028
6263
5608
4970
5147
5607
6262
6418
4967
6194
5147
6262
4966
5147
5945
5952
4963
6599
5413
6186
5147
5147
5608
4966
6262
5147
6144
4966
5954
5547
4907
4966
5413
6900
4734
4966
5952
5310
4970
6250
6254
5544
5617
5608
5147
5541
4970
6257
4907
5413
5620
4966
5969
5413
5816
6190
6470
4966
4970
5620
5816
6190
5147
5849
5679
5322
6313
4970
5147
6250
5025
5964
6255
6262
6900
5413
5147
4963
5725
4966
7101
5812
5616
5608
5147
4970
4963
5608
6258
5725
4970
4960
4966
5147
4963
5991
8424
6896
5957
4966
5485
5314
4899
5413
5952
5548
5413
4967
4966
4966
4777
4966
5872
4966
4966
7305
5147
5322
6320
4966
7754
5550
4966
4966
4970
5608
5605
5608
5608
5612
5147
4966
4966
5147
5147
4966
5945
5608
5147
4966
5608
5679
5315
5959
4966
6309
4942
5541
5612
4970
6251
6458
4970
6919
5820
5413
5541
5147
5612
4966
4966
5608
4966
6250
6254
4970
5616
8099
4970
5028
4963
6840
5997
4966
4970
4970
4966
5147
5413
6266
4966
4966
4966
5679
5991
5608
5965
5816
5608
5411
4966
5608
4966
5608
5147
6529
5609
4781
5291
5608
4969
5612
5548
5679
5608
5620
5413
5991
5147
5263
5028
5025
5146
5147
5616
4970
6250
6250
5816
7444
6904
5968
6258
5413
5147
5816
5608
5608
6187
5772
6462
4970
4970
5725
5612
4963
6255
5616
6250
4966
4970
4963
7112
5725
5419
5608
4966
4963
5613
5997
5310
5313
4963
6615
5546
5028
5306
5620
5616
6262
6462
5545
5679
5620
5997
6904
6814
4966
5608
5608
5147
4966
5609
4966
5612
6259
5679
5608
4970
7104
5548
4970
4970
6837
5583
5608
6610
5952
5725
5308
5147
5541
5496
5608
6458
5090
5147
5259
4970
6601
6122
4966
5612
5608
5544
5608
4967
5991
5608
6186
5609
5608
4966
5725
6258
5147
6366
4970
4966
4966
6261
5546
5413
5413
4970
4966
4970
5612
5544
4966
4970
5816
4966
4970
5322
4966
5924
4966
6458
6261
5413
5725
4966
4970
5147
4966
4970
5679
4966
6183
5608
7250
4966
4966
4970
5308
6141
5496
5147
5762
5816
5503
5544
4970
4966
5955
6455
4966
5820
5612
5612
5685
4970
6598
4970
5147
5961
5272
5147
6190
5961
5679
6904
5535
6255
6190
5616
5620
5147
6250
6263
5997
6150
6258
5679
5548
5613
5620
4966
5608
4966
5816
5544
5620
4970
5991
6266
4966
5820
5924
4966
5612
4970
6250
5997
4966
5612
5413
5961
4963
5316
5991
5492
4966
5679
5315
5413
4970
4966
4970
5620
4966
6250
4963
6185
6250
5608
6262
4966
5612
6273
5485
5608
5413
4963
4966
5801
4966
5548
4970
5356
5503
5541
5612
5612
5413
5620
6258
5612
5609
4966
5608
5147
5147
5310
5612
5964
4734
5612
5548
5679
5147
4966
5616
4966
5972
5608
5315
5878
5541
5679
5147
5609
4966
5907
5413
5538
5413
4970
5816
5608
5608
6247
6904
6610
4966
5957
4966
5957
4966
4970
5616
4970
5147
4966
4963
5082
4966
5820
6459
5147
4966
5816
5611
6186
5614
5820
6250
6186
5544
4966
4966
5319
5957
5147
6250
4966
6462
7890
5991
5147
4966
5147
4966
5413
5147
5608
4970
7437
4966
6612
4970
5608
5620
5616
4966
5413
5413
5413
4970
5322
5548
5804
6313
5544
4970
6900
5997
4966
5612
5413
6904
5304
5961
4966
5725
4970
6254
5816
5147
5147
4963
6120
6458
5544
5548
5147
6186
5679
5608
5605
5147
6896
6603
4738
5413
4970
6250
5322
5413
4970
6458
5028
5608
7745
5820
4966
5147
5616
6255
6250
6198
5147
5259
5147
6144
6900
5433
5496
4967
5725
6343
7452
5620
6832
5028
5146
4970
6898
5317
5612
5259
5620
6836
6250
4970
5542
5997
4907
5147
5954
5147
6611
4966
5413
5660
6836
6250
5544
5544
5147
4738
4963
5560
4970
5612
4963
5147
6258
5616
6254
5679
4970
5816
6462
5969
5413
6455
4970
5413
5413
4970
5294
4966
4966
6615
5147
4966
4963
5820
4970
5608
5147
4966
5259
5679
5147
5991
5612
4966
4966
5608
5813
5608
5608
4966
5762
5147
6190
5548
5769
6892
6250
4966
5147
5620
4970
5968
5028
6262
5147
5319
7112
6474
5608
6828
4966
5991
4970
5147
5620
5612
4963
5319
4966
5548
5616
5616
5413
7481
5147
5413
4966
5413
5612
5496
5028
5612
5620
5963
6382
6832
4963
5616
5990
5617
7010
4970
5541
5263
5147
5609
5608
5612
6262
5616
5816
5616
4970
5612
5608
5608
5612
6467
6833
5817
5272
5612
5147
4967
5612
6258
5679
5413
5608
4970
5616
5544
5813
6258
5816
4778
6908
5413
5679
6187
5617
4966
4966
5612
5612
6836
6607
7108
5147
5608
6254
5950
5607
5413
6825
7147
5147
5814
5961
6462
5608
4963
5624
4970
5544
4967
4970
5608
5608
6541
5544
6186
6263
4966
5413
4966
6904
5893
5962
5147
5679
6258
5147
4970
4966
5973
5612
5413
5996
4966
4966
5259
6254
4966
4970
4734
5991
5608
5147
5608
6418
5111
4966
4907
5147
5620
5612
5624
5968
5413
5620
5413
5548
6063
5413
6258
5762
6314
5319
7691
5608
6250
5147
6254
4970
5548
5817
4734
5544
5609
6462
5319
5616
5413
5147
5058
5609
4966
5620
5269
4966
5820
5958
6125
5997
5548
4966
5608
6896
5612
5679
5969
4777
6908
6262
4966
6462
5957
5496
5413
6837
5020
5816
5147
5997
4963
5147
6190
5725
5616
5792
5413
5605
5612
4966
5606
5147
5326
5413
5620
4970
5612
5612
4966
5608
5955
5612
7448
4970
5322
6262
4970
5612
5019
5544
5608
4966
5616
5612
6840
5147
6266
4970
4966
4966
4970
4966
4966
4966
5147
4966
5954
4963
5608
5648
4966
5608
5147
5147
6250
6610
5413
4970
4966
5147
5608
5620
6263
5612
6250
5616
5147
4963
5969
5612
4970
5605
4966
5413
5535
5612
5608
5965
4966
4970
4966
5612
6254
4963
5147
4967
5608
5816
5612
6198
5620
5608
5608
5147
4734
5616
5496
5679
5301
4970
4966
5620
5319
5147
6832
6900
5608
5147
4966
5788
5496
4966
4734
6310
5997
5612
5512
6258
6262
4970
5612
6186
5612
6904
6798
6262
7112
4966
4970
6458
5612
6254
5291
5784
4963
5620
5878
5377
6458
5620
5147
5542
5608
5612
4966
4966
4966
5947
4970
7112
6190
5608
6891
5608
6904
6185
4970
5147
5544
5147
5816
5548
6258
6186
4966
6250
4781
6144
6250
6133
5816
5976
6190
5608
5608
4963
5147
4970
6900
4966
5548
6320
4966
6900
6594
5147
6186
6198
6258
6250
4966
5147
4966
6900
6458
6462
5612
6900
6707
5147
5679
5800
5820
5413
5616
5147
4966
5616
6458
5671
4963
4734
5546
5616
5784
5769
4966
6771
7100
4967
5820
6250
5147
5319
5301
5413
7185
6187
5620
6904
4966
4966
5612
4967
5147
4970
5607
5611
5607
6458
4966
5147
4970
5319
5147
5608
5608
5616
6258
5612
4970
5025
5997
4734
5541
6262
5608
7746
5605
5952
6262
5319
5991
5612
5315
4963
5609
4970
5991
4963
6128
6254
5028
6028
5679
5679
4970
6795
6122
5025
6060
5952
5413
5620
4966
5612
5724
4966
5961
5679
5541
6254
5608
5147
5605
7482
7482
5503
5813
4966
5028
7436
4966
4966
5147
4970
5319
6249
6832
5612
5991
4734
4970
6254
6190
5813
5147
4967
5413
5377
6965
5612
5315
5147
5608
5762
5813
5880
5612
6896
6262
6599
5413
6255
5377
5679
7101
4963
5147
5541
5147
5612
5624
5616
5540
4970
4966
5028
4966
4963
6474
6258
4970
5608
6896
5147
6462
5991
5147
5315
4966
4963
4970
4970
5617
4970
5608
5496
6255
5653
5147
5544
5272
5147
5413
5972
6258
5259
5991
5612
5880
5147
4966
6462
4967
5608
5147
4969
4970
5313
5961
5147
5725
6900
6190
5315
5820
5991
5413
5413
5955
5612
5315
5413
5620
5423
5147
5413
5608
6603
5620
5820
5813
5308
4970
4970
5608
5147
5608
5756
5608
4970
6083
5961
5315
4970
7444
6186
5413
4970
6251
5025
5147
6805
5608
5820
5679
5259
5967
5413
5816
6251
5608
5294
4966
5413
4899
4970
5413
4966
6254
4970
4781
5612
4966
6529
6904
5945
5413
4966
6262
4966
5312
6254
6908
5991
6259
5413
4734
5725
6466
4902
5816
4966
6262
4970
4734
5612
7452
5612
5608
4903
5259
5679
6254
5612
5991
6250
4966
5147
4970
4966
4965
5147
5608
5423
5608
4966
7238
5413
5316
4970
6254
5612
4966
5606
5608
6250
5542
4966
4966
5025
4970
4965
5725
4966
5413
5679
5609
5428
6190
5315
4970
7474
5413
5544
5312
5608
6250
4970
5945
5725
6798
5784
5620
5891
5147
6263
5359
4966
6806
5608
5608
5679
5548
4966
5546
5612
5816
6779
5613
5263
4970
5608
4966
4970
5147
5612
5679
7542
4963
5147
5503
6254
5612
6904
5946
5820
4963
5319
8124
4734
5147
5612
5612
4966
6254
4966
4967
5326
6900
5147
6186
4966
5147
5608
5617
5612
5608
5612
5147
5612
5612
4970
5146
5548
5826
5322
4970
6258
7181
6183
5878
4903
5616
5315
6840
6262
6190
4970
4966
5548
4967
6265
5964
5548
4965
4966
4965
5678
5413
4970
4970
4907
5608
5291
5945
6186
7185
6198
4966
5147
4970
4966
4966
5608
5972
6257
6603
5679
6154
6144
5548
5612
5413
5624
5620
5612
6466
4966
5969
5147
4970
5548
5147
5319
6262
4963
5304
5955
5991
6258
5613
4966
4966
4966
4970
5413
5319
5608
5612
5616
5612
5147
5616
5616
5605
5608
4907
6254
6247
4966
4970
4963
4966
5612
6462
5418
5620
5312
4966
5413
5997
4970
4966
5147
5886
5612
4970
5612
7264
5624
5147
5620
5147
5413
8086
4734
5608
5605
6262
5147
4970
5617
5643
5608
5608
6198
5608
5146
4970
5608
6900
6258
6262
5617
5613
5612
5612
6250
5413
6183
5816
5612
5961
6247
4966
5147
6462
4738
6061
5612
5544
4966
5608
5608
4970
5968
5612
4966
6458
4963
4966
6262
5413
5609
5605
4966
5608
5605
5315
4966
4966
5608
6613
4963
4966
5608
6186
4966
5147
5612
5413
4963
4966
4966
5605
6795
4963
4970
5269
5608
4970
5413
5315
5620
5608
5315
5294
4966
5413
5961
5608
5263
5612
5608
5608
6198
4970
4970
4970
5679
7478
5957
4970
4970
4970
5025
4970
6156
4970
5600
4966
4970
6895
5259
5548
5620
5612
4781
5616
6254
5762
5147
6258
4966
5612
5322
5413
6900
4970
5612
4970
5503
4966
6543
5496
5612
7100
4966
5413
5617
5147
5972
5413
5413
6958
5725
5263
5413
5147
5608
5413
5544
6251
5147
5496
5147
5616
5608
5816
5147
7260
5535
6258
5147
6250
5560
6258
5147
5538
4963
5620
5308
5319
5997
4734
4966
4967
6156
5608
5147
4781
7542
5259
5413
6254
5965
8294
5612
4966
5769
5816
5612
5322
5535
5612
5820
5608
5967
5412
5608
5413
5612
6150
7108
5605
4966
4966
5319
5608
5969
4966
5544
7253
5608
4966
4966
5546
4966
6183
5620
5315
4966
5147
5413
5612
5294
4734
4738
4970
4966
5608
5147
5147
5147
7104
4966
5612
5608
5997
5612
4734
5433
4966
5496
6262
7253
4966
5620
5147
5612
4970
5820
4970
5413
4970
6900
5945
6828
5620
4963
6255
5503
4966
5608
5612
4966
5524
5679
7746
6263
6194
4966
5608
4970
5612
4970
5612
5616
6190
5945
6250
4966
5147
5608
5147
6190
5612
4966
5620
5816
5608
6186
4966
5957
6144
5485
5608
4967
5413
5997
5323
5616
5548
5147
6266
4907
5544
6258
5612
4966
5608
5609
5679
5413
5608
6458
5612
5608
6462
6387
5997
5748
5147
6611
6900
5620
5315
4967
5972
4966
5816
5413
5662
5612
4966
5620
5612
4970
5997
5608
6805
6606
4966
5609
5496
5548
5612
6258
5616
5616
5608
4778
5889
5770
6185
5620
5496
4966
4966
5608
5413
6262
5413
4970
4970
4966
4782
5147
5605
4970
6263
6262
4966
6607
7149
5617
5608
7253
4970
8094
5147
4970
4970
5605
6254
5679
4966
5612
5784
5616
5612
6190
6607
5413
5147
4970
5608
5147
5863
5413
5612
5612
5609
5608
5964
4970
6262
5608
5624
4970
5413
5816
5535
5147
7112
7260
5319
5413
5608
5608
6904
5991
5413
4970
5413
5413
6410
4658
5147
4970
5413
4970
5547
6262
4963
5608
6262
5608
4970
5413
5272
5147
7754
4970
4970
6258
4738
6250
5147
6190
5615
5990
6258
5413
4966
6254
6251
5612
5413
5413
4966
5413
5147
6474
5612
4970
6250
5997
5608
4966
7100
4970
5620
5801
4970
5496
5294
7246
4970
6258
5413
5997
4966
4970
4966
4970
6250
5608
4970
6186
5612
4966
4970
5147
6900
5816
4966
5952
4966
6607
6462
5612
4970
7245
4734
4992
6258
4966
5090
5961
5816
5725
4966
5725
6607
5413
5784
5816
5544
6254
5147
4966
5605
6258
5147
5608
5545
4658
4970
6900
5548
5620
4966
5620
5608
4966
5315
5612
5147
6250
5784
5147
4966
4970
5608
4734
5609
5548
5616
5147
6254
6190
5544
5679
5605
5550
4970
5945
4902
5616
6263
4967
5304
6254
5613
6462
5612
6262
6258
4966
5413
5945
5413
4966
5820
4970
8090
6600
5496
7112
5319
5958
4970
4970
4966
6262
5147
5412
6186
5413
5608
5969
5541
5548
7187
5679
5147
5964
6840
4963
4970
5560
5147
5605
4970
5609
5616
5679
4963
4734
6186
5413
4966
5413
6458
5961
5612
5612
5083
4967
5878
4970
4967
4970
5147
4966
6254
5679
4970
4963
5147
6266
6251
5326
4966
5612
7104
5147
5413
4966
4903
6250
5310
4966
5608
6254
4970
6258
5413
5612
4970
6198
5413
4970
6614
4966
4966
5326
5111
5147
4970
4966
5620
5991
5612
4966
7100
6615
6798
8940
5820
6198
5489
5725
5147
5608
4966
6900
4965
5612
5613
5485
4966
4970
5608
5310
5326
6262
5816
5969
6190
5813
4966
6458
5147
5609
5413
4966
4738
6249
4970
5608
5679
5608
6258
6187
5954
5294
5612
5147
6900
5028
4966
5616
5503
5605
5612
4966
6598
4966
5725
4734
6462
4970
6900
6190
6458
5679
6250
4970
6144
6802
5608
5147
4970
6186
5725
6904
5612
4966
4966
5544
7243
5147
6795
4970
4777
4966
5605
4966
5147
5413
6613
5612
4966
5147
6257
4970
6802
4966
5606
5147
6254
5147
5263
5147
4966
5413
5147
5544
5620
6459
4966
4777
4966
5309
4966
4967
4970
5950
5147
5548
5147
6900
6266
5496
7282
5605
6470
4967
5956
4970
5423
5889
5413
5413
4963
4970
5608
4966
4966
5612
6529
7105
5413
5612
6190
7754
4966
5413
6462
6262
6250
5609
6828
4970
4970
5413
5612
5315
4966
5605
5028
6186
5612
5612
4970
5259
5620
4967
6050
5620
5377
5503
4966
5612
4734
4966
5147
5548
5608
4970
5413
5413
5496
5613
4966
4966
6611
5997
6254
5769
4966
5620
5147
4966
5725
4966
5147
5612
4966
6262
5544
4965
5608
5294
5413
4970
5025
5544
4970
5612
5413
5679
6254
4966
5612
5997
5608
6254
5957
7482
4970
5620
5294
4966
4966
4970
5608
5679
5550
5315
5816
5620
4970
6186
5608
5616
4734
5612
4781
6254
5606
5028
6840
6259
4970
5608
6384
5413
5413
4734
4965
4966
5544
5612
5147
5028
5612
5609
4966
5725
4966
4970
4966
5620
6840
6254
5548
5612
5620
6385
6531
5535
6254
6470
5544
5624
5620
5090
5608
5147
5147
5147
5612
6186
6250
4966
5608
4970
4966
5991
5612
6262
4966
5313
5608
5968
5605
5147
5616
4970
6185
6009
4970
5147
4966
4734
4966
5608
5025
5608
4964
5313
5503
5608
5714
5945
5147
4966
5608
6254
5413
5991
5413
5620
5616
5608
5147
5612
6186
6190
5608
6459
5616
5326
6263
5147
4966
6186
5560
7750
5326
6109
5990
4966
4966
5147
5969
5308
5612
5147
5147
6896
5725
4966
5971
5147
5493
5550
5616
5612
5612
5260
5612
6900
5997
4781
6190
5872
5617
5496
5147
5613
4902
4970
4966
5548
5313
4967
5623
4970
5147
4777
4970
5608
5028
5816
5150
6183
5147
5294
6257
5991
4966
6186
4966
4970
5762
4967
5725
5612
5147
5413
5612
4970
6194
5612
6124
5147
6254
5608
5413
5902
5620
4970
5608
5616
4966
6304
4970
5816
4967
6399
5769
5620
6466
5548
6600
4970
6258
5147
4970
5616
5028
5304
4903
5544
5620
5612
4966
5548
4966
4966
5147
5609
6618
4967
5769
5679
5544
4966
5820
5964
6250
5969
5147
5147
6163
6607
6258
6254
4970
6904
5878
5263
5679
5025
6190
5259
4733
4967
5419
5147
4970
6069
7101
6254
6600
5548
4970
5545
6904
5612
5544
5724
5147
5997
5316
6462
4970
6183
6262
5413
4966
5928
4966
6610
4966
5413
4966
5496
5310
6254
4966
5612
5608
5147
6160
4970
6250
5291
5620
4970
5545
6250
4970
5820
6840
6900
5612
4970
4963
5957
5609
6458
6607
5608
5413
5413
4966
5413
6258
5612
4963
5147
5147
5319
6458
5147
6466
6198
4970
5608
4963
4966
5147
5259
4966
5147
5725
5608
4966
5679
5304
4966
5301
5413
5997
6262
5147
5413
5413
5544
5612
5612
5291
5997
5958
5542
5147
4970
5147
5968
5255
5620
5820
4970
4970
5315
6262
6202
7104
5612
4963
5028
5413
7104
5612
5612
5413
4966
5147
5608
5608
4970
5259
6186
4963
5147
5313
5679
5028
5304
5945
4966
4963
5028
5147
4966
4970
6186
5964
4966
5608
6611
6251
5544
5653
5620
4966
5956
5413
4966
6254
4970
5319
5976
5263
4966
5624
5315
5913
6202
5315
5413
5612
4970
4966
5312
5612
6258
6362
4966
6610
5413
5612
6258
5991
5312
6231
5147
5606
4966
5878
5147
5616
4966
5147
5816
5948
5616
6794
6254
6254
5752
5617
6258
5294
5413
4734
6896
6067
4966
4966
5147
5413
6266
5679
6262
5147
6908
5608
5147
5959
6250
4970
4902
5612
4970
4966
6255
5147
4970
6466
5608
5028
5608
5413
5413
6190
5608
5752
5605
6262
6828
6599
6459
4966
5413
4966
6262
4966
4970
6073
4734
4966
5621
5816
5608
4966
5620
4966
5620
5620
5028
4970
5147
7142
6257
5413
4966
5028
5957
6266
6266
5608
5991
5314
6872
5679
5612
6258
5548
4966
5612
6458
5620
6183
5612
6198
6250
5612
5147
5608
5546
5544
5816
4967
4734
5612
4966
4966
5560
4966
4966
4970
5028
6463
5058
5616
4970
4966
6458
5413
4966
7234
8140
4734
5612
4970
5955
6836
4966
5679
5413
6262
7112
5493
5413
5608
5980
4966
5608
4970
5612
4966
5544
4967
5263
5612
5612
5608
5259
4966
5316
5762
5620
4966
4963
5294
4963
5609
5612
5147
4966
4966
4970
4734
6810
5608
5617
6466
4970
5028
6466
6607
4966
4970
4966
4966
5413
4903
5548
5620
5413
6190
4970
4970
5991
5413
6190
5679
4970
4970
5816
6202
5147
5816
5608
6462
5970
5147
4966
4738
5272
5679
4966
5725
5617
4970
5413
6908
5991
5623
6254
5952
6190
5319
5413
5147
5616
6462
6262
6836
5541
5616
5544
5413
5316
4966
6258
5612
6028
5961
7475
4966
4970
7108
5147
6794
5612
4970
5548
4966
5612
5612
5616
6254
5147
5312
5413
5816
6609
4738
4734
5541
5544
4966
6603
5612
6254
5413
5413
4966
6470
5028
6256
5608
6258
4966
4970
5147
5306
6186
5147
5679
5976
5608
5957
5612
5608
4966
4970
4734
5413
4966
4970
5820
5953
4966
6202
7132
5413
6258
4966
6306
5147
6250
6190
5544
7253
4966
6262
7109
6254
5413
6462
5921
5612
7440
5816
5608
6070
4963
4966
7108
4966
5616
5679
4970
6904
6603
5957
5612
5608
5616
5612
4966
5973
4970
5969
4966
6262
5612
5146
4970
5608
5147
4734
4734
5620
4966
5413
5612
5620
5538
6523
4970
5616
4966
5475
4970
5028
5419
5958
6828
5946
4966
5315
5548
4966
4970
4967
6262
5991
5991
4970
4967
6259
4966
6035
5605
6262
5608
5147
4963
5317
4970
6254
5315
6832
5313
5613
5612
4970
5413
4966
5613
4966
5319
4966
5544
5612
5612
4966
4966
6187
5413
4963
4966
4970
5612
6523
4966
5550
7822
6259
5816
5545
4970
4966
6254
4963
5413
5544
6263
4966
5991
4738
5997
5612
4970
4970
4907
5620
5616
5817
6590
5679
6250
4966
5147
5315
5608
5769
5147
5147
5147
5147
4966
4970
4970
5548
4966
4970
4966
6615
4966
5620
5294
5612
5612
6258
6262
5725
5544
4738
5548
6458
5620
5489
5544
5541
6258
6262
6258
5612
5612
5413
5546
5948
5679
5322
5620
6263
5147
4966
5146
5544
4970
6463
4967
4966
5294
5322
6250
4966
4970
4970
5322
4966
5817
4966
5602
5612
6255
6908
6306
4966
4734
5544
6258
4966
5147
5816
6832
4963
4970
5308
4966
5548
4966
4734
6183
5413
5608
5560
6262
5147
5503
5679
5903
5377
5294
6254
5147
4966
5322
5605
6186
5820
5617
5679
5608
5608
6308
5679
5816
5548
4970
6832
5312
4970
5028
6190
5620
5955
6254
5609
5496
5608
5413
5413
4966
6254
4963
5612
4966
5612
4970
5028
5965
5028
4967
5294
5608
6266
4970
5147
5147
5147
5319
6611
6262
6904
4966
5612
6607
4966
5769
5259
4970
4966
5259
6808
6261
5961
6254
5608
6150
5801
5608
6190
6247
4970
4966
6266
4963
5616
5969
5310
5608
5315
5784
6254
5820
4966
5957
5820
5431
4970
5548
5612
5147
4967
5616
5813
5259
6470
5997
6186
5147
6258
6263
5147
5147
4966
5620
5017
4966
4777
5413
5608
5679
4966
5612
4966
5544
4970
6900
5608
5147
5816
5604
4967
5624
4966
5147
5679
4966
4964
4966
5608
5620
6254
4966
7253
5608
7112
5612
5624
4734
5816
5147
5413
4970
5903
5620
6183
4970
5612
5620
6458
6266
5538
6144
4966
4970
4967
6254
5608
4970
5616
7446
5147
6592
4966
4967
5544
5413
4970
5609
5624
6258
4966
6254
6540
5878
6458
6306
5725
5312
6257
4970
5616
6255
5816
6599
5312
6262
4967
6186
6254
6262
6466
6144
5612
4970
6603
6189
4966
4966
6458
5313
6183
6194
4966
5608
5312
6900
5413
4970
4738
6254
5147
7442
5616
6840
4970
5725
4970
4966
5612
5816
4966
6262
5612
5608
5837
7547
4966
5413
5816
4962
5613
5608
4970
5313
5878
5413
5616
6156
4970
4966
5413
5236
6250
5956
5028
4963
5612
5413
5605
6832
5788
5620
4966
5608
5997
5147
4907
4966
4970
4963
4966
5608
4970
5609
4966
6610
4966
5959
6317
4970
4970
6186
5616
4970
7104
5612
6250
5147
5620
5725
5608
5725
5608
5620
4963
5608
5997
6250
5147
5616
5304
5769
5612
4970
4903
4970
5608
4970
6190
4966
5924
5028
5413
6186
5608
5612
5612
5612
4966
5612
5313
5608
5608
4970
5544
5548
6254
6202
5294
6528
5608
4966
5304
6081
6466
5147
4966
5605
5608
5761
5620
5957
4734
4963
6254
6908
5950
4966
5544
6807
5997
5548
7249
6391
4966
6258
4738
4966
5315
5147
5612
5413
5147
6250
6132
5608
5538
6190
4777
5272
4970
5538
6614
5816
5544
6262
5028
5413
5111
5538
6262
5538
4970
5608
5997
6190
5768
5612
5147
5725
5952
5820
5659
5294
5725
6451
4966
5620
6254
5025
5608
4734
5147
6262
5666
5608
5147
5612
5550
5608
5413
4970
6255
5413
6258
5147
5147
5819
6258
6470
5816
6618
4970
4734
5616
4970
6198
5259
5616
4966
5769
5748
5878
6190
5496
5612
4970
6250
4970
5147
5820
5801
5608
6459
6156
5816
4970
5616
4966
5609
5816
5609
6458
4967
7100
5955
6458
5413
5608
6190
5620
5612
5413
4966
6190
6258
4966
5620
5679
5413
5991
4966
4970
6458
5413
5612
4966
5612
5544
4970
4966
5608
4966
5612
5612
7105
5263
6254
4970
5147
5817
4966
4966
4966
4970
5272
5294
5147
6156
5272
5147
5612
4966
5608
6836
5635
5612
5147
6250
4963
5147
5605
4970
4966
5679
4966
5374
4966
5620
5263
5612
5028
5961
4970
5413
5608
5413
5620
6250
5147
5872
5147
5147
5969
5608
6250
4963
5147
5971
6900
5413
5413
6258
5608
6079
5887
5608
5608
5608
5147
5605
5826
6190
5762
5544
4965
7289
5609
4966
5612
4970
5612
5413
5496
5153
5413
5608
4966
5612
5847
5319
4966
6601
5269
4966
6893
5147
6452
5413
6309
4970
6529
6603
4970
4970
5496
5548
5147
4734
5413
5783
5147
5963
5956
5608
4966
7104
5147
5608
5608
5147
5608
5319
5147
5813
5538
5028
5679
5028
4966
5616
5820
4966
4966
4970
5147
5413
6470
4970
5413
4970
5413
7478
4966
5679
5605
5616
4967
5384
4907
4966
6186
4967
5612
5612
5608
5612
4966
4966
5608
4966
4966
6250
5413
5548
5679
4970
5314
4992
5759
5147
5608
6603
4966
6599
5263
5322
5413
5605
6466
5616
5620
5147
5319
6162
4966
5608
4966
4966
4907
4966
5315
5305
4966
6896
4966
5602
5679
4966
6113
5413
6896
6609
4970
4963
4967
5616
5413
6258
5997
5256
5028
4966
6190
5544
5961
5631
6254
4970
5147
7234
5616
6900
4963
5272
5535
4966
6262
4970
5961
6470
5608
6466
6190
5413
5326
4966
5412
4970
5612
5725
5544
5769
4970
6904
5147
6263
6614
4966
6607
7104
4906
6828
4966
5816
5147
4970
5503
6035
4970
4970
4966
5612
6263
5612
4970
5616
5612
5496
6458
5908
5413
5605
5968
5958
4970
6257
6198
5413
6458
4970
5608
6250
5617
6257
5612
5259
6186
7104
5609
4734
5959
5503
5322
4966
5613
4967
5413
5620
4966
4970
5612
6262
4966
5147
5548
5315
6459
4774
5544
5147
5147
5608
5991
4966
5147
5147
5945
5952
4970
5945
4970
5997
5948
6900
5547
4970
4967
5964
4970
5062
5816
6263
5147
5608
4966
5560
4966
6263
5294
4966
6250
5025
4963
5605
4966
5147
6254
5413
5413
5028
4777
5945
6904
4970
4734
4966
5147
4963
5548
5991
4963
5679
6836
4966
6265
4966
6263
5413
5725
4970
5967
5604
6266
5608
6198
4734
4966
4963
6262
4966
6462
5544
7234
5608
5147
5147
5259
6198
6904
5608
4970
5608
5612
4970
5608
5620
6198
4970
5544
5725
4970
5608
4970
5541
4782
4966
6190
5147
4966
6811
6156
5954
5945
5147
5608
4966
5608
6836
5820
5997
6198
4967
4970
6254
4970
5952
5951
5147
6262
5613
5503
4970
4970
5820
5427
6470
5612
5616
5608
4970
5617
5968
5612
4970
4966
5966
5725
6251
5322
4966
5304
4738
5631
5259
4966
6186
4966
4966
5762
5620
4967
5300
5620
4970
5612
5608
6809
5544
4970
5957
5611
6950
4970
5609
5147
5620
5313
7112
5028
6795
4970
5314
4966
5147
5315
4970
5317
5905
4970
5608
5608
4966
4966
4970
5964
5147
5612
5496
5548
4966
6186
5608
4970
5413
6250
4966
7444
4966
4966
5147
5608
5964
4970
4966
5294
4966
6186
5319
6186
4966
5147
6819
6836
5620
5605
6805
6294
4734
4970
5959
6194
4970
6186
6186
4966
4970
4966
5816
5608
4970
5679
5948
5612
5679
4966
6259
5147
6642
5294
4970
6615
4970
6896
4970
5957
5548
5433
6833
5312
4966
6277
6258
5612
4734
7245
5605
6269
4966
5147
5612
5315
5612
6817
5612
4967
5413
6320
5616
4963
5147
5608
5612
5147
5413
6250
5643
5544
5679
4738
5725
5147
5544
4970
5147
5147
5147
5612
4966
5538
5620
5259
6896
5503
5413
4966
5544
6250
5028
5413
4970
4966
4734
5624
6900
5608
5612
5620
5612
5957
4903
6254
5413
5945
4966
5801
5608
4966
5620
5413
5816
4966
5969
5945
5609
5608
5147
6250
7112
6250
5147
6832
6250
5609
5616
4966
5147
5612
5616
5485
4963
4967
4781
5544
4966
4966
5147
5612
5997
4866
5608
4734
4970
6255
5679
5624
5612
5961
6254
5147
5316
4970
5147
5605
6069
4970
5820
5679
6462
6832
4970
6606
4970
5816
5608
5147
4970
5976
6198
5608
4966
5608
6273
5624
5315
4738
5635
4970
4966
6187
5740
6900
5612
5608
4970
4963
4963
5413
5147
5608
4967
6194
5609
4903
5895
4966
6254
5147
5130
6263
6250
4966
4966
4970
4966
6262
5964
4781
5725
5147
5624
5544
5965
6250
4966
4970
5319
4966
4966
6257
5964
4966
5608
5315
5620
5964
5617
5980
5605
4966
5413
5542
4966
5544
5413
6388
5609
7754
5319
5725
6311
5620
5895
6808
5991
5961
4970
7448
6262
5147
4966
4970
4966
4970
7100
5612
5608
5869
5612
4734
4970
6186
5147
5725
4966
4970
4963
5548
5548
4970
6945
4734
4966
5304
5616
4966
5315
6458
6250
7448
5991
5544
6186
5605
6190
5413
5548
4658
5147
6191
5544
4966
6251
5147
5612
6529
6266
4963
6250
4966
4966
5620
5612
6186
5612
5612
5762
5028
5837
5147
5612
4734
5315
4966
4966
4966
5147
5956
4966
5608
5545
4966
6459
4963
5312
5608
5315
4967
4963
4966
5612
5147
6262
5624
4970
5817
5147
4970
6156
5319
7113
4966
5961
4966
4966
5620
5147
4966
4970
5620
6458
4966
5147
5147
6904
4965
6254
4970
4970
5609
4966
6258
5312
5605
5608
4907
4970
5608
5612
5605
4966
5413
6190
5431
4967
5605
5612
4966
4966
5616
5617
6462
5990
5609
5816
6618
5147
5028
4963
5725
6523
5801
5413
6266
6824
5413
4970
6254
5147
5820
4967
5548
5147
4970
6258
7176
4966
5612
6262
5612
5954
5620
5991
6190
5608
4966
4970
5608
7243
5957
6190
5259
5605
5326
4966
5628
5147
4966
6253
6462
5620
7256
5322
8144
6186
5612
4970
5304
6190
5304
5609
5608
5965
5816
4966
5259
4966
5028
5147
6141
5294
5945
6263
4966
4966
4970
5612
6255
6258
4963
4967
4970
4966
4970
4781
6198
5820
5968
6470
4963
6262
5147
4966
6462
5816
5147
5991
6254
4970
5608
4966
6474
5315
5608
5608
6900
5608
5420
5413
5679
5813
5147
4738
5503
5147
4966
5147
5548
5548
6028
4970
6183
5413
6262
5612
5608
5147
4970
5820
6466
5028
5413
7440
5544
4970
4970
5620
5147
5620
6190
5147
5679
5413
6470
4970
5025
5147
5413
6186
5991
5259
4777
4970
4966
4966
4966
4966
4738
5413
5548
5147
5997
5608
6462
5612
5608
4970
4966
5612
4970
4966
5608
6462
5616
5548
4966
4966
4970
5616
4970
5413
5612
6903
7067
6836
4970
4970
5613
6794
6254
4963
5608
5147
5315
5991
5315
4966
5147
4963
5608
5147
5413
5816
4966
6254
4970
6262
4963
5609
5616
4966
4970
5413
6254
5304
5608
5413
5605
6466
5612
4970
5413
5616
5489
5313
6599
5608
6258
7451
6254
4966
6470
5612
5548
4966
4970
5612
6308
5991
5545
5560
5147
5608
4966
5616
5620
5608
5544
5147
5957
4970
5612
5028
5608
5263
5608
5294
6254
5612
4970
4967
5326
5620
6825
5147
4963
5612
5612
5259
5612
5612
4966
5612
4966
5147
5312
5313
4967
7437
5820
5544
5313
5548
6840
5820
5608
5762
5423
6597
6828
5153
4970
4966
5544
4970
5612
4966
4966
5147
5620
5679
5991
5954
5147
4966
5608
5816
5413
6250
4963
5544
5608
5413
6263
6258
5617
5608
7482
6900
6073
5294
7116
6186
6263
4966
5609
6806
5377
6263
4970
4970
5997
5872
4970
4970
6262
7482
5608
5147
5413
6222
5608
6263
4966
4966
5991
8286
5620
4902
5548
5317
4966
4966
5679
6262
5413
5624
5541
4966
5147
6900
5608
6258
6258
6896
5679
4966
4970
5612
5307
4966
5147
4970
4970
6258
5612
5616
4970
4970
4970
5679
5413
6795
4734
5612
5147
4970
4966
6262
6643
5608
5608
5608
5313
4966
5996
6156
5608
5544
6262
5259
4970
4970
5612
5147
5608
4970
7112
4966
5620
5679
6529
4966
4967
5679
5872
6266
5546
4963
5147
5612
6598
6611
5147
6607
6458
5147
5312
5544
4965
4963
4970
5541
5616
5147
4966
5820
4970
5679
5548
4966
5612
6186
5612
4970
5312
6904
4970
5816
5607
4966
5669
6904
5608
5617
5147
6458
5769
5612
6262
5620
5147
6186
4970
6599
5816
4966
5413
5493
4963
5605
6794
5147
6186
5725
5608
4966
4970
5544
5608
6254
5608
5991
4970
4966
5313
5147
4966
4966
5973
4970
5612
5326
4970
6262
5025
5609
5496
4967
4966
5147
5608
5608
5608
5147
4903
5964
5413
5312
4970
6255
5605
5620
6455
5615
5312
4966
5315
5608
5608
5413
5560
5612
5413
5147
8120
7112
6571
5810
5413
5679
6896
5679
5263
5147
5816
5413
5423
5545
5991
5616
6201
5612
6258
7105
4970
5413
5544
8022
5608
5725
4970
6190
5147
5147
6662
5612
5969
5725
4966
4966
5413
5255
5679
5413
5147
4966
6458
6262
5147
5612
5608
6528
5028
6458
5620
5413
5413
4966
5612
4966
5605
4966
6840
4960
5544
4734
5946
7193
5612
5820
5662
6262
5147
4970
5612
6250
5608
4970
5616
5602
6258
5544
5028
5612
5608
6261
4970
5967
5544
4970
6825
4967
4966
7108
4966
5147
6379
4966
5294
6262
6128
5028
5679
5413
5313
5820
4970
5679
6250
4970
4970
6250
5957
4966
6258
5315
5147
5616
4970
5608
5816
7652
6459
4966
6258
4960
5608
4962
