127.92907204934119
1899.3673257023934
0.007606407785004875
54.85410831848107
2346.8654147104853
2115.77392977393
2289.7938573659553
48.10937099940258
2468.0688575899844
0.21928260775825026
110.64323442597484
1446.542407313357
1484.0635747785304
1446.3778567800914
1484.0635747785304
1446.3778567800914
1484.0635747785304
1446.3778567800914
683.5353185595568
1487.9773869346734
118.02036207336174
47.88916512108178
143.95510483135826
2262.0286720321933
170.34493989658182
2551.9180080482897
0.9400936222237786
154.80150546504433
2617.422409258285
0.9354333312308507
2553.001043296818
2536.827676240209
50.365455461444
1653.2883720930233
1844.188004032258
1890.8883720930232
59.953649860810394
127.92914791534943
93.39061029591161
0.21608020866240593
1080.871351766513
1415.2256281407035
1508.1869309051956
40.31612546282504
1518.933190807055
