544.2841979113166
42.55383454642286
1659.7484131563763
74.22237286972043
361.5398450470393
45.80953621225539
1522.0819388343912
1479.3954010095345
1522.0784766301213
379.6968838526912
186.25118984664198
1364.1486864169926
356.7404351087772
1329.0525433202906
1372.6703617269545
37.11563625297966
1266.8361223312174
639.2707152002927
911.9844404548174
1725.7797281993205
42.32848698461651
1328.992507204611
263.86980171959993
3.894573966997516
1722.1017241379311
1747.0145772594751
1721.9137931034484
1386.0268221574345
48.27167137783576
1260.6607526881721
1312.1561275881365
1404.636154289004
53.29874670539508
1715.3092902481246
55.7289627039627
2207.2914021927295
2144.886146943354
508.6795698924731
274.23323759532536
36.74682372870722
1358.078947368421
963.7894246447705
857.6824625354394
2469.3072886297377
2419.5402298850577
