2777.3815181518153
64.09151915455746
2395.5207373271887
1924.5185185185185
1949.8578011849902
1924.5185185185185
697.9610562816752
1692.5329883570505
276.0158047414224
83.3606053199723
602.5328880793362
1889.275751759437
6.350842047170201
0.9505018199507568
127.84615603563601
351.63935059914957
111.37054779690375
2712.537244561635
2634.3367741935485
2691.642715886618
473.16339869281046
95.18246873499623
85.72457234074682
1251.1857000993048
1634.164721141375
38.143583025683775
264.85637952198715
46.65070938645119
191.30241812059995
2402.2447149263294
2441.2571614583335
1931.805253042921
1963.2473958333333
1117.8719353908277
321.43000773395204
1323.6795615731785
1377.7649402390439
819.538256227758
625.2573881459468
2411.4326923076924
65.3012385540953
643.1774627669118
50.012554039002474
421.778110383536
43.69024947294449
