0.006943753000001607
0.0064691249999953016
0.006260408000002826
0.006860093000000234
0.006782990999994354
0.0064551429999823995
0.039019488000008096
0.00635706600002095
0.006379503000005116
0.025200299999994513
0.02337900000000559
0.023082418000001326
0.022670752000010452
0.02121644100000708
0.0195444790000181
0.019390035000014905
0.01949477899998442
0.017360080999992533
0.018150133999995433
0.018086957000008397
0.0166879989999984
0.015194135999990976
0.008330346999997573
0.009022671999986187
0.007204755000003615
0.00861152100000595
0.008001790999998093
0.014076587000005247
0.014848126000003958
0.007887268000018821
0.006360864000015454
0.006641315999985409
0.0065344650000156435
0.0066397340000037275
0.008644729999986112
0.008138738000013745
0.03921312099998886
0.006161723999980495
0.006144086000006155
0.02380897899999468
0.02390478699999221
0.021752943999985064
0.023550964999998314
0.021007403999988128
0.019790739000001167
0.020134417999997822
0.01990589199999704
0.017815140000010388
0.018669569999985924
0.018809385999986716
0.01668465099999139
0.015330897000012556
0.009188530000017181
0.009077864999994745
0.007631811000010202
0.00836795199998619
0.008970243999982586
0.013512491999989606
0.014689023000016732
0.008211209999984703
