0.006496881000003896
0.006444166000022733
0.010357190000007677
0.010132724000015969
0.010857283999996525
0.02419805400000996
0.011528483000006418
0.01352514300000962
0.013682076999998571
0.014365088999994668
0.022608671000000413
0.021455290999995213
0.0218644879999772
0.020825861999981043
0.010123722000003
0.009773701999989726
0.009210920000015221
0.02413604500000588
0.006547959999977593
0.00941022699998939
0.009198253000022305
0.008146642999975029
0.014632497000008016
0.0140272330000073
0.014922797999986415
0.013454558999995925
0.0089182960000187
0.017532085999988567
0.017899295000006532
0.019644388000017443
0.006462846000005129
0.006719355000001315
0.010411543999993
0.01034494500001415
0.011309016000012662
0.025017604999987952
0.012779456000004075
0.012940619000005427
0.01335194499998238
0.013582762999988063
0.021867646000004015
0.021584735000004684
0.022305838999983507
0.02084732099999087
0.010588179000023956
0.009952430999987882
0.009144122999998672
0.02404045399998722
0.006630588000007265
0.009872154999982286
0.008884137000023884
0.007744454000004453
0.01409476199998494
0.014101697000000968
0.014394858000002841
0.013776054000004478
0.008986386000003677
0.017640328999988242
0.017180094999986295
0.018176113000009764
