6.400294439917129
2.4624103093685883
238.22039461227988
1.785888848569263
4.542402885171421
8.159130464190737
2.748160555947657
254.0498713996752
3.577602974620633
3.0223238296986072
1.515885334343148
3.1589177744785224
301.4756127636616
292.8597952539138
218.5030452160486
2.972641827907105
2.2330475209610356
276.7963613289166
287.7754378122816
261.6225892519057
233.05547758919883
244.58861692190345
294.52426726347187
259.56406434656833
8.373349193368933
244.7887582836987
270.0494549737329
10.486065531781408
278.92725100137216
1.7182822063417351
290.3481469416966
260.67536073681634
2.9340518552478674
237.5289869360431
4.281578561055083
156.18124108968377
5.607938182044227
186.04954174958266
176.75462937018418
148.0675350348473
151.09006226430577
175.74539884082967
181.2230564305919
8.540735616805817
249.38655416201894
