1.69955650645656
1.6680033604924405
0.8460383163225454
146.06839462903227
9.230399591030508
293.03720560735565
276.392540707275
303.9330990549922
280.658772839267
4.343204387517931
290.66331835726834
296.15569313470627
1.479844592806436
250.30800382757224
8.188470131760178
241.8831156052216
1.6539617136490024
171.41796948175664
1.8383837161473104
3.536868812061724
298.95554722728
324.4208645685107
1.913208132885619
312.1163453528735
5.868342372578917
174.44584852372944
145.8884074756221
1.1400961373433096
186.2799891538852
175.3848166020558
179.7366242300995
187.46073006357582
183.51118842710358
3.4567644672010442
238.49548146366584
189.51328672695962
5.762157898040123
273.49539180195194
8.69484258195262
2.1234464442862375
3.7052166129806303
8.865287014422696
2.297743071287004
211.71323958090363
2.063893933739402
