4.683425044376116
394.60711390497283
436.3387218918392
400.5928636180517
457.9231298114357
413.7566992324553
399.85417658323473
2.5005832473511105
420.2573998842385
472.30416376737355
527.2142605464138
1.0722851275834362
1.0228502406219935
5.260694543624971
162.69912340916395
5.387474750895
1.0018062364363418
165.77908570395886
178.5700144809251
168.03602715960946
176.2665538669814
2.2525749591598907
178.44302776370958
166.15486684942212
181.3735890363162
189.28404318222488
161.27566439291837
5.2158321305260475
2.050055450545022
183.91346390095708
193.9012915249078
186.04958552406833
2.251995714457438
363.9898473823696
2.4695717252149767
418.3081074480274
378.6418935538185
453.3559353979535
436.5266710383513
5.120267741525103
426.9091122078899
4.687830438969224
7.618900397612534
271.296778659732
5.8719158416806225
