0.07270917099999963
0.07449686300000025
0.07370961500000028
0.07396611499999928
0.07495432400000013
0.07396933099999892
0.07498871900000026
0.07356059900000034
0.07552196500000008
0.07478855599999967
0.0743603610000001
0.07496134800000043
0.075079710999999
0.07363225799999995
0.07518279299999975
0.07509304900000124
0.07514634900000061
0.07504189900000036
0.07457317299999922
0.0749631320000006
0.07527976400000114
0.07516974500000018
0.07351618199999876
0.07487312300000148
0.07416077600000115
0.07405939300000064
0.07518587200000049
0.07461889400000032
0.07456902999999926
0.0743043090000004
0.07472074999999911
0.07561616399999949
0.07344809800000007
0.07237311599999963
0.07451689299999842
0.07271150699999929
0.07172896000000151
0.07262454500000004
0.07884584299999986
0.07873583399999973
0.14392030000000133
0.076243379000001
0.07674250399999849
0.07481644799999998
0.07571345899999926
