0.0488242049999954
0.047338218000000154
0.046949413000000106
0.04855396099999609
0.047276056999997706
0.04663473699999798
0.048798943000001316
0.047227642000002845
0.048343701000000294
0.046999662000004605
0.04731458399999866
0.04732301399999983
0.049133631000003675
0.04843895799999842
0.048308720999997945
0.04873609799999912
0.04850166199999961
0.04858503500000211
0.048859453000005715
0.048716669000000934
0.04858556900000366
0.04843292099999985
0.04855406600000123
0.04819336100000271
0.04891594600000104
0.048911476000000675
0.048319126000002655
0.044618634000002544
0.04354210500000022
0.04389792399999948
0.043452621999996666
0.04385278400000203
0.04318114100000514
0.04245617400000157
0.04276446300000458
0.043160327999999026
0.04347247199999771
0.043312065999998595
0.04275696699999543
0.04295782399999837
0.04291306300000031
0.043000800999998035
0.05207841000000002
0.051933976999997356
0.051976416999998776
