0.05724913299999912
0.05721910199999769
0.05682218400000494
0.05703861699999635
0.07735121999999706
0.07781527099999863
0.059293177000000696
0.06332708600000103
0.06203727999999842
0.061276441000003956
0.05971806200000174
0.05964983700000204
0.058723217999997246
0.0585374690000009
0.05961689099999745
0.058956399999999576
0.05837568799999815
0.058863016000003654
0.05993909800000097
0.059242746000002455
0.05864557299999973
0.05876456899999738
0.05873369900000114
0.056519151999999906
0.055972469000003855
0.0565745819999961
0.05577844100000107
0.05859973199999757
0.058855946000001325
0.05799440599999883
0.05915959900000445
0.05823009700000625
0.06052761500000514
0.05839029799999906
0.05829105299999782
0.05851766600000019
0.05872428699999688
0.05828587900000315
0.0582367820000016
0.058779078000000595
0.03949391399999769
0.040097650999996404
0.03966324999999671
0.08458479299999766
0.08422655399999712
