0.013953911999999846
0.01090119399999967
0.013904860000000241
0.011935953999999693
0.020735735999999783
0.009585056000000147
0.012268061999999968
0.009502553999999996
0.010414391999999939
0.013822382999999938
0.010004465000000184
0.010595111000000212
0.010463802999999938
0.010864451999999858
0.008955582000000017
0.009825161999999832
0.010347311999999498
0.011755427999999846
0.010225573000000487
0.008185974999999956
0.008919790999999844
0.008238806999999682
0.01118098199999995
0.010374667999999865
0.009540336999999788
0.01082680399999969
0.009257352000000552
0.007612206000000121
0.013704941000000304
0.013997268999999868
0.010614079000000665
0.008497139000000153
0.007683473999999357
0.007944340999999966
0.005714521999999889
0.006261090000000635
0.005574967999999458
0.005637404999999873
0.005529859999999331
0.005527880999999901
0.006248731999999535
0.005062785999999875
0.0054962089999994745
0.005232088999999718
0.004353887000000611
