0.008835742999998786
0.005115125999999748
0.0036234170000000177
0.0029541430000001867
0.002753872999999629
0.017389165000000872
0.0027203359999994348
0.002689362999998224
0.0026532509999981357
0.002621781000001988
0.003419138000001709
0.0035325059999991026
0.006291141000001943
0.005101512999999613
0.004326701000000099
0.013521177000001217
0.012595123000000541
0.021201865999998404
0.02101724399999938
0.020924439999998157
0.019656227000002247
0.019653103999999644
0.007686455999998287
0.013151328999999379
0.011275850000000531
0.011177541000002122
0.02225067699999883
0.022166690999998906
0.012342931999999252
0.026310261999999085
0.021655352999999877
0.012050110000000558
0.011093426999998712
0.011157510000000315
0.010093464999997082
0.009758294000000944
0.008526374999998865
0.01074882700000046
0.011241323000000136
0.01131203699999972
0.012197132000000721
0.010406318000001136
0.009366381999999618
0.009130758999997823
0.007575861999999489
