0.12693627300000188
0.06840308299999975
0.11559402099999971
0.15582721700000235
0.1983500350000007
0.4405960929999999
0.09749635300000037
0.2745813570000024
0.27104815100000224
0.012889953000005505
0.21104330000000004
0.20932960600000428
0.24038051100000501
0.03397413500000113
0.06278535899999582
0.10321483299999556
0.2997662450000007
0.15061741099999892
0.09496098800000397
0.08399520699999385
0.3170835109999999
0.7000555810000009
0.015868288999996594
0.02736542100000605
0.062307511000000204
0.2808606950000012
0.008999748000000807
0.01789334699999756
0.013404192000002979
0.3621602349999975
0.32913877700000427
0.1262613029999997
0.212176178
0.21639063599999986
0.0696080049999992
0.04577463200000409
0.5119913620000034
0.5399124380000018
0.17534268200000014
0.05916895800000077
0.06089842400000123
0.012477084000003913
0.010983471999999495
0.010264943999999332
0.23946189300000498
