1.0774478019999947
1.091194813999948
0.7952985709999894
0.7957329820000041
0.9806252500000028
0.6257279680000352
0.6182260969999902
1.1091781080000374
1.124171242999978
0.958188564000011
0.9577968029999511
0.9568652890000067
0.948823238999978
0.7867031130000441
0.7880525500000317
0.7751188929999557
0.7935927830000082
0.967933663999986
1.0008247769999912
0.7379166559999817
0.888013892999993
0.5887892979999947
1.0552354529999661
1.0538011769999684
1.0454636989999813
1.0052782289999982
0.6358492300000194
0.6219733089999977
0.5676762730000178
0.5682142420000105
0.5475800030000073
0.5441543200000183
0.5422580169999947
0.7040840710000111
0.7133739750000245
0.5974160650000044
0.6741985589999899
0.6880885989999683
0.6295015660000445
0.619229444000041
0.6209433979999517
0.6288962550000292
0.6114688810000075
0.642264971999964
0.6343872539999893
