0.6120930760000078
0.6063604130000044
0.6016677360000244
1.007037266999987
0.6172095530000092
0.622503034000033
0.9340448269999797
0.9773231610000721
0.6475457989999995
0.6442666199999394
0.6410968589999584
0.7342823170000656
0.5052844399999685
0.48286066699995445
0.8416142100001025
0.8132997779999869
0.8697279739999431
0.8673391400000128
0.49655927200001315
0.4885453870000447
0.4898743149999518
0.9720803279999473
0.9804371960000253
0.9858403350000344
0.988536780000004
0.6565300340000704
0.6642819080000208
0.9273613490000798
0.9337223539999968
0.7245767460000252
0.7391398089999939
0.7807983769999964
0.791218965999974
0.7783906679999291
0.7786639519999881
0.7797858810000662
0.7897403219999433
1.0327637630000481
0.7720473740000671
0.7214310429999387
0.9538229879999562
0.7223427989999891
0.7128093890000855
0.7163734810000051
0.7204379889999473
