0.9887259749999657
0.8373042530000703
0.8459586310000304
0.7015451149999308
0.6979241209999145
0.6926407769999514
0.6103748429999314
0.5987904459999527
0.6237453779999669
0.9444350100000065
0.6768659829999706
0.6722047140000313
0.5874582310000278
0.6227151509999658
1.3305334780000067
0.7187602569999854
0.9397326760000624
0.9372313129999839
1.460871592999979
0.9511317820000613
0.45203044700008377
0.9683643260000281
0.9047793790000469
0.5802288829999043
0.5727098780000688
0.4332668440000589
0.8306558479999921
0.6591346530000237
0.8216053290000218
0.822775399999955
0.8265149909999536
0.675876105000043
0.6736275889999206
0.87899061600001
0.4682087790000651
0.48124070599999413
0.4861794019999479
0.6339565309999671
0.860446574999969
0.858042906000037
0.5870662429999811
0.824668627000051
0.5951285610000241
0.5233162569999195
0.5726417130000527
