1.4658127189187404
414.36184878555457
554.0108108641178
563.6884908238857
448.22419026079245
501.8519597736814
439.84197330294785
246.38985296440768
460.40074429630624
294.1941079997587
151.92615673932318
363.4626107976382
185.02793769946726
296.79293082172404
310.22509325076237
297.4613211869557
305.8811828232638
279.72918970701875
272.3164723035498
312.4972807877702
335.59304132264924
7.183552827876425
288.1083486401142
22.840575701079015
219.0477801371184
163.3194070190067
257.73971060781685
251.13401197407993
234.19547199250425
239.0321573434333
234.36171392871546
185.46614771464547
99.9394573515491
236.0606609786104
278.7593444622504
260.3064506885653
242.97500020364367
237.04207199730115
194.28677444089445
268.07926411643984
296.5171287092211
269.099740002632
19.66288816474642
245.64624826122514
280.9604960059447
