174.2357703729791
158.24658595466457
230.01019991520437
150.62111320890213
166.66559755629712
175.8189222146584
157.76448703873731
150.5943154174122
163.2534391168395
164.20837826861808
161.70304237298768
85.36810585599217
144.25287233003363
55.521466701563085
179.18401292939575
172.511809634868
196.57602716657343
179.01383989943733
16.31061600350132
161.31525942750918
0.8728183811909976
176.5247477125487
186.39582148877878
154.31868510480868
187.7342691774659
200.06987920233237
197.85197290655168
196.4222321412089
38.56648959433997
191.82485122082429
163.87851433999728
192.0691095764052
196.4175551741002
179.5754864576711
190.88153061304467
170.1639559708833
158.0209460662823
12.162147884750448
40.34775620392155
171.72739535613013
160.1279412945458
166.21500800859377
167.79041192321972
11.511084873944942
196.60214177365407
