121.22668555860687
167.9844640749709
256.57618241598993
180.37802507205592
116.06333479582607
183.23597561012437
231.04600743917837
16.782817116330435
128.11612039509095
19.40615488682336
241.12799996452924
8.271947317493428
112.5065332149268
166.98118291150314
149.66932033702363
148.52188617133223
213.92775712058452
152.7262388916769
134.19463123275196
143.46099555078962
161.61666051117106
150.2759576552367
138.6045249334425
130.06879314555363
133.7582582865455
41.58867838560637
255.7285421552518
235.85476313521224
286.0063989673963
252.35360484635297
270.06313414343686
15.255495065899515
130.50569207530836
120.76576011996488
130.66018457121814
127.63594486247952
112.47940379380134
133.75621603935502
99.79057893892929
120.8031416661768
130.08238112651938
122.05021505421682
86.18689664606552
148.17957638206096
161.9537292517472
