3.4292656587473003
4.268702290076336
4.268702290076336
4.334883720930232
4.268702290076336
4.334883720930232
4.268702290076336
4.334883720930232
4.268702290076336
4.334883720930232
3.4292656587473003
4.268702290076336
4.268702290076336
4.334883720930232
4.268702290076336
4.334883720930232
4.268702290076336
4.334883720930232
4.268702290076336
4.334883720930232
3.4292656587473003
4.268702290076336
4.268702290076336
4.334883720930232
4.268702290076336
4.334883720930232
4.268702290076336
4.334883720930232
4.268702290076336
4.334883720930232
