0.003928913999970973
0.09087862500018673
0.09670311299987588
0.12379293100002542
0.11711032199991678
0.11840696399985973
0.21173248099967168
0.12866658500024641
0.13500037699986933
0.08907614899999317
0.1057840829998895
0.10822791000009602
0.10956777299998066
0.10008948299991971
0.1009243419998711
0.09482657199987443
0.09422685500021544
0.13696578999997655
0.10367201999997633
0.10030395900002986
0.10313170900008117
0.10762993000025745
0.0943806880000011
0.09365471299997807
0.09365310700013652
0.10105995599997186
0.09214033399985055
0.09706582499984506
0.12858722600003603
0.1067211950003184
