0.09503995399973064
0.08861387999968429
0.09770397600004799
0.09775245400032873
0.09580665700013924
0.1492631880000772
0.11720727900046768
0.11528798500057746
0.12131128700002591
0.1018796400003339
0.10623991000011301
0.09294283400049608
0.1401654100000087
0.0953596440003821
0.08883057900038693
0.08902483299971209
0.10756236700035515
0.10314488299991353
0.1028205969996634
0.10545548899972346
0.10158056399995985
0.10303822900004889
0.11025965599947085
0.13391109099939058
0.13082866900003864
0.12919676300043648
0.12264679600048112
0.12988565400064545
0.09554652499991789
0.09197392299938656
