0.0002619830000005763
0.0014873249999993732
0.00047707899999949177
0.0004873889999998937
0.00048491800000149965
0.0005720189999998126
0.0006090839999988162
0.0030768630000004293
0.0005015270000008343
0.0008257430000000454
0.0002678889999998546
0.00151108299999958
0.00044717700000074245
0.0004873669999998498
0.00047136200000075235
0.0005279800000010937
0.0005678319999997683
0.0028766630000003346
0.00042268700000036574
0.000752134000000737
0.000270127999999481
0.0014191189999994691
0.00040778899999960316
0.00039640399999996134
0.0004647210000001678
0.0005123789999998962
0.0005022419999995975
0.0028305819999996373
0.00047985399999994627
0.0008106819999991188
