0.0003462719999998143
0.0004306579999990845
0.00046643700000004173
0.00041907900000026643
0.00044605499999939013
0.0003950719999998853
0.00041110399999944036
0.00039744800000107716
0.0005653749999989799
0.00040407699999889246
0.00036520099999926003
0.00045331500000145297
0.000464502999999894
0.00042663900000050603
0.0004532509999997103
0.000392616000000956
0.00040158799999900907
0.0004406839999990808
0.0005265269999998878
0.00037053100000150607
0.0003386489999996911
0.00041621499999955347
0.0005409130000000317
0.00041213499999948056
0.0004377229999992238
0.00042389399999898103
0.00042894699999962427
0.00037867500000032805
0.0005040210000011314
0.0003509680000011173
