0.00030611699912697077
0.0010604540002532303
0.0030858910031383857
0.004416052994201891
0.002802839007927105
0.07117064100748394
0.0014176179975038394
0.002763623997452669
0.0039052020001690835
0.0037617289926856756
0.0009041250013979152
0.001237328993738629
0.0014179940044414252
0.053216968997730874
0.0004556230123853311
0.0007208299939520657
0.048449524998432025
0.0006883379974169657
0.0010957490012515336
0.0008991820068331435
0.006141737001598813
0.0024644400109536946
0.0006966770015424117
0.003590790001908317
0.0005791319999843836
0.0008384470129385591
0.0015750629972899333
0.0009327090083388612
0.0019033099961234257
0.021680042991647497
