0.026693448999935754
0.03308029300001181
0.032085471000073085
0.02998348000005535
0.030867890999957126
0.029775470000004134
0.029174892000014552
0.029980758000078822
0.03025307600000815
0.03001297799994518
0.030073751000031734
0.03264838800009784
0.03119290799997998
0.03175958500003162
0.03269534499997917
0.0435239209999736
0.045689791999961926
0.07238417600001412
0.06920432300000812
0.028270466999970267
0.029990865000058875
0.03060090400003901
0.028698144999907527
0.029219141999988096
0.02905497999995532
0.02899005599999782
0.03034560599996894
0.02701459899992642
0.028721671000084825
0.028035068999997748
