1.0114852433807293
181.39259089986686
1.8243613987427107
89.15185599169094
29.066889793368325
77.01736086183251
109.4127967621133
75.92835627264041
140.28370430423058
112.98678942477557
101.99561926732729
91.63852008945051
55.046545913335386
103.08814737159597
72.709464437477
92.65375418575861
79.45912745126046
75.86645815007036
80.89297575105662
61.45710433683606
76.53950170571558
86.44930934848395
94.43497991430131
94.4051987738496
112.47352426736673
83.59120012253821
99.74992949865612
139.7430812236683
107.27224121531057
171.5392324365727
