58.35213440514075
27.818177791697135
44.88264158006553
20.053774902459438
21.84397332724928
50.15700466793049
80.68710590756632
51.77828451206903
10.041652769825307
45.685851600923876
53.50402773584334
54.737326600666314
52.332212997253265
47.62662111109128
48.462247182624196
53.31756367254008
49.13682424226597
31.554981892041344
17.619750175882032
20.121331324482608
10.26390597587209
39.125810369598966
52.78003076343361
47.56940115564258
29.316315596694952
21.565431816535092
73.16068797235663
88.34731997250066
58.517483623861935
45.2258535295629
