63.444633820531074
47.25768908796502
70.6796231104079
68.79047741482337
79.27755591111867
68.01224438264285
74.76887116771705
154.6992534535456
85.72011999840184
47.289614815326786
10.16699958944735
68.19738795529645
22.589924511582822
65.71520675756506
65.32297209534889
15.456761526632398
49.69956540714868
81.95234251573322
46.33589254616061
46.49652428903048
48.094532484475124
57.93810183254738
67.54297137541451
67.13041441140206
20.182526831472828
73.50945221357692
46.983527039626345
87.78337309789238
73.6466550910604
73.56912746984183
