83.26053342419762
18.53441245005934
53.0168790423427
15.355178574868257
52.79816431031078
60.59917106328736
45.90083800361326
48.39830803480602
44.28312450737444
61.430019590460375
59.617125917330775
48.260641158973705
55.41156609442314
62.78068226795651
25.684153167303823
60.68124745301715
58.66397241060001
59.23459997402146
63.9445066920011
57.93461876931248
20.729779645419807
30.290566910307977
75.50113628321084
15.831116740498551
66.47679644708847
65.62185356097909
49.659878463113344
49.80606418120164
39.435240746413974
50.14285812401223
