133.9163603336467
1555.341985057642
0.007536923939969607
56.583881923825885
1966.5283644097515
1747.4960510546152
2212.3382633672604
50.72171362260299
1984.528920312032
0.34320910628662726
94.40902894383217
1364.1273900836206
1596.0660668905568
1223.3521358543594
1826.3440284220358
1242.5090479583228
1347.1791691231183
1361.1964555242234
706.6817603090988
1252.1917063289986
122.03680419610903
53.021837585004725
156.5245095828588
2220.135473835446
169.35524972653752
2449.5819699326057
0.7402445607476389
151.97245053764402
2639.467410514023
0.8622834651858676
2354.1101819771607
2299.6950869061466
55.73797690302189
1461.4297024890243
1630.6233486107951
1255.398979063681
60.841771006125846
130.32255382940065
94.28984447781245
0.23836214185362872
1024.2727299893559
1274.440876642555
1199.545432818082
44.216919362721235
1385.4051127033972
