1.2557426341461877
6.1002925054129
0.6623159188282983
0.9050919198589328
73.99721020941516
0.9041717459334753
13.53247429290692
11.729628169264252
11.657551320309372
14.308513834373766
13.774934127343457
1.1004777755558595
11.631345568452412
1.366940781280696
4.557199055589954
1.914037210458513
10.345355513367489
1.5148435620310243
10.716741895689028
9.55892553073852
10.07468275276643
3.610622925210316
0.7688080966224837
72.95665989982139
73.16104212552962
0.8734413534801547
73.99238426006868
0.9476413978846414
12.555021709736296
53.32586887968048
456.2023775952196
484.8040145054726
1.1350486361211456
2.6985477145525554
0.820971941389801
10.66465345329905
0.2829687024915569
90.53169146006275
95.3600892850838
84.10897705845716
2.875772256487655
12.280217053249258
3.519533763925939
21.483599110064954
22.17393088705466
