0.00026103400000465626
0.00046523399999642834
0.00102383300000497
0.0007627970000001483
0.0009195069999989869
0.0007476040000042872
0.0016218869999988783
0.000427184999999497
0.0006576420000001804
0.000886197999996341
0.0003429730000021891
0.0004767949999973098
0.0009725300000056336
0.0008668940000049474
0.0009436200000010331
0.0007779289999945149
0.0017923959999990302
0.0005326449999998317
0.000655529999995963
0.0008998010000027534
0.00034852499999971087
0.0004846770000028755
0.0010439719999979502
0.0007918180000032748
0.0009392060000052993
0.0008030959999985043
0.001670484000001693
0.00043161800000035555
0.0007534620000058112
0.0009722770000024639
