0.000995991000003471
0.004070304000002523
0.014783831000002579
0.00046639199999987113
0.0005538930000028586
0.0006495000000015239
0.000400141000000076
0.00031556500000107235
0.00045966900000138367
0.0003566870000000222
0.0010092180000000894
0.00453859299999948
0.01596493299999935
0.0004012269999975615
0.0005314450000000193
0.0006377360000016097
0.0004198599999938324
0.0003913449999970453
0.0004182739999976093
0.00040250699999688777
0.0011273359999961485
0.00437310599999563
0.015386895999995431
0.0004798189999988267
0.0005081460000013749
0.0005627589999974703
0.0004004450000039128
0.0003426389999958701
0.0004522770000008336
0.00036811900000088826
