0.0006589230000031421
0.0005807289999992804
0.0031006269999949154
0.0029324870000024816
0.0008428439999974557
0.0027189059999983556
0.0009035889999964297
0.0006130339999970147
0.002387527999999861
0.000599793999995768
0.0006120850000002065
0.0005498519999989071
0.0032610350000013
0.003039735999998072
0.0008736079999991375
0.002717228000001626
0.0008257140000011987
0.0005896249999963743
0.0026211329999981103
0.000648579999996457
0.0006151949999946282
0.0006015880000020957
0.003161529999999857
0.002820863000003726
0.0007209159999987946
0.0028559100000009607
0.0008798369999993838
0.0006135949999972468
0.0022757460000022434
0.0006924809999944159
