0.00031242400000053294
0.000740790000001823
0.0008805669999958354
0.0003766430000027299
0.0004375789999997437
0.0004205440000006888
0.00046877199999784125
0.002496990000004473
0.00041623100000265367
0.009626693000001296
0.00034605500000139955
0.0008347549999996318
0.0009396580000000654
0.0004317240000020206
0.0004250659999982531
0.0004681140000002415
0.0005286629999972092
0.002524471999997502
0.0005001549999974486
0.010147188999994228
0.00038126399999782734
0.0008785010000025295
0.0009500239999979954
0.00040065900000030297
0.00047635199999973565
0.0004473440000012374
0.00046646199999855753
0.002528507000000957
0.0005018529999958332
0.010227775000004158
