0.007087552000001551
0.0004538780000018505
0.017771431999996423
0.000450294000003737
0.0003659479999953419
0.0006020869999971978
0.00939231699999965
0.0004209630000033826
0.0005311460000001489
0.002865788000001146
0.0072068559999962645
0.0005080580000011992
0.01760686800000144
0.0004788250000018479
0.00038137300000329333
0.000679832999999519
0.009707102999996664
0.0003992390000036039
0.0005867449999996666
0.003083916999997882
0.0073063019999963785
0.0004671899999948437
0.019405372000001364
0.0005333880000009117
0.00040819899999888776
0.0006727789999985134
0.009669406999996966
0.0003851829999987899
0.000697305999999287
0.003128909999993823
