0.0004977330000031088
0.002448284999999828
0.0004646780000001627
0.00036064600000429436
0.00045931700000068076
0.0014017250000009085
0.0015371539999975425
0.05952242199999347
0.06916424799999987
0.05644943999999441
0.00048061800000454014
0.0027898320000048216
0.0005031719999948336
0.0004289009999993709
0.0005403130000019019
0.0015696379999994292
0.0015610330000015438
0.05938990099999586
0.07044185499999855
0.05725115700000316
0.00045039399999780017
0.002637385999996411
0.0004601939999986371
0.00041623100000265367
0.00045971800000188523
0.0015278910000020574
0.001700820000003489
0.06095390000000123
0.07328423999999956
0.06062614599999705
