24.359474772911234
5.869551872314303
0.9488096330524938
0.9735464722257943
350.44465894465895
0.9109789839944329
55.775521405049396
1.653919628846285
133.58972222222224
12.287005212482644
0.06414440459142676
26.950244524771424
146.95544081086248
74.89889089502192
192.43008614976804
233.6387596899225
35.64709511568123
59.57883171580297
214.12294543063774
40.256667821267754
306.44957152274225
213.54055619930475
0.954281291066847
0.6192083288877408
70.88322580645162
138.7587343441002
0.9506066541458756
1096.2193548387097
0.9410269598857475
221.90387096774194
3.0957198790812854
27.85804450535579
509.2117414248021
495.1276459268762
138.90563070147846
50.45564690610126
0.8950397053746115
180.62516129032258
955.2228081740277
935.0
0.8865437297841524
170.99483870967742
472.33882663150956
462.2825806451613
472.33882663150956
