22.592395972992474
1.8024356615608925
2.425450747738724
1.648935929299857
1.9726042673257809
0.6185759958500128
2.333185072929713
2.1013578635456205
2.1248139074468817
2.5965546288936823
2.610233608941199
3.3962775253976765
2.72817865129969
2.3683802637061944
2.0124273760370914
2.06633070059471
2.1996430972346466
2.0833756982512317
2.532555899937171
2.1167417146970955
2.4016753627220853
1.7934265866679813
2.600847474340571
2.375577342665017
2.795794118697114
2.258729338715758
1.783704992190904
2.1150483011993226
2.60295934411564
2.037857209810297
2.6579005582015314
2.0750944890294196
2.438316991914656
2.4409912441429187
2.791643346364177
2.346902952545172
2.2459526956327367
2.080180444706072
2.961364990566403
2.2772193287452653
2.7490449797324517
2.5739866148716506
2.9016217426987154
2.2068887608588796
2.8637074930218356
2.3390937477975924
2.508975135774479
2.4985852756967444
2.3934800984785425
2.0326695241970643
2.1007300323537788
1.925481327382505
2.314273094167414
2.0139426078804425
2.4829144907554084
2.545579582139793
2.2665918149685482
2.0803470932758485
2.4152664790370912
2.184123530395067
1.9251828601422243
1.6125234694656703
2.56252646382621
1.9328442552365745
2.5025389961741613
2.8997303457336496
2.477722123891125
2.1720366062537244
1.9838730658718189
2.5108716084961977
2.4612244222070347
2.2843014808103494
2.319672710704164
2.3350395830556105
2.38608005019165
2.1498538610439497
2.569527108744432
2.358866703768708
2.304523758864693
2.3089052365590623
2.676011097521375
2.3467591606152967
2.7533983807120896
2.268677761103039
2.519773469842982
2.302773598402696
2.8237775080185914
2.3916110850206884
2.7776111253320357
2.474182186315692
2.4248377263629717
2.075001968746734
2.0952450895801418
1.7747890070602474
2.3875922893461996
2.2167139127931197
2.8377547437556876
2.29243008219108
2.414314633884631
1.9062511593007079
1.717458821535695
2.2140077484611886
2.311200467275272
2.2313602692995933
3.0788485738972624
2.125598594652512
2.0736937473996067
2.6668189184450313
1.773537210647205
1.915262280231525
2.0186814626753318
2.032574230185766
1.6787904946991332
1.9984310475579645
1.8392302578282687
2.45692281772255
2.1717279533173133
2.450248419840685
2.5610186510748667
2.6670356177827625
2.2935366984041874
2.452942840267898
1.8992353481224427
2.0851752032818665
1.8458797068236978
2.2892833056282695
2.4988747070410735
2.4249312197868282
2.189651424981882
2.1889871607441456
2.4794609087272996
2.7358674947332715
1.8313407542976738
1.8162158282678142
1.8862588341962678
2.2069989265431085
1.8240956340941794
2.3906779590050222
2.463248639907188
2.8680875827024885
2.1940513834000597
2.3525328242187267
1.7912779319356327
2.005663009699379
2.4096208000781383
2.0287745147608773
2.327618968935226
1.8091799673123643
2.514187865721502
2.5378616492091917
2.101406762741503
2.4055684070358727
2.2921027819558435
2.386310863337726
2.365774244153209
2.4403486520731983
2.2916344267515387
2.218731509819393
2.1304578617461383
1.9031449485056622
1.7476296896100472
2.4956468124605946
2.2918736698747297
2.4030787708041714
1.8359041734071821
1.898801249339999
2.2564503189226617
2.538040330510704
2.417833044788954
2.031804459003844
2.237989030758094
2.3139156687837987
2.329094712248609
2.6092089728448324
2.351892930041566
2.3710146674842383
2.249248028248961
2.080604965544855
2.01309464647705
2.0732186892366125
2.0747065376454095
2.613470461624491
2.0606289052056206
2.4472303025468767
2.279388020942396
2.2735431663290995
2.5181050955618387
2.3739080463791655
2.2090643340838247
2.1050676067602945
2.4773989841995743
2.3284393556875362
1.999530238840135
2.056078786088929
2.280033381160496
2.1759612160302044
2.536368974381744
2.417043279950685
2.3434561862091554
2.3847108920797973
2.6780321618100693
2.5023483446117125
1.8597541746528858
2.5547741613987838
2.2993099801955936
2.2338676244497493
2.1589284747283446
2.5318082113787503
2.332952982114734
2.3519763266570526
2.066959477670038
2.1510813339434165
2.4098635213164425
2.323032233922654
2.6030982727841128
2.5799399650050674
2.297132711426807
2.4159870439191296
1.9039556511466549
1.8113734316045793
2.189375615250886
1.7654036179834243
2.3617517574821916
1.8983251356102562
2.299200204777349
2.083574934648117
1.9454126868222907
2.1659964636624194
2.4102595632134047
2.431679380068665
1.90740168717262
2.414180526388226
2.387433144125791
2.2577211522257783
2.3541839045091533
2.150830209668482
1.9272325453698225
2.367198877197512
2.1919779098700825
2.0312930548215715
2.311198156403115
2.236946629684689
1.8573711628615845
1.9803993003355844
1.85021024982605
1.8568022821780934
2.41878840479012
2.4616436569865425
2.1569255167789203
2.488113122401384
2.3557906338354475
2.371958280982866
2.419785151420837
1.826216164278352
1.9048014513617553
1.9766125122172695
2.1755110982532746
2.3514598051964564
2.3556074968929352
2.3411000904026356
2.441118278022939
2.5252440735218498
2.6639854683468736
2.6482962454511374
2.099567031970076
1.8380423247128366
1.7756215947083478
2.2655017293741593
2.06429304702235
2.3626887971518666
2.217520734903895
2.496885230172734
2.1490422656478754
2.274361415179171
2.4107307478777464
2.4600199349115988
1.8904001039080656
2.149888613106485
1.8115841764749159
2.053684789385423
2.2261958862690294
2.239930994588978
1.9929800844052212
1.7777978453751344
2.277352559767824
2.0551510231079924
2.342209104347575
2.304755359232338
2.2978774795792525
2.545877016879149
2.294552032112861
2.286185628671679
2.4440825008987503
2.6342880427861872
1.9610146934669472
2.5487621433085814
1.7388643336557066
2.135187800561109
2.66387515418142
2.2257248611251184
2.0893085235634987
1.6258307473660305
2.115622295614188
2.0598204882799056
2.375492200626041
1.9851969133182548
1.8584228385823447
1.4715424451696955
2.5602790949563072
1.8446779581119028
1.9021163699884718
2.0271906971557683
2.265506509854921
1.9019778313821516
1.9675405997508546
2.1451344390001275
2.0399689418054567
2.2120459068081564
2.108638597302852
2.1382522704626568
2.153128130251818
2.2772289439070783
2.276133610638245
2.3577347154182027
2.15068294496647
1.8658579035762781
2.1059562075312295
2.3656192408326655
2.442129030801966
1.808204106396086
2.2772255065143354
2.8480518247292843
2.108351981344542
2.1324001288749517
2.114052018359318
2.141975288124801
2.272414088924556
2.2692125436795005
2.051609360009112
2.056262311327674
2.3030344412234256
1.7529429090273063
2.306857434148304
2.3015790401203113
1.4564262329401774
1.9839337483178967
2.409943016000977
1.939841135999726
2.4052533289198528
2.282506972347648
2.6255905079295623
2.423336317805484
2.4200605560496964
2.2028105143624965
1.8926111507248653
2.207492409655013
2.2471326836789336
2.2870456521056384
2.329197917500562
2.2570178077549397
2.338787881801127
2.3549796051353575
2.3469919578046254
2.1045967243196104
2.0356999872344375
2.1416369165683165
2.3421951906149414
2.2542967096291537
2.186670098361896
2.004985549206982
2.2992254034885713
2.4060194931086833
0.5011491109699259
2.392115657366061
2.0904598605918756
2.157200691154543
2.3124969500067327
2.3099685233869947
2.1298129070361393
2.636148137133319
2.2180832985467016
2.367332745540941
2.4953032524303054
2.686078145826547
2.307832653465784
2.5876008843936456
2.397324217060907
2.299767228401746
16.975005145902834
1.6009649455280228
1.9965137477721777
1.7952303485520658
1.5612083843926383
0.447075728838684
2.399653887254961
2.2377580191505033
1.859829757266292
2.0702683486410045
2.490046995322221
2.213472563176934
2.171048544461224
1.807667904052575
2.0233641119262358
2.4058734167502305
2.3649069211864377
2.1942713519098236
2.3151900462992128
2.2490765728585047
2.462230442421496
1.4459458758903068
2.2929368964159003
1.9478188442526243
2.3851410108217936
1.8571238183553622
1.634439111755867
2.168274099525117
2.335124858324379
2.3138096678787705
2.6937457297198564
2.216688972420684
2.63113633805494
2.2953701346257307
2.710341441469352
2.1348858731946785
1.9651375260809236
2.064900308590175
2.7122507929724304
1.8214070893148235
2.4838841732045895
1.9488993794780713
2.631440173117623
1.9439910654824515
2.7235403701882923
1.9845846941345882
2.8211528271618462
2.3562727148641227
2.0877209231923515
2.5582827932887002
2.301798306098414
1.9259157439498988
2.743255974955659
2.417678065201392
2.3995216746510266
2.516229004050791
2.3366164637920765
2.2127796070510297
2.588260528590326
2.1559925007784453
1.818603538275587
1.496462369443195
2.5858194577654134
2.5949009526763973
2.281226980462319
2.2272390776838984
2.647789744904835
2.1126934645359126
1.9018334691491716
2.2298297115908423
2.1658914364763953
2.05508898830796
2.2295868595854635
1.9356843988439218
2.3554300595254065
1.979272633455403
2.0550712456412414
2.2002057386990987
2.2643572948512634
2.131012498755003
2.5951521815045155
2.5147652020087254
2.4592721343633
2.2679517611025384
2.463914963529418
1.876175093442637
1.925076309076
1.9075707194229905
2.1115634171984756
1.92701541577715
2.032108738511558
1.7854917805631574
2.674701325157397
1.8942186780817991
2.1708535950440973
2.0224543560478723
2.1131713784702795
1.841158351635991
2.6530789607822114
1.7720808430109887
1.7381301452399351
2.0704474125045924
2.0037446559732652
2.039927290250611
2.1696862866808733
2.1773572421076293
1.8691090261862597
2.347192363818011
2.292829500128001
1.7778158608392984
1.8101240005617383
1.7633551133703838
1.843968402794894
2.1844553027938884
2.158097292689953
2.4395020070982922
2.155182901825696
2.4845939013074894
2.3897302879218616
2.2835268596083145
2.0630794287917014
2.2527395832925765
1.727036814685432
1.8415320801729946
1.8298438944897126
2.020172044719076
2.1867587683403014
2.370288966978602
2.30763271053899
2.440265383901121
2.0135893302361216
2.0793422856554984
1.7032717770534511
1.8711062519093715
1.8805083466922725
2.0748350987483586
1.715948755187377
1.7384874166482691
1.985301217064498
1.9042436549630364
2.0285368417778002
2.130663887002007
1.9926624007592406
2.1980334191239463
2.1320819775925273
1.8816633679523573
1.9034830834744108
2.146250319631205
2.0893719162555477
1.9205033370635864
1.766901932831425
2.4351249477792294
2.1531512287706756
2.2330592286928024
2.223089098673832
2.571738720367435
2.380593804547433
2.0801443000009443
1.9341298554024948
1.7604199330742727
1.507387471606416
1.8729490064039744
2.1333334072966
2.4256574034803147
1.8472886803967148
1.994214978422531
2.1809796379712343
2.5810355353091925
1.8257911554372825
2.189157861509058
2.15557753315987
2.1534226361427344
1.9113490981419474
1.9715224446868458
1.9060185299395962
2.002183861546774
2.16870440263213
1.850912965604366
2.3357381252124765
2.171635668079185
1.9806807727693159
2.1269935971903102
2.004158691495309
2.1017757622306283
2.0269317503347164
2.067405815252375
2.072568520095907
1.8636733185073946
2.3842195762216374
2.291442238942794
2.2301109184022097
2.245906279387223
2.0614532646189345
1.939729509269585
1.8049975945124592
2.1215331143884435
1.7871914172456036
1.8394575106387818
1.9682009383411623
1.8674426692144015
2.1667264810022493
2.145680759893111
2.275594706506106
1.8092663276213057
2.0316000965591554
2.042621062371934
2.1022700631489863
2.3653450838297623
2.023518984084773
2.130569484852144
2.0450625698640774
2.0658170226887584
2.130505865069333
1.7969909101585657
2.113644855028806
2.096969835815586
1.9071054551768822
2.0031245671506066
2.026638889342453
2.196734922217349
2.3935744029067934
1.9109668304474645
2.005929864990162
2.1882872740132013
2.280068475844075
2.0040565025242265
1.9647436871477126
2.004531813503436
2.1896334174531016
2.45920921668034
1.9039515853301379
2.420205840694873
2.367157737392937
2.1723057482862966
2.0116107674303843
2.3128786164385704
2.039635709826077
2.2995326760037904
2.3769683110928477
1.9640914425496712
1.7872682183893391
1.9446719590161574
1.329895469677846
2.352666817887191
2.1538387384417113
2.123722479407896
2.282419063509201
2.454097189846343
2.1084327664697096
2.0788173990763523
2.1229100052558656
2.396549286939905
2.3698704382719895
2.025751239447085
2.313595016177602
2.2352437168046033
1.8979946912718026
1.8923242436903502
2.2368447521660957
1.9394925049169274
2.13332922378007
2.2706395052915784
2.081920184042138
2.0438563491498223
2.083790810620875
2.0039850608338923
2.0668902734745553
1.8259539795404631
1.8428576422786698
2.125795219623289
2.037396947115543
2.19398150111451
2.0266997289024915
1.8009536467253437
2.057857978217237
2.1453229543935306
1.9378480996060776
1.738330908004462
1.8328574743401038
1.8521469867328644
1.7650329726185623
2.342001750896425
2.123688661792108
1.945948842156036
2.149392107100709
1.8837594582096844
2.2852175566206494
2.1234293443257495
2.237648188023717
2.276446323638509
2.2069243614766028
1.861442014275244
2.151641501612321
2.136057435874508
1.9141575352738238
2.3744126699415617
2.032052709192952
2.0663509659400936
2.2283946602103746
1.9915298110742394
2.3830302247071526
1.8460533725834825
2.0627426408708622
1.9581284216949542
2.273697628412636
2.2201650784410005
2.205685307637054
1.3228314067311286
2.5568577407519903
1.824077226143129
2.010593039529983
2.121591166392668
2.167627970166712
1.7690458447792325
2.093441248269625
1.8942705417595513
1.9132672524090133
2.284405579034792
1.7138243827384327
2.256431222407487
2.171223470499683
1.8142914352428514
2.290569988368873
1.8158355370595498
2.026090855554433
1.7955388614191128
1.8988619979578738
2.3239195173289806
2.217367214630834
2.0326140942170667
2.379719173441764
2.38542679516389
2.4506433634699345
2.3355811955784396
2.253018814938869
2.1713185423622647
2.050355301929562
2.2511970910999497
2.1569715996708045
2.0677120456180327
2.00388107618917
1.6001807620095658
2.096058264228379
1.679382572876395
1.2860404307927087
1.7613443538232576
2.004003347596514
1.8018581821563873
1.8562620522841304
1.8948509425325168
1.8945926243965567
2.1866230263356456
2.360154462867256
2.021606477930852
1.5319164235025458
1.6661511681647256
2.2275380037661527
2.1678808230902322
2.235221026778137
2.106960246960165
2.145073251618914
2.317059537266737
2.1824664967203655
2.040395632966956
1.562314349568153
1.854535135129422
1.9948210974821106
1.7969007111811848
1.7808288654668578
1.8180179969199932
1.9806674447505326
1.9640989279071477
0.4665669008323052
2.3980170500928844
2.569318861572402
2.006015255206748
2.0579428729856515
2.1098787137270683
2.0825331944864174
2.284393173156674
2.3171091940115898
2.1960960387065587
2.3799911367765354
1.971200771832836
2.162170515415954
1.8491328234446098
2.0953485390501534
2.009538330569042
17.35781934935913
1.5011088386301221
1.930160221730336
1.697561126810868
1.7109573867751384
0.47078775487682895
2.3226318713608243
2.2161381183530096
2.1670308778227474
2.1275343315639814
2.373054519654633
2.013723834680931
2.234568820393325
1.7646302400416112
1.9129423054877617
2.017797969060336
2.1258198217434647
2.0752021416399318
2.572783081992897
2.3074749703972866
2.352416739042086
1.3868171788073071
2.0346992865474602
2.0119349986722863
2.2265906686277717
2.127186877826394
1.5195805417816428
2.0175739005051496
2.4630805855399043
2.290431777354156
2.584790811447614
2.0573375626788986
2.39145235763264
2.083358486232827
2.652978545852344
2.082273103642194
1.9278131692188771
1.948568813498298
2.7040675681792887
1.8952373504753983
2.437724217001511
1.9702465214510756
2.4618687090871467
1.9993606108760282
2.3527618830107686
2.2641265260169097
2.1618741529897543
2.2631035005023312
2.3708074975832836
2.478658798858301
2.0798849437457667
1.865093153295002
2.3469735849048594
2.1573835698992743
2.3156134774302393
2.4430365967823393
2.5020550541540114
2.2847550526517066
2.5351524287831104
2.353544454749283
2.0402110878295043
1.4715693454118666
2.686918862323835
2.0669093135214194
2.445565890420963
2.2633737279710555
2.5541080849109403
2.0117221433759185
2.1109889000705078
2.1306277301549716
2.254893313145315
1.8531951622102687
2.0833350525441228
2.1746967591705615
2.3347674642440164
1.7856363256532073
2.031562409663201
2.471729158554651
2.1307394919414233
2.2623314628010425
2.191387491388447
2.073569332379295
2.357536448166762
2.187043243185771
2.563593780091459
2.038853277955831
2.0856179808897
1.846240931761257
2.1888446482181267
2.0093925019622447
2.263812452078001
1.8606132482422326
2.272717699737327
2.3058481701781113
2.07512773424074
1.9335997143077512
2.2176581922341145
1.9486272737133492
2.7538826226774242
1.686954305158995
1.7919888388743288
1.9943120914979597
1.8918632731612173
2.009606694688394
2.0876112588478066
1.9882995136723172
2.045055569760302
2.5265636263221607
1.8958512798433151
1.8546359850157634
1.8105290999996828
1.647283573388236
1.7787948218001521
2.373175335625453
2.030524936405177
2.216597088647618
2.1046746301109556
2.246854174427969
2.3177306545172334
2.127482641393775
2.372010417886475
2.516967513713616
2.2278238275379025
2.130721972589361
1.8243257730050968
1.9660148136146747
2.113468412054455
2.0695047671386564
2.395831650553282
2.271288512504205
1.9250786517357859
1.9999027331970558
1.8133194238728578
2.0473113535021477
1.2172314632734813
1.9654987218932911
1.6436921272048248
1.9191859655134016
1.8614745159721462
1.9449226442305048
2.2382465623584946
1.8289160682594792
2.128421947829159
2.060696805267962
2.2359770074796548
1.7007559271286081
2.191910924089639
2.3075519349090374
2.0253897811652743
2.107507124415452
1.8339564195694256
2.2516996225339283
2.0657911318445947
2.2527176499809203
1.9843329213268173
2.228169853407655
2.166331322060209
2.2462661294392055
2.091204089321132
1.9032253353685376
1.6046538790833773
1.9214708383638617
2.488018263797281
2.2395476755077484
1.9845764141636282
1.934064330739534
1.9727380781513386
2.3626538350266335
1.9225072428775463
2.117004197535973
2.0133079244438075
2.2983149405050907
2.086711732826503
1.969279087036352
1.9506819610275756
1.8009063905463942
1.908606168649917
1.904708121189317
2.0583630950516154
2.0930104460193544
1.7144753368055612
1.6785733254488306
1.8491569964581145
1.9927511771663906
1.9967908129645355
2.03368928566523
2.3226739882348877
1.8860803255699357
2.3731989002420897
2.095688962061364
2.23149081054676
1.9430966079262648
2.191047416483038
1.7329761182512937
1.947504247405059
1.9219754392715662
1.901773730220776
2.083212690950537
2.1393942662669834
1.816871653604549
2.0309886843229403
2.2936528443057673
2.1252560204854354
2.040096120142292
1.9769391384310648
2.0472155344813463
2.093005958970914
2.3694745879300854
2.083864721351287
2.0939400174994316
1.9122218663043902
2.0461179333667587
2.095387920361908
1.91488331656162
2.0662540261045246
2.2093950553533177
2.2231343746504804
2.1051341084653608
1.9130594074799119
2.0672014705608004
2.3148097410210005
1.9815348731341493
2.24264749724136
2.030483293138574
2.209481013009952
2.23127792964467
1.8151799866941738
1.9654617737302855
1.9849074345920739
2.316217648378829
1.9762803941747995
2.3342561965784574
2.2075514253643087
2.190471319698075
1.6823192800906523
2.3305047698933947
1.8668550851624626
1.8935086528666925
2.324110233650406
1.9994944400065628
1.8304941119813314
1.9594780339866298
1.4815005609014138
2.243059799078938
2.336710072672273
1.85856154759846
2.3117753069211773
2.2999886339847215
1.8734637902850455
1.9286641144699657
1.8930546047560959
2.233659593783331
2.196816549469743
1.9486140132939138
2.270139564117157
2.0264225360195782
1.8878194558457544
1.960864403571414
2.1885722598680757
1.736060752761518
2.046688766573723
2.170516484320651
2.282257953100277
1.8986431535670196
1.8434145080744537
1.8783923732263632
2.087595124553928
1.8928533098959839
1.8332106458870727
1.9333669057992309
2.024643029680197
2.204853288077333
1.976019646395325
1.929148206989413
1.9994735729855715
2.215966893294298
2.1950267090386912
2.1222877592927816
1.7362386318579188
2.0378874380340615
1.8790826953998945
2.1334301329946386
2.0474170169835872
2.2482584845480673
2.294246415666341
1.811928653394079
2.270350802784913
2.132752941469807
1.9292022339340538
2.4597157382262362
2.0884858246346596
2.2839718070448574
2.3949086570883042
2.3658047366215693
2.0704504864503654
2.1866758630901346
1.8709636620014902
2.3984177419639208
2.260187412709228
1.8327920367018498
2.1264901073582987
1.859774459934423
2.378310002753657
1.9336860624206398
2.1318728478794644
2.122221621527742
2.2693825556390452
1.2891215855005111
2.290392904418215
1.732254134477912
2.1531876327031765
2.1187432972190723
1.936512006845024
1.8250611861665995
2.124711498405815
2.01086780538735
1.7013388452583627
2.2126056601837343
2.0129397731280587
2.0543266040047983
2.0773209699657276
2.1973819143039477
2.1889818601963142
1.8801779723799075
2.2815643027168924
1.6546759937297777
1.703079882122178
2.4985512598940827
2.0025152852393027
2.010432328738035
2.257388680790447
2.2465041782915103
2.4406466657690347
2.25519266821364
2.449617747447373
1.7315581212032094
2.115300889108007
2.1226661187670257
2.191492818314988
1.921859889277647
2.02900648229494
1.403370883958074
1.9420847324090527
2.019789503216631
1.4321425094548308
1.9914901083977126
2.0865205712252384
1.8819617034347786
2.0931818350258764
1.8647823111646837
1.8428981957795374
2.0837059646703033
1.8076625942843878
2.1555542361801883
1.85351555456133
1.8010773626862258
2.2480485372685193
2.0460183373180696
2.180258765374393
2.072491848265555
2.07765425104991
2.1501542401761293
2.1326940668488916
1.8757718991945191
1.5420460515228582
1.8038010230680472
1.9843755166430197
1.8603996690203806
1.7778186401535876
1.725628780501625
1.9279922043226865
1.9780419451562135
0.45170069752429826
2.313510260267412
2.320966479668689
1.9535826158537974
1.9304598550280025
2.119351226646621
2.372591510431309
2.3617172881024535
2.3712342105483737
2.111804684686444
2.3644678495789915
1.767323967266076
1.9315666266890512
1.9167808684819776
2.072513653624672
2.0194906065227056
