3.0807403903430393
4.641273127183336
190.81063829787234
183.02244897959184
190.81063829787234
183.02244897959184
190.81063829787234
183.02244897959184
190.81063829787234
183.02244897959184
190.81063829787234
183.02244897959184
190.81063829787234
183.02244897959184
190.81063829787234
183.02244897959184
190.81063829787234
183.02244897959184
190.81063829787234
183.02244897959184
190.81063829787234
183.02244897959184
190.81063829787234
183.02244897959184
190.81063829787234
183.02244897959184
190.83882978723403
183.04948979591836
190.83882978723403
183.04948979591836
190.83882978723403
183.04948979591836
187.68031914893618
180.01989795918368
187.68031914893618
180.01989795918368
187.68031914893618
180.01989795918368
187.68031914893618
3.5377254110293688
191.54282711508145
8.59079024849841
187.03692307692307
191.25432616675405
187.03692307692307
