0.019607314010499977
0.0006399600097211078
0.0008534109947504476
0.00047432399878744036
0.0006746870058123022
0.0003224560059607029
0.0003019230061909184
0.00033579599403310567
0.00028501499036792666
0.0003044969926122576
0.0003226160042686388
0.00035527801082935184
0.0004730869986815378
0.0011173109960509464
0.0005104080046294257
0.0004872850113315508
0.00025602900132071227
0.0005166289920452982
0.00039831799222156405
0.00037196998891886324
0.0005318860057741404
0.0006750100001227111
0.00026660699222702533
0.00036628400266636163
0.0003251960006309673
0.00032687699422240257
0.00043854799878317863
0.00045750899880658835
0.0004663560102926567
0.001744481996865943
