0.0014329050027299672
0.0008556209941161796
0.00837107999541331
0.002294749006978236
0.0007580309902550653
0.0005828979919897392
0.0014015120104886591
0.0007211659976746887
0.000952868998865597
0.006906508991960436
0.0010639380052452907
0.01814960699994117
0.006159643002320081
0.0004553070029942319
0.007269655994605273
0.002459010007441975
0.0022573189926333725
0.0026709499943535775
0.00043466199713293463
0.0063813169981585816
0.0007096320041455328
0.03830203600227833
0.0034358449920546263
0.0009277669887524098
0.0009378940012538806
0.0026406649994896725
0.001714465004624799
0.0012099739979021251
0.008593229998950846
0.0024033169902395457
