1.2238643709345016
1635.8492917062379
1844.665057737219
2170.6753317231887
2137.2431685665056
1628.156737646477
1400.6251069387183
1447.6054011620772
1673.6592832257957
1655.1075132796068
1802.510429952415
1018.7897997261193
1512.983097294047
1681.0324962882794
1550.8934449001645
1424.4423616457316
1765.165765655845
46.011798352543295
1072.0372459766284
52.71968241283517
1153.5442065896348
1091.4920195038287
1111.0557238175388
1029.7772203039738
1145.8746177616665
1097.5074351818714
492.5985104737567
413.3765265255513
1136.2877025520463
1140.5192321202708
926.5021510034683
1169.2330064104665
1312.4649830005326
1054.5724755115873
1058.3327464475735
1245.5791542650618
1346.7079680386857
48.54386563485631
1012.8201839053861
985.0238669991104
1084.4382388859967
1240.1533538463686
1024.6985351753754
44.23813939629218
918.7652788724761
