672.2846013127046
498.129647119288
528.787418915974
535.9782460149795
453.1914036519993
537.8723633025882
522.1500911350619
616.207476270717
577.9358757542375
493.26597232562494
501.0132466047011
36.63175727035949
754.6124333088369
706.2253743641209
747.6424559962051
778.4973671635273
785.3401483452931
928.5400200763395
693.62720399401
38.11932804954268
675.0692097701633
600.9261374161914
711.277013057917
802.8727568310661
650.6462742204783
774.940996486155
661.2991504582604
537.2957111079297
110.65714378341866
812.9556875561664
898.6589260708594
801.9880905075959
876.5944376183261
773.4793564538522
799.5341548208418
840.9774615165378
744.1967004614606
848.5480092787125
973.4656419829286
736.1198995380639
95.73931633436955
0.46207747005341654
110.65691571115757
801.7036799284829
745.1803847690935
