2.9520696829590247
0.3612576675030722
22.233282851386974
16.355567181889842
22.54369799444836
23.873754263844983
0.8115555039168856
6.768561391191487
21.22390292233771
0.7778080844210341
23.54868646523518
3.2559463120678873
21.420509607560003
0.3482615028303354
20.689600630833635
20.715832665588902
20.853693156731058
22.17224585143143
16.433271982127568
21.87132023023402
0.3410399309151192
20.583958622494713
6.355144401784036
21.241529748128663
5.167966320594863
7.899573814878368
21.74423732416206
7.517308341149054
5.051749576593813
25.734305752767412
4.300608109089997
26.703131899041566
2.842560250399672
1.8947887590440844
17.169045264466163
20.487212481551488
21.653266443644615
21.634782672090388
3.1434472546009657
21.072051369146532
26.772038373725497
1.8676971901566795
18.93007274333775
21.151678315568383
7.375239185014226
