17.307408577304418
17.933177142064597
17.32484736952306
4.787876306387974
14.405981712450624
2.0717330709618915
5.461010314109241
17.326755136731624
15.737183736849252
2.413001838867418
2.683278575438707
0.7069608342486432
13.96917729541881
15.22824090675072
13.268351689041003
0.5846364233403096
0.7073965790859058
15.491496920583783
0.2056369587008621
0.6301741241083268
13.351805180722746
11.442715368407159
2.198055246323268
10.707446418416644
11.024684034864658
18.079505084291277
0.9317524404091586
10.149878864172626
10.193295512839567
10.701949947301348
10.654710387875031
10.405754166714596
4.503399296806532
9.577595549961934
0.665264758950338
9.65508744532616
14.984769202604381
0.8920899517756647
2.450004935807753
10.339165324902023
12.278629839270122
10.285078163607093
11.13527954398311
12.23942856001479
0.139943379972894
