14.790949461162741
81.04655525833645
18.44368499529343
49.85366591493607
57.45445264551503
1.4612115269472319
14.519048414708056
0.5415622291131137
0.05593122770049779
11.120860591586453
11.236863429920454
11.318960132574707
10.35691044184759
9.502771627000557
3.1532443631462868
16.94135805298696
14.832002212768398
15.046842414401192
2.6645783381142527
13.935489793345162
5.034555719960578
15.929199011241431
1.4985490950687488
3.0356249329558036
16.11827234227384
130.7605398799027
0.4420597686557744
5.259069728406077
13.183236416154703
14.813875753157495
13.848306949299023
5.205274130258627
2.6046244690182325
14.525652589943068
10.651348447841375
13.88629336797322
12.84625546598068
11.940799092118263
0.9089834669763911
15.917743518757499
18.21374246001765
23.426584027838558
539.0447309775504
526.6422107317645
0.46307584988160483
