0.5952230376813041
21.510196715921612
1.0772136736647517
10.057450570892199
10.727085076091067
10.905771495859366
10.106030900783624
10.014221444568346
9.766553799370957
14.423981719683082
1.034045898915525
12.626244750799104
0.0672301127905471
18.621535627553847
18.598382210209028
0.6245191797014555
12.220539985750287
17.967881260905397
16.83338752900375
17.59872756395971
0.6594655945670359
0.9743901187098977
186.13313608983182
616.4346752362653
0.8017585434583884
217.2503847207367
219.22745822294905
1.9653781801741188
16.24272493241625
0.675954808356538
11.116394875336923
0.9411834715858032
14.441189448268354
64.99814101421913
0.9216591510403003
227.46919305283058
228.49182879224435
0.936845920101713
13.86004333495564
30.8629578618236
203.28841699449333
237.5561616166364
209.76955568447408
230.47299355438773
239.33399824226822
