6.912891172024509
3.2514103555764
2.704695178636208
3.6014519921426023
2.552106792890045
3.9351358470414493
12.248602561093412
10.3437531109983
1.070227705741282
1.213424093791651
12.25646822204674
12.763910534356029
2.113185783097747
1.338253596048079
13.03347485508683
2.5096176073388516
12.631245854644014
1.4467985968564294
11.937373503498716
1.2432092648093986
1.8396333259439606
3.801355805199856
10.849317699068013
11.395653604705196
3.2639471295736042
1.8143087802901896
1.256954435612038
1.3664076996429797
4.588032140776561
11.954369315632484
12.754397413333896
2.0294718993391823
13.698946551671192
14.566374488995422
15.29541047474683
14.479861880815529
1.2711467943227654
14.117420566596968
14.323620086189846
15.066158287917716
1.367917466444383
14.159997351489714
14.54530757213487
5.758465414648324
12.368584901332282
