5.453027433531499
15.968380709084833
0.7292887663622609
2.0224098917450246
89.1800514244233
97.1727524193347
16.59633989476587
15.169991794620504
14.673080051485123
16.403060104201305
16.06220072523717
23.158918018595003
158.53598925619616
169.66883133739952
145.36562094069006
1.2878894319137644
14.61000401966908
1.3721889497412543
11.086595962724251
13.221852522277207
11.88670837154536
1.794058927197537
1.4499985817691114
1.2987598478228473
2.1865336559987987
13.115710895756381
15.983770183884392
0.7501483398158586
56.037026237683456
62.498230555726465
3.6125885733577556
70.93113770524418
12.733752976387121
75.4207230174611
9.806679428222475
2.794786360659976
0.4953608613383086
6.700549079711272
4.337982187261732
11.74261220959528
2.606038178275552
6.565374137206141
12.555852025860329
0.28077828263778026
5.862751243221711
