63.77878628286249
0.9341128015561236
9.827272834597279
9.436983999625937
8.809524561056453
0.7196298489846892
10.643076789824178
2.371770051586016
13.284004907037467
12.923714759511391
0.5241099307496213
2.6572372696463886
2.422516544162804
4.808096344304947
3.4161691260548435
2.0020610175609295
1.351908089542811
11.243203789131371
11.719115611609187
10.376639184370553
1.8810396036406216
2.3666722521406194
2.1781343860673226
10.703730230893571
0.7350848212550536
11.712999078905687
9.456824345986277
0.7430728173966733
10.177247004051784
24.159060948684143
54.54227765170361
5.475826590777729
0.1740841012714302
13.69718767665044
4.975200376475998
3.956450405995954
14.981079051002855
0.969696439815246
14.42175507020655
0.8008033366638595
12.690702540173548
1.3357978164373105
0.5945946732972184
206.1511062962225
0.5753749661668169
