0.001051969999934954
0.003829179999911503
0.0004380479999781528
0.0018532010001308663
0.0012281730000722746
0.0005857700000433397
0.0003872149998187524
0.0005108430000291264
0.0006254140000692132
0.0006811480000123993
0.001968056999885448
0.0027504180000050837
0.0019864220000727073
0.0007337590000133787
0.0007794969999395107
0.0017420169999695645
0.0011467189999621041
0.002344282999956704
0.00173082199989949
0.001925928999980897
0.0006251060001432052
0.002752132000068741
0.00048731799984125246
0.0011210449999907723
0.0013971359999231936
0.0009415409999746771
0.0009317539997937274
0.0015056540000841778
0.001062788999888653
0.0010066350000670354
