0.9999616814193202
140.18991416309012
3.3983067929852853
184.22316043425815
167.88939051918737
69.16324626865672
20.531666666666666
20.251612903225805
112.55795454545455
28.87103825136612
13.034192530247239
21.790945406125168
11.920055452865064
202.01352569882778
211.159757330637
110.18755477651183
58.76119402985075
55.80858085808581
56.91350710900474
123.42822677925211
14.219463470319635
75.92266949152543
122.18009478672985
47.07879924953096
52.41408989480395
119.02219979818365
110.39592908732764
48.05188199389624
56.14810426540284
8.325836216839678
