21.314238952536826
9.066064470421537
32.513983840894966
29.996483001172333
5.719633478600961
15.454383886255924
20.833333333333332
154.86025943396226
20.53012714206744
24.176742039686204
1.9354616286285595
49.129629629629626
34.55683337790853
5.070877127709051
5.7580448065173115
60.22614348734618
0.23591008538769415
20.788530465949822
0.5491080457910279
93.49823855057876
0.3016969573452898
2.9043926185893807
24.134340328833044
45.24258355238453
9.616283452695063
0.01651366937089796
55.78549618320611
131.09085051546393
52.66105769230769
10.43953394937726
