31.519012944983817
12.866306829977164
20.91943254817987
7.632953598221729
18.383370535714285
19.93002569677802
66.74231523871812
9.103877873311108
7.878618113912232
35.53367196460757
11.686768950326599
3.9012620192307694
29.549334811529935
29.503003097932606
0.9340854354164025
2.8624016384607094
58.772401822521154
76.64552590266877
6.914479799785484
33.556970509383376
21.875943000838223
28.27665544332211
33.69154557463673
7.4994609164420485
19.678100263852244
1.1641867624422781
1.0683333333333334
35.51779825822271
73.98553121124432
12.193237276318847
