0.003052135999999983
0.0004883069999999101
0.001552871999999983
0.0005078279999999324
0.00044357000000005975
0.0004047560000000061
0.0004995130000000625
0.0018212140000000154
0.00043560899999994795
0.00045133200000035956
0.0004019360000002692
0.0004439000000000526
0.0106075170000004
0.0005165830000000149
0.0004175230000003083
0.0018764319999999834
0.00044620900000014174
0.0004053239999999292
0.00043363699999998673
0.0192359849999999
0.00040440499999983004
0.0004599119999997292
0.0003963960000001876
0.00044884899999964034
0.00042497599999968827
0.00046922199999999137
0.0004409439999997211
0.00048227200000017234
0.0013222960000001116
0.21480539799999976
0.0015395369999993136
0.00041538400000007414
0.0004817519999997799
0.00046048399999953915
0.002720932999999981
0.002144858000000305
0.00040453300000020675
0.00046438499999990057
0.0004454759999994451
0.0004476420000001369
0.0004048530000000383
0.0004924429999997315
0.00046682199999992235
0.000489050000000546
0.00043764200000051545
