0.009119246000000025
0.00030812000000057793
0.00039158900000035857
0.0003634120000004515
0.00037244900000033
0.034714385000000014
0.002304689999999887
0.0003018049999994332
0.00036468500000008675
0.00034927500000048184
0.00033098200000036826
0.00036696899999988375
0.001125041999999965
0.0024189910000007586
0.0003357399999996957
0.0003742610000001534
0.00030098199999972763
0.00031166000000037997
0.00031799499999962677
0.00033167800000022396
0.00034271999999990754
0.0003360980000000069
0.0026162830000000525
0.0016930990000005863
0.0003508949999995181
0.001779359000000369
0.00030919800000006603
0.00031911099999959447
0.0003039639999995458
0.0003405839999999216
0.0003245910000000407
0.0003017270000000849
0.00034685700000025577
0.0003017759999996983
0.00032707700000056406
0.00030120400000033243
0.00029391999999983653
0.00029455800000022236
0.0003177910000005113
0.00031239599999999257
0.0003679090000003882
0.0003722179999998687
0.00032536800000038113
0.0003279200000001481
0.0003145770000001491
