0.0009700649999997424
0.0009195840000000288
0.00034050399999951964
0.0003027009999998498
0.00036167200000036814
0.0002957150000000297
0.00035035099999980446
0.0004060839999997512
0.0003386330000001436
0.023007144000000146
0.0003262989999992527
0.0003101890000003493
0.0008194189999999324
0.0003563429999999812
0.0003159429999994856
0.0003509799999994456
0.00032550300000000476
0.00031646299999987804
0.0002958709999996145
0.0003378989999998083
0.0003467509999994789
0.0003622490000001477
0.0003240220000000349
0.0003360489999995053
0.000336730999999979
0.00030699500000075375
0.0003023850000003492
0.00034138700000063693
0.00031595100000014753
0.00034096300000019397
0.00029318899999974946
0.0009561900000001344
0.0003076589999997381
0.00031770699999977836
0.00034844500000019707
0.0002801070000000294
0.0015681609999997903
0.0002780819999994577
0.00038278899999966143
0.0002787429999999702
0.00028066700000017875
0.00028079400000002863
0.0003223920000001712
0.00030843600000007854
0.000379280000000648
