0.06743893900000053
0.0259929399999983
0.00021743900000004146
0.00023179300000109038
0.00020714500000096336
0.0002861949999974911
0.009298350000001676
0.020734343000000877
0.0002172300000005123
0.00030121400000027165
0.00023109400000009828
0.00020872600000032548
0.009037161000001959
0.0002667480000013711
0.008888117999998002
0.00021559700000040039
0.013273978000000852
0.020297651999996447
0.0003205240000028198
0.020125026999998852
0.00029680299999768067
0.0002166939999952433
0.00020911500000408978
0.00023264100000375265
0.0002497870000013336
0.021315522999998393
0.010611212999997122
0.00021114399999788702
0.00021421800000354096
0.0002100150000003964
0.000245982999999228
0.0002090509999987944
0.00021487999999436624
0.00020734499999974787
0.0002848720000017124
0.00021391300000317415
0.0002135129999984997
0.0002069719999937547
0.04531860699999868
0.03331936699999716
0.00021205099999832555
0.03514627699999551
0.009594028000002197
0.00025129499999820837
0.02187539599999866
