0.04917226100000249
0.029908218999992187
0.0004475870000106852
0.0005415459999937866
0.00046075099999143276
0.00046010799999862684
0.016730280000004427
0.0005017219999956524
0.0007260869999896613
0.016923409000000333
0.07862158999999735
0.0004153160000015532
0.00039593799999693147
0.030389328000012483
0.0004985669999939546
0.0005099250000029087
0.0004552850000010267
0.00042104100000983635
0.0004800459999927398
0.0004704770000074632
0.000506706999999551
0.0005265180000009195
0.04342760400000145
0.0004931969999972807
0.00039370300000030056
0.0004507479999915631
0.0004409379999970042
0.0005219659999937676
0.04236011199999723
0.0004723360000014054
0.08779146799999182
0.06432061700000702
0.0005257319999998344
0.0004673890000077563
0.031017466999998078
0.0005616040000120393
0.0005153259999985949
0.04593339899999194
0.04828305499999885
0.06815453400000138
0.00044028899999659643
0.0004582119999980705
0.00043340300000238585
0.0004962689999956638
0.10500100100000509
