0.015161667000000989
0.046759483000016644
0.0004777929999875141
0.0402257890000044
0.015604232999976375
0.013603579999994508
0.034988152999972044
0.00038408799997569076
0.02892307300001562
0.033003476999994064
0.06895117700000242
0.034586987000011504
0.00036935299999640847
0.0003664070000013453
0.0004976650000116933
0.0348477960000082
0.04577268599999229
0.000394321000015907
0.00039041299999098555
0.0004188009999950282
0.0004746240000201851
0.0004366660000130196
0.0003681709999909799
0.0004239799999936622
0.013367782999978317
0.000464520000008406
0.0004199779999964903
0.011204517999999553
0.0004116069999895444
0.06485752199998274
0.0003866039999991244
0.0004275329999927635
0.03337880099999779
0.00040680399999359906
0.016566936000003807
0.00045746800000756593
0.012973449000014625
0.00038341399999808345
0.0004051300000185165
0.0004802100000063092
0.00047460499999374406
0.00040538700000070094
0.0003910579999910624
0.015247259000005897
0.0005202349999819944
