606.6882923148977
6.379353517807473
8.788721460393626
435.36073616825877
2.7838091834532075
512.2763525955754
533.8879218356866
575.9495443222138
6.584507730434591
5.649730450080761
1.6318238719891707
2.1414308184776285
604.9840245952536
583.6808876459152
2.612862804235315
8.48305044560856
531.2245628766497
517.6771955596407
497.593105799382
441.92572126130233
5.3054971871840095
712.3463377247427
596.0240820269422
698.7277132304812
11.73771888071131
616.6214654475838
2.8518908088241304
625.8504299250816
519.1500558259604
588.5560308067611
6.7497157085348745
362.50490186389146
358.43014036056707
291.5844988394463
320.42536779573084
335.23086752864447
338.0625180039875
3.5041162239235324
598.4927652257476
8.477064161564366
595.1268694235653
473.6147595752851
645.704063879242
3.129060068886647
499.62501663376594
