549.4313070003825
490.7173096661569
437.08152788677205
1.972076950944607
378.85325995476614
8.135180761754109
548.3173258556691
464.9337595636271
501.1748129125223
2.7635010474812987
618.4445110923532
591.226748443603
617.5521677156156
617.2276673055902
584.6591589545885
603.3933692688844
626.4760204401432
541.6278444727064
621.9463959691266
2.3882275898867684
541.4942613881709
518.5685064248232
468.59371271997964
506.3291932339062
1.7012602988471657
1.185423612415743
337.55468625850364
344.247086863626
2.693870994760171
358.83782686106434
341.114655009671
358.0804060296346
273.6309839702097
323.88892478517033
1.6676993129498832
396.0364977040804
349.4717513154999
357.17582778318393
335.21412848909546
2.5933447361136275
338.1225924069727
1.9949881920178638
2.7770687529214415
1.7433012075402217
2.571683861070414
