2.936530705798395
369.3191162376416
326.99645387991933
321.4548777425292
365.26964793758054
8.174631302169898
1.235780973645297
2.044074772559755
325.2623208525352
310.1634788249729
364.80941513398074
368.4718399104322
431.4507800645395
287.4818617119481
382.6505977545185
301.401727374198
393.71593952362747
369.60832721082187
6.9409333128062505
4.978254825836808
787.1744387236764
505.83788539620485
15.610790741686655
994.879249768638
6.540971047283144
543.9497518776066
405.5360476155067
472.56470644743433
506.589595513141
505.2293542158772
469.92483782863115
6.589085050885538
911.2359533190302
801.7478090438527
965.7381358028439
12.388016907651716
1070.9205958085884
795.2035525072613
1006.9824532581247
1.2139574506971011
300.2223730827247
413.76538248447156
0.958737135078684
380.5047276000243
324.065117857898
