0.4391333880048478
0.44164799000282073
0.43937876199925086
0.4262281100018299
0.44987016399682034
0.45928000699495897
0.4533139470004244
0.46794970899645705
0.5321495809985208
0.5368025349962409
0.5277398210018873
0.5123135320027359
0.548597916997096
0.5238886160004768
0.42063953400065657
0.4140283729939256
0.4109196030040039
0.41206097199756186
0.43516131300566485
0.4296512159999111
0.4364447250045487
0.4373397970048245
0.43235090400412446
0.4099091280004359
0.4314728380049928
0.4216478129965253
0.4181768960042973
0.45651594000082696
0.42675854599656304
0.4924390369997127
