0.41980777800199576
0.41323991500394186
0.42086492399539566
0.41755892500077607
0.4186441929996363
0.4068681420030771
0.41200054500222905
0.41672832599579124
0.41621168999699876
0.4243390910050948
0.41863329000625527
0.4227111319996766
0.41917754099995364
0.461354068997025
0.43120237199764233
0.4908932199978153
0.41942421599378577
0.4266678869971656
0.4215934419989935
0.4298372780031059
0.4247107050032355
0.4259537870020722
0.4277618350024568
0.42437355700531043
0.419276685002842
0.42654594899795484
0.42895407600008184
0.43020827299915254
0.4696439530016505
0.42231189900485333
