0.4281894529995043
0.4526426599986735
0.45874092200392624
0.45402595700579695
0.40842466600588523
0.447143146993767
0.4497409570030868
0.44021855000028154
0.4891855109963217
0.45057735700538615
0.4527770530039561
0.454037267001695
0.4431497030018363
0.4321273879977525
0.40851002499402966
0.4256829489968368
0.41860284600261366
0.43420490399876144
0.4274899770025513
0.46083046299463604
0.44149087299592793
0.43333108499791706
0.43440835399815114
0.4530042539990973
0.42080507799983025
0.4329804340013652
0.42702114100393374
0.42827962600131286
0.4182959940008004
0.42409809999662684
