36.62629638165476
167.1977906365071
160.88467614533965
160.7154129405576
42.5718524251806
17.932210120263218
166.533681462141
162.22748091603054
28.07458436667585
154.05645161290323
157.52759154203198
153.9546370967742
157.52759154203198
153.9546370967742
157.52759154203198
153.9546370967742
157.52759154203198
153.9546370967742
157.52759154203198
153.9546370967742
157.52759154203198
153.9546370967742
37.61386527141923
144.784708249497
148.24394017534811
144.5900402414487
13.453712437676863
29.152644476209925
33.268367889420524
154.14314516129033
154.4578811369509
135.2454637096774
64.41938250428817
18.498772031204854
133.5401267159451
126.8780236747298
129.0052798310454
125.75193000514668
119.35533262935586
116.345342254246
119.35533262935586
116.345342254246
119.35533262935586
123.91456510550695
11.955389944368637
