173.79123328380388
116.93130874909616
122.23431594860166
116.93130874909616
69.04083431257344
169.93130874909616
179.01814058956916
171.25162689804773
179.01814058956916
171.25162689804773
179.01814058956916
171.25162689804773
110.65839350180505
176.79812545061284
179.20874152223058
171.4563806777217
141.41103934233706
174.13087490961678
80.99018576936558
160.99927693420102
168.1095993953137
160.81634128705713
168.1095993953137
8.4721971407073
148.562123039807
177.58904109589042
186.17384731670447
15.558034386340651
0.056733091295877225
155.09520295202952
160.1748304446119
156.8649446494465
41.81535312180144
44.950980392156865
170.19302152932443
172.75810097965336
170.19302152932443
172.75810097965336
0.85044273426287
189.5931700074239
39.09366272824919
135.10096510764663
136.75584024114545
134.7253155159614
9.677966101694915
