920.1344916344916
1148.9347396176665
1121.5791505791506
1148.9347396176665
240.5025221540559
1163.6451187335092
1131.5458627325208
1163.641160949868
1131.5458627325208
80.43295859610639
376.31686978832585
21.58375025015009
69.18152661962797
70.77044854881267
68.81847338037203
70.77044854881267
68.81847338037203
36.87163953048088
339.10209947513124
27.400207092932952
83.52935971177548
17.141228213064018
67.48105330764291
64.09830729166667
63.23378291586384
64.09830729166667
99.17310656391177
1214.8059895833333
1195.1454196028187
1214.59765625
1195.1454196028187
461.4288921167305
2234.271739130435
2321.485049833887
706.7123966942149
431.57030223390274
551.3890265486725
42.43154178109062
11.767913685938783
72.43572841133816
172.4964165835072
19.7503234152652
52.66346153846154
424.611933982226
122.6764353270281
