0.07077341799999992
0.07134664600000029
0.07220810299999947
0.07349302199999919
0.07159833699999929
0.07249544499999949
0.07226741599999897
0.07249388400000001
0.07291900399999918
0.07271335699999959
0.07231461099999947
0.07209062499999952
0.07308000699999972
0.07540344699999935
0.07412592100000026
0.07103272600000032
0.07243990000000089
0.07505420300000054
0.0736316749999979
0.07385828399999994
0.0743379510000004
0.07580559299999834
0.07460874299999887
0.07386307999999886
0.07434909600000239
0.07347508700000205
0.0740603410000027
0.07412172699999786
0.07509426100000027
0.07495897699999787
0.07533301000000137
0.07568660299999763
0.07508727200000109
0.07536855600000081
0.07814976000000229
0.07806164999999865
0.07307216999999966
0.07170388200000133
0.07230313200000182
0.07251178499999966
0.07324081000000149
0.07156440600000025
0.07911406099999851
0.07821743600000275
0.07388901899999922
