0.0710409659999982
0.07046976699999163
0.06958832500001222
0.07040619400000026
0.05371084000000792
0.052981731000002696
0.05373949299999481
0.05667378999999073
0.056114378999993164
0.055210381999998503
0.05605305000000271
0.05672685499999375
0.055429145000005065
0.057804011000001765
0.05618221699999992
0.05589810799999384
0.056998808999992434
0.05712549199999728
0.05687168299999712
0.029787887999987106
0.030011410000000183
0.060769209000000046
0.06049895099999958
0.062015223999992486
0.061158466999998495
0.06060698299999956
0.06008322899999996
0.06081736299999818
0.0546840540000062
0.04941104200000268
0.06002147299999194
0.05931213499999899
0.06065686099999823
0.07567879000001199
0.07457193400000506
0.0329848779999935
0.05702222400000778
0.055499578999999244
0.06101633199999412
0.06104938599999343
0.060331429000001435
0.06340376800000058
0.06200290600000358
0.029719173000003707
0.0302043159999954
