2.78284625158831
3.4483630012263555
48.228690228690226
5.009173828227975
6.775642920484777
0.7797648908063275
2.295315049335716
0.7815117645587978
6.754026773570048
4.2178997178997175
47.22414671421294
46.05116741182315
47.22414671421294
6.607597799050275
10.344907946865533
44.478957915831664
0.16668940652702524
1.8629070360780904
46.357948717948716
3.409990965216082
47.87063655030801
9.789555972482802
48.115266393442624
9.200284090909092
46.549281314168375
3.7259559675550404
1.82560006422092
7.095884075843996
4.875224796360944
7.245042721263904
49.03907815631263
6.221211534739695
48.411144578313255
0.03330744492483363
49.81159420289855
7.284983350929911
46.8897020386827
4.17111377245509
52.481876332622605
2.680001353775341
7.231457038235544
5.132293237443452
46.01716068642746
44.85098834262544
2.830953150242326
