1.191658552418046
36.95255212077642
38.618332081142
36.95255212077642
38.618332081142
36.95255212077642
5.050004789730817
0.7154914766437901
2.5693547579716673
1.9236552500635602
38.07620416966211
39.79263711495116
1.6131704090952037
38.41722846441947
37.85018450184502
38.41722846441947
37.85018450184502
1.45817843866171
32.907865168539324
1.229014963591262
2.4870599846474395
33.97677902621723
32.23809523809524
33.97677902621723
2.8156720726394795
1.2168455346876197
2.175870718368354
2.2624912648497553
38.91960931630353
37.24083393242272
40.222389181066866
1.8848549293635122
37.17752808988764
5.292499723848448
2.0793542973588526
2.3459062562864617
5.7349709114415
2.0708368239784045
1.2441479652099217
33.31919482386772
34.821187077385424
0.6997405070093816
33.632472324723246
0.6913105094353695
0.14090418735206017
