0.37519037465732563
0.7012294987428203
115.68463852066392
3.961140172947582
24.474934036939313
1.5059669077312317
0.953727127246864
3.5933930983666955
89.1093447649668
0.3767923795368947
1.3283095808634968
43.701502425680154
228.3883747530415
0.4744615601536889
26.63588390501319
0.7910015476453681
2.10549115314216
63.05631328786939
1595.4483660130718
0.9554343662592832
2251.3818181818183
6.158340941698187
2.1427445526193787
26.198818897637796
25.479897894065093
26.198818897637796
2.868134171907757
35.012156110044785
6.550918006614209
36.87098844672657
1.91316542167671
0.9275666826775301
703.4792207792208
714.6160949868074
1.9625629221157008
352.9001371223226
1.4116532632230128
23.616429495472186
23.754716981132077
23.616429495472186
1.2504935911498323
25.399108847867602
26.130975769482646
25.399108847867602
26.130975769482646
