0.17785320400003002
0.17707502500002192
0.1747294909999937
0.17716038800006118
0.16757694000000356
0.17170225600000322
0.1729073059999564
0.17175989500003652
0.1706165589999955
0.1741657090000217
0.1705644820000316
0.17220643899997867
0.1731021339999188
0.18236979200003134
0.17526387299994894
0.4090930559999606
0.1845087680000006
0.1792033360000005
0.18547787700003937
0.1789150670000481
0.16992933400001675
0.1724779439999793
0.1780552700000726
0.17132533300002706
0.1769746940000232
0.1711002769999368
0.17376147799996033
0.16293873399990844
0.17066855099994882
0.16500435599994034
0.1609649920000038
0.16704567299996143
0.1665506420000611
0.17951791399991635
0.18031257300003745
0.1759001600000829
0.17573768399995515
0.17758135399992625
0.18181357800006026
0.17552140999998755
0.1752108919999955
0.17159579200006192
0.17071207799995136
0.16992355399997905
0.16662811200001215
