0.2440597100001014
0.19613996600014616
0.1960487070000454
0.2723811650000698
0.2750316239998938
0.2680818359999648
0.19626343999993878
0.19227755199995045
0.23511821000010968
0.2362989989999278
0.24124434099985592
0.23779433300001074
0.24028644500003793
0.17459082400000625
0.1672086890000628
0.20712840900000629
0.19351109699982771
0.19221478299982664
0.1374904620001871
0.13958619400000316
0.13687940800014076
0.13670764099992994
0.23424497399992106
0.23106781100000262
0.1554430339999726
0.20097074000000248
0.15630127800000082
0.15556698000000324
0.1583885760001067
0.1669563279999693
0.16778117499984546
0.20480853499998375
0.21383957900002315
0.21527132400001392
0.2179842909999934
0.23418963200015241
0.12923602099999698
0.13173885299988797
0.1345427449998624
0.13809267099986755
0.21539925299998686
0.27879390599991893
0.28320412900006886
0.2808060840000053
0.28093869299982543
