0.0045707100000029754
0.008491114000001687
0.0026970609999992234
0.002790171999997426
0.002832682999994063
0.007692767999998296
0.004676665999994611
0.003202805999997338
0.0029461810000057653
0.0030147919999947703
0.004903607999999338
0.008455990999998164
0.002856336000000681
0.0029992370000044843
0.0028887180000012336
0.007906096999995782
0.004986563999999305
0.003163530999998443
0.0029433809999943605
0.0032630229999952576
0.004844828000003076
0.008753527000003203
0.002816408999997577
0.0028880340000014826
0.0029245109999962438
0.0082443060000017
0.00483681499999733
0.0030619020000060004
0.0030398550000043656
0.0031204290000061974
