0.012645732999999382
0.0018339139999170584
0.0005978959998174105
0.00027735799994843546
0.00033035799992831016
0.0002230520001376135
0.0003552700000000186
0.0010637100001531508
0.0003350499998759915
0.0003485820000150852
0.0005406600000696926
0.0005300399998304783
0.00034163800000897027
0.0002627890000894695
0.0002751030001491017
0.0002934700000878365
0.00041732199997568387
0.0004464320002171007
0.0005924090000917204
0.0007534849999046855
0.0005459760000121605
0.006459495000171955
0.00034685300011005893
0.000362087999974392
0.00023299200006476894
0.00026495200017961906
0.0004185200000392797
0.00046856100016157143
0.0002531890002046566
0.00259653300008722
