0.0007556100001693267
0.0007286800000656513
0.002457066000033592
0.0009051909999016061
0.0010673310000584024
0.0004873539999152854
0.003673859000173252
0.0015100089999577904
0.0005299629999626632
0.0004315290000249661
0.0036722720001307607
0.0007919449999462813
0.0015135780001855892
0.0004173029999492428
0.0009564430001773871
0.001969990999896254
0.00042934099997182784
0.00044078499990973796
0.000810273999832134
0.0003498730000046635
0.0007134290001431509
0.0007889159999194817
0.0036699689999295515
0.002022318999934214
0.0004131199998482771
0.0004326850000779814
0.0004829560000416677
0.0005495980001342105
0.001094905999934781
0.0012237070000082895
