24.67581903276131
19.989296636085626
11.069423929098965
10.198762035763412
5.3234403391883705
6.435658914728682
19.549467275494674
18.237954040029653
11.986259541984733
6.391991341991342
28.919129082426128
23.358098068350667
23.75583203732504
10.964338781575037
118.92471042471043
8.603498074454428
42.425349922239505
46.949841605068634
64.14930015552099
37.18945022288261
39.447900466562984
36.71991084695394
37.980559875583204
26.604011887072808
30.61353032659409
29.605797101449276
31.29767441860465
7.96274304342764
18.39382530120482
6.808495575221239
