23.98872565766997
27.221781055019854
7.601479426722145
2.1300026157467955
47.98443186413263
22.28335093277015
0.7234301476553626
8.473778459964185
42.748494983277595
35.68218954248366
10.193749487326716
41.3195945945946
3.134524929444967
11.130760584488572
12.998957609451008
24.366376423308775
8.286105840185536
10.23722431414739
7.368300153139357
6.979460847240051
10.51233505450373
5.078462515883101
8.81039640987285
7.5272919978802335
4.172120909318012
3.9894993894993895
0.7152415513721933
46.78138957816377
2.595557454079453
3.5795721673718854
