1.5796097027174905
439.0216086434574
467.48498113207546
1707.2242866622428
348.4431183341798
1.1010005175090565
92.00274319476682
3.3797507788161996
560.6561872909699
20.128976209569633
336.40063820422534
150.9848500679135
319.0626523212269
32.54879679144385
1388.203888596952
65.66996606334841
891.4470100651273
1.7942973523421588
2044.9686536485099
0.94429955685601
31.509107893507707
1.9178743961352658
537.7767004341534
2665.859498680739
467.10043532338307
267.86524822695037
334.42255389718076
340.3732233725215
39.32706686605426
649.9760191846523
