1.9108512790407985
1.7624943120172247
1.672936290036887
1.8729027339722961
2.104345208965242
2.0209406479261816
1.9755581970093772
1.9538450899999589
1.8358480599708855
1.9617049610242248
2.002866826020181
1.7886180840432644
2.020115997060202
1.9223582049598917
2.063402950996533
2.091452319989912
1.8474366589216515
1.7791760260006413
1.8714708329644054
1.9076519649242982
1.8435019319877028
1.7668670020066202
1.8266053289407864
1.8382618479663506
1.7880162210203707
1.8240758019965142
1.787074365071021
1.7823130579199642
1.821129628107883
1.9296874980209395
