1.8672767960233614
1.8618035250110552
1.8044507480226457
1.8430040760431439
1.7955778239993379
1.848681831965223
1.859350504935719
1.8053038499783725
1.7424545000540093
1.8082959220046178
1.858928058994934
1.8863351329928264
1.8269393460359424
1.8446654559811577
1.7781386279966682
1.9048345290357247
1.8399061489617452
1.8620349389966577
1.797986245015636
1.773389540030621
1.7458034490700811
1.9393864009762183
1.9281731949886307
1.9012206370243803
1.7920938100432977
1.907157559064217
1.8317128819180652
1.8312534919241443
1.857678111991845
1.787513965042308
