16.48378105706149
11.448524839929627
5.459438473315213
24.536378438769454
7.221317483958552
8.36141332217315
8.487237428150543
5.6016812156556135
17.824651060156793
7.702434948219321
3.6929386484430617
19.085177043489857
1.0975907200839587
12.390493887258842
0.08065124737999745
10.685576642294127
10.532048122903625
15.027232206256246
15.418794653806225
3.960056040043903
5.327328651181888
9.566437765346825
3.968236923197801
10.600661268109977
14.785526109798232
13.581292944664229
17.82775261370738
13.297751532225787
10.171366304100184
1.947566049254752
