86.06362058993638
15.450300601202406
46.64714151827554
17.742397763019923
62.054628857381154
60.836813054955606
15.98956617243273
23.122050900984583
7.384678747940692
13.968783068783068
25.86687797147385
9.176891006551518
7.724356268467708
22.778979238754324
25.56530717604543
54.1850699844479
48.320268179473956
45.89218655360388
25.1328125
20.693075356415477
136.7167976056865
95.48423529411765
38.31901840490798
6.610434782608696
0.10996234628705792
10.902184545158136
8.871346993617736
14.829429594929733
6.003394989463826
14.844546498277841
