24.791824694479562
30.574365175332527
85.02335164835165
9.565369786189976
19.76917207172835
4.346153846153846
76.16283292978208
46.95338900757429
16.84031866989955
19.362696629213485
0.4852213478272416
22.77293934681182
16.14073595868302
48.31346035648433
56.08446986361636
73.62170542635658
21.316540722082284
77.81337480559876
30.559414773403116
110.30569948186529
157.39092728485656
98.18208032955715
14.825108428085805
253.8125
0.896700013580191
168.81046247156937
37.40359712230216
34.47951549697186
66.9257555847569
28.08324382384533
