39.0967987804878
32.550274223034734
17.56307319605468
41.103896103896105
34.42931760741365
20.364739183178326
19.710156895127994
92.10248815165876
31.033935413245757
14.491380113689312
17.074596774193548
6.81643761055926
113.58203952011291
30.634557495484646
1.1009572808164299
13.92050209205021
18.94088482074752
9.242671009771987
3.4471788715486196
11.41174438687392
14.160369881109643
14.812091662603608
14.010741280997216
16.108964684575913
24.225612575127137
19.633448499244224
26.002723446397624
107.35722748815166
44.5465088185552
210.48851894374283
