0.16855176700000007
0.11567005599999991
0.11092412400000007
0.11402610499999977
0.080218715
0.0768526310000004
0.07471966199999969
0.06964345899999991
0.11938349000000015
0.07392818899999964
0.07318813400000002
0.07236923399999995
0.07665016500000021
0.07074863400000009
0.07614459599999979
0.06529859299999963
0.06804319499999956
0.0677767170000001
0.06931448499999959
0.0698791639999996
0.06916742599999992
0.0758809359999999
0.07085890200000033
0.07716804100000019
0.068263666
0.07928990300000027
0.06954489600000002
0.0686857949999995
0.07077536700000042
0.07209400899999974
0.07181715900000007
0.06969220499999995
0.06239739399999955
0.059632638999999266
0.040263290000000396
0.04191018099999866
0.061442421000000635
0.06404253100000012
0.07428061900000138
0.06660562899999967
0.0655810989999992
0.059452204000001174
0.05294060200000139
0.06734394799999954
0.05705108899999978
