0.03456047999999967
0.031287284000001137
0.03146003000000164
0.03480959299999853
0.04178383100000005
0.04904617500000086
0.039378052
0.04005562200000057
0.049650580000001554
0.038532222000000615
0.03869477599999982
0.03701909399999792
0.03691178100000059
0.036329591999997746
0.038182472999999106
0.033639968999999326
0.03492432999999906
0.03428630299999824
0.032302321999999606
0.031243524000000633
0.03185153199999746
0.031660524000002965
0.0281275739999991
0.03598376400000092
0.0339288259999968
0.034873255000000825
0.03241666499999951
0.03174696800000021
0.03398481099999984
0.030216037999998946
0.031093206000001317
0.030927250999997824
0.030316233000000636
0.0031864710000064633
0.02977554000000282
0.03222155400000304
0.028010496999996803
0.03198511699999784
0.07621263200000072
0.06543150400000286
0.026604192000000637
0.02662045799999646
0.025346116999998003
0.026620356999998762
0.032752629000000866
