0.030145216000001085
0.030999057000002495
0.028570061000003477
0.02559180000000083
0.02822454900000082
0.027516004999995403
0.027396916000000715
0.02626604400000332
0.025758845000005692
0.025283446999999626
0.02528772899999865
0.024350562999998715
0.02073040399999826
0.020681991000003563
0.022399550000002932
0.024917798000004154
0.0232900239999978
0.021335065000002373
0.01666219000000524
0.017032049999997412
0.016928067999998575
0.01662920400000445
0.01697290399999929
0.016588628999997468
0.016519756000000996
0.016823635999998032
0.0188926420000044
0.019681943999998452
0.015946515999999633
0.014220661000003076
0.017892727000003106
0.01677106100000003
0.029949647000002244
0.027391295999997567
0.024665980000001753
0.024792320999999617
0.0250078409999972
0.024157600999998863
0.01692229599999706
0.02350621800000141
0.026083314999993945
0.023785183999997628
0.023085698999999238
0.01647969700000118
0.01638227699999817
