0.0028654390000006913
0.004273782000002058
0.0031906810000030816
0.002311421999998231
0.0036345729999993637
0.0035331820000017444
0.003648312999999348
0.003700420999997789
0.0036070670000007965
0.0036258129999993116
0.003976786999999149
0.004577016000002487
0.0044549370000019906
0.004302386999999186
0.004490944000000496
0.004349709999999618
0.009761970000003117
0.01018656999999834
0.009148257999999743
0.009537925000000058
0.009856603000002906
0.008601875000000092
0.004170987000001958
0.0025778889999976684
0.0024232240000010563
0.0024727210000001776
0.0024770699999976387
0.002512239000001415
0.002464750000001459
0.019096118000000217
0.0029317679999998347
0.0038522430000007546
0.0035338039999999182
0.00199229399999723
0.0033126890000012565
0.003147033999997717
0.003284932999999768
0.0032588390000007905
0.0033921449999994024
0.0034207409999993388
0.003761868000001556
0.0041539700000008395
0.004129619000000417
0.004261488000000924
0.0043872550000010335
0.004193587999999693
0.009160772999997846
0.009986486999999045
0.009318770000000143
0.009285903999998624
0.009072396000000538
0.008540384999999873
0.004215313999999637
0.002405448000001087
0.002169359999999898
0.00246903500000073
0.00225245200000046
0.002300949999998636
0.0023359840000019005
0.020157527999998592
