0.013947642000001537
0.009136137999995242
0.008894126000001279
0.012181710000000123
0.014998746000003393
0.007610714000001906
0.006977745000000368
0.008601627000004441
0.0024015779999970732
0.0033876549999973804
0.007477608999998608
0.015561791999999741
0.015086525999997491
0.003980546000001084
0.00915135600000383
0.0021561949999977514
0.005868215999996096
0.03252283999999861
0.009513732000002051
0.01035871300000224
0.002097910999999897
0.006667090000000542
0.003953374999994708
0.004291665000003775
0.004301093999998784
0.023692834999998524
0.007095252999995694
0.007541924999998173
0.008330503000003375
0.008854637999995418
0.014329123000003108
0.009001354000002237
0.008967598999998216
0.020286927000000787
0.015878538999999137
0.0085108300000023
0.007953635000003345
0.00881707100000284
0.002774421000001581
0.003788655000001029
0.007887698999994086
0.015458182999999792
0.015285267000002989
0.00426161099999689
0.009642556999999385
0.0021976660000007087
0.006309393000002217
0.033965988999995034
0.009456349000004138
0.010620297999999195
0.0022923920000010867
0.00776162900000088
0.004506319999997288
0.004848111000001154
0.005192454999999541
0.023871440000000632
0.007791785000001994
0.00800751599999927
0.009145449000001804
0.00980137599999864
