0.010005084000006548
0.004303163999999526
0.0029523019999970757
0.004427681000002792
0.004496547999998768
0.015323725000001787
0.0209818559999988
0.030667827000002035
0.03004582500000197
0.018626603000001296
0.09108503600000262
0.10406762699999916
0.10688980399999792
0.003124188000001027
0.03995633899999973
0.01759879600000147
0.02443135800000107
0.014670584000000986
0.008684474999995473
0.0030141169999993167
0.002848800999998957
0.0035284279999956425
0.0032848780000023226
0.002783194999999239
0.02259649300000177
0.012311025000002473
0.016521451999999215
0.012161997999996288
0.010454985999999167
0.004872685000002264
0.0030615430000011656
0.005157654000001344
0.004761380999994458
0.015616153999999938
0.023401874999997574
0.030397819000000936
0.030624262999999985
0.019226688999999908
0.0902781939999997
0.11041820800000579
0.11741550599999329
0.0027837610000034374
0.04049438300000219
0.017595045000000198
0.02637687899999719
0.016590581999999188
0.009025156999996398
0.002985391999999365
0.00280095600000152
0.0032676470000012614
0.0034531740000005584
0.0031260760000009213
0.022050280000001976
0.011761211999996135
0.016552349999997773
0.012020746000004578
