19.18742500599952
7.003058103975535
1.0151282837575386
63.318822023047375
2.7534683164604425
3.926771653543307
0.0035045538108946983
1.8442765833817547
31.25195822454308
4.164056059356966
5.417797888386124
6.736476043276662
6.756217277486911
6.3378291586384075
6.827501534683855
2.2533076074972436
8.271176112126753
5.3769030820646115
0.8450797322977774
17.050364077669904
34.44444444444444
25.550503410198115
11.492248062015504
8.997433264887064
2.170744403956273
61.75315315315315
3.5932083480721615
2.0109651627641347
10.796863863150392
3.168429961912823
