9.201513718070009
1.6579042348411934
6.691932335718933
21.962674604991985
8.240928882438316
3.0954773869346734
4.033271953774843
5.570408825438027
2.128091413959807
3.285840317600353
0.23692800394161484
7.513238289205702
11.044576523031203
15.764476614699332
4.218119022316684
12.122648607975922
1.8325897187196896
43.16770186335404
11.60301237224314
15.49152078774617
10.032369942196532
27.64789603960396
9.319822672577581
5.208333333333333
8.953814921333107
1.696817112613937
3.717916770495888
1.846588836191171
0.20588543962386918
15.175155925155925
