0.00042842887341976166
0.0007376561406999826
0.000661203870549798
0.0005969710182398558
0.0005713810678571463
0.0013909300323575735
0.007792240008711815
0.0025874951388686895
0.0006472209934145212
0.0024145140778273344
0.0010572399478405714
0.0028365137986838818
0.0005836789496243
0.0007439691107720137
0.0006710791494697332
0.0012879001442342997
0.0005057400558143854
0.00768833514302969
0.0008514488581568003
0.0009181788191199303
0.01294334908016026
0.13986945594660938
0.005693871062248945
0.0007647939492017031
0.0023646738845854998
0.0005070539191365242
0.0004413248971104622
0.000763090094551444
0.0010187579318881035
0.0009438691195100546
