0.000769471051171422
0.0009547830559313297
0.0005279839970171452
0.001309224870055914
0.0004983299877494574
0.0005198160652071238
0.0004099300131201744
0.0008321760687977076
0.002261304995045066
0.0009300699457526207
0.0004170748870819807
0.0004291338846087456
20.00120898312889
0.001057283952832222
0.0025421411264687777
0.0005118539556860924
0.0009611609857529402
0.000651906942948699
0.0003949340898543596
0.0007538548670709133
0.0003877908457070589
0.008689829148352146
0.0006204261444509029
0.002002397086471319
0.0016999049112200737
0.000848767813295126
0.0006454559043049812
0.0005687722004950047
0.0027256400790065527
0.0003718340303748846
