0.0065958489999928815
0.0006066799999899786
0.0004565299999939043
0.000461055000002375
0.0004694760000063525
0.0004549849999904154
0.00042228200000238303
0.0004971729999994068
0.00041060399999537367
0.0004406309999893665
0.00046533900000156336
0.0004672220000117022
0.0004508869999995113
0.0004594959999906223
0.0004971230000023752
0.00041774899999325044
0.008423360000008984
0.000472100999999725
0.0004865399999971487
0.0004835330000076965
0.0004945740000010801
0.00048775999999861597
0.0005433809999999539
0.00048434600000746286
0.0004698730000143314
0.00041615600000000086
0.00046013900001184993
0.000496447000017497
0.000437233999974751
0.00045768199998974524
0.0004943319999881624
0.00038242700000523655
0.0008966740000175832
0.0004916379999997389
0.0004612490000113212
0.013994152000009308
0.0004655760000105147
0.00048614099998189886
0.0004975610000030883
0.0004738760000009279
0.0004820020000124714
0.0005390030000000934
0.00043275300001255346
0.01376406099998917
0.00047657599998274236
