0.0008305220000011104
0.0003871149999952195
0.0003403160000061689
0.00036154099998952915
0.0003557119999868519
0.0004105130000198187
0.0003815259999839782
0.0003382109999847671
0.0010172590000081527
0.0003568479999955798
0.0003490339999814296
0.0003702140000143572
0.0011966959999938354
0.015368651999978056
0.0004076940000175
0.00032031800000709154
0.0003481990000011592
0.00036506099999655817
0.00041161100000408624
0.000367948999979717
0.0003931650000197351
0.012902395999986993
0.00035531000000332824
0.0003417259999878297
0.0003405239999949572
0.0003607760000079452
0.0003542679999952725
0.0011275349999948503
0.0004031189999977869
0.00039044400000420865
0.00035672300001010626
0.0004230280000001585
0.00034248599999386897
0.0003859900000122707
0.00035429999999792017
0.0010719830000027741
0.000392465999993874
0.0002921960000037416
0.00035939599999323946
0.00038323199999013013
0.00036870300002078693
0.0003787979999856361
0.0003898960000014995
0.0004431739999972706
0.0004269679999993059
