0.009241007999999995
0.0035490569999999666
0.00028301799999996824
0.00022510900000005662
0.00023124100000004866
0.0002313109999999563
0.008662722999999928
0.0002396019999999499
0.00024149799999995114
0.0013003499999999502
0.0002512420000000404
0.00022189799999994264
0.004962046999999914
0.0021200689999999467
0.00024147600000001823
0.000240923000000004
0.0002514710000000031
0.00029260200000003067
0.00028240000000001597
0.00024259799999992726
0.0002373740000000124
0.004902311999999909
0.0002276350000000038
0.00022070699999998666
0.00023784400000004258
0.0002354530000000521
0.00023230600000001544
0.000228018000000052
0.00023290499999983894
0.0002588550000000023
0.0002453180000001609
0.0017604689999999312
0.00021619600000000183
0.00027111699999982086
0.00025263099999994765
0.00022772500000001195
0.0002254999999999896
0.000256543000000109
0.00025808399999993625
0.0044283910000000315
0.0002356390000000097
0.0029974189999999457
0.0002855279999998128
0.0003008229999998946
0.00023889099999996333
