0.005038209999999932
0.00032495999999992975
0.0003761129999997337
0.0003257780000001098
0.0003374739999997267
0.000324275000000096
0.0003505929999998436
0.00029973200000021905
0.000368824999999795
0.0003413170000001742
0.0003614579999999812
0.0003869549999997446
0.009918309999999764
0.011871072000000371
0.00035088000000005337
0.00532087700000039
0.004613881000000042
0.0051400360000002365
0.00033925700000025927
0.0003259880000001658
0.00032234599999991786
0.0048627269999999
0.00034543299999967303
0.0003294089999998917
0.004400728999999881
0.000354621000000499
0.0003094710000000056
0.008037497000000116
0.00031324500000007305
0.00030209599999952985
0.013675721000000252
0.0003263359999996496
0.00030719699999970373
0.00035097400000072554
0.0003322600000004172
0.0002999580000002666
0.001926349000000549
0.00034834299999975116
0.003161469000000139
0.004341638999999731
0.0003302630000003859
0.00032000700000001103
0.0003675980000004131
0.00035450700000083657
0.000302509000000839
