0.003706897999999903
0.00040027399999953417
0.0004207699999998482
0.0003980980000006795
0.0003285850000001034
0.00035491200000059564
0.00042908600000046704
0.0003710569999997304
0.00036284000000019745
0.00039699600000009383
0.007214745000000633
0.0003395969999999693
0.004844397999999472
0.000353034999999835
0.0016673999999996525
0.00035729699999986764
0.0003715360000002832
0.00033705299999997607
0.00602095600000041
0.00035153500000006943
0.0003516570000003938
0.0003855040000004806
0.018790764000000237
0.0021633420000011228
0.0003526989999986796
0.001837643
0.0015895790000008958
0.0003119179999995225
0.00035623600000000977
0.005975843999999952
0.00039335299999976314
0.00032830800000027693
0.0018268400000014395
0.0003634689999998386
0.0014666940000012119
0.00623055600000022
0.0003548640000001768
0.00032631500000057656
0.0003735090000009933
0.0003587970000005214
0.00035188899999916146
0.003150468000001183
0.0003551260000005385
0.000374941999998768
0.00037897799999875303
