0.0037427960000009364
0.005167508999999626
0.004812224999998449
0.002339468999998928
0.002655435999997735
0.0046382590000000334
0.0024297430000004283
0.0028620709999991334
0.00268500199999977
0.0027476699999979814
0.004043993999999884
0.005529767000002295
0.004928761000002169
0.002499920000001765
0.0028412339999981384
0.0046676540000021305
0.0027711150000016005
0.0029795670000005714
0.0028167440000004262
0.002973500999999601
0.0038455129999981352
0.005550331999998548
0.0050429410000027985
0.002364856999999887
0.002698466000001787
0.004904038999999472
0.0025714649999990513
0.0027917810000026577
0.002864812999998634
0.0028169760000018584
