0.0029482849999986627
0.0043334839999999986
0.002904174999997622
0.0053758039999998175
0.0021690849999984607
0.0025105680000017117
0.001913684999998111
0.002643168999998835
0.002901109999999818
0.002787215999997983
0.0029905990000003158
0.0045227429999989965
0.0029119950000016104
0.006019732000002165
0.002296467000000746
0.00263505399999886
0.002031509999998349
0.0026954000000003475
0.002956200999999936
0.0027859839999990754
0.0027586120000009373
0.004623776999999052
0.0031143189999980336
0.005743530000000163
0.002327668999999588
0.002589441000001358
0.002006090999998378
0.002753328000000721
0.0030039700000017433
0.0029455180000006465
