0.07772336300000005
0.0017820560000000318
0.0006454310000000296
0.00033190299999996675
0.00022590199999994454
0.01478095800000001
0.00024263999999996066
0.0014325160000001613
0.00022567900000014518
0.0019139239999999003
0.00023713799999991458
0.001552832000000004
0.00026416099999981846
0.00034963399999998757
0.0002647109999998065
0.000366295000000072
0.0002989700000000095
0.00020714099999996627
0.00031892000000022236
0.0003512930000000303
0.00024535400000003094
0.001342023000000081
0.00024326699999988044
0.0002603519999997417
0.0003920989999999236
0.0002746449999999623
0.0002767030000001558
0.0012522370000001004
0.00020239699999979877
0.00021928000000004388
0.0002047169999999099
0.0012818580000000246
0.00042311400000016874
0.00027576399999995616
0.00024491600000020597
0.00026151200000024133
0.0002106400000001507
0.0004223689999998115
0.0015316720000000394
0.0002828009999999992
0.0002738660000001225
0.00032061799999993923
0.0013456340000002065
0.0002922839999999205
0.00023472899999976704
