0.09154599500000016
0.0007710589999998518
0.002198970999999883
0.001989956999999709
0.003229699999999891
0.0014404869999999903
0.0005099209999999132
0.007503034999999603
0.001050215000000243
0.0024285360000000367
0.000896766999999965
0.0023068849999998697
0.0004971729999998509
0.0005060949999999842
0.0005524279999997717
0.10273509799999969
0.0741523289999999
0.000489798999999902
0.0005408700000000266
0.0005425290000000693
0.0006020840000000582
0.00046070399999997846
0.0004156759999998094
0.0018475709999998813
0.0005519820000001729
0.0004460239999994897
0.0007090969999996588
0.0006441889999999617
0.0005464240000003784
0.0004909480000003796
0.00044263899999918976
0.002828244999999896
0.001463553999999867
0.0032898220000001643
0.0005740909999998323
0.0005020470000003385
0.0005135470000006137
0.0004814990000001629
0.00040526700000054205
0.0007690470000003558
0.0009351049999999361
0.0005065880000003631
0.00042881699999952616
0.00041193900000013883
0.0007197489999999362
