0.0014090300000004774
0.000552297000000479
0.02821172800000049
0.0004942930000000345
0.002275796000000163
0.0007413020000006654
0.0005476309999998819
0.0014740080000006373
0.000788918999999666
0.00031767900000012617
0.0027745929999998253
0.0006611490000008047
0.00046499100000030325
0.000314880999999545
0.0003534530000006697
0.00037110099999981827
0.0010908810000005431
0.000383164000000491
0.0007029330000003498
0.0010575010000000162
0.000347387999999782
0.0011694350000004405
0.00032721100000010495
0.000922483000000085
0.0007911879999999982
0.00032665400000020384
0.00030762200000022943
0.002997287000000348
0.00032976000000051187
0.00032747300000046664
0.0031053209999996056
0.000342482999999838
0.0003583999999996479
0.0012833230000000029
0.0003226730000003286
0.0003144509999994938
0.0019263839999998922
0.0010488229999996435
0.0003211790000001713
0.0011162630000001172
0.00034869000000092853
0.0011369060000001596
17.782713207
0.0013518790000013325
0.04026688499999764
