6.684430346650363
16.99268103413044
19.562182898936925
21.223415758371768
48.4206671125227
3.4974193168771905
19.838495650117576
20.208498346599313
16.59835011900529
18.604991810376383
22.214349193623228
17.16615847162104
16.050229153426358
2.552134337988299
19.20436908770907
22.0840418486376
21.367632316862046
20.170398674885462
20.611359341693575
18.77373100807854
21.138400953656085
22.128142122530214
19.039832897814215
19.715511917440587
22.65940322455087
17.69803631551145
19.31516682689903
21.5057555837384
13.228866223604673
15.403039033198155
4.832108888056093
15.686447884705096
13.917957483663585
13.084176511804273
1.3061521465495844
13.364583018148652
13.145214507121347
13.928556194428962
14.611351246963302
12.848874202991107
11.728886027899293
14.31121278463946
3.1435187788456425
12.520772489632984
12.780624324297547
