0.8308989856488042
8.758465578321296
9.19684577526934
10.000971082175965
9.508257639338105
8.960464483324015
9.062090482118228
11.993333567055725
9.486798988492113
8.956644677024435
8.596290067211902
9.134742944948675
9.158974581207318
8.65770965730326
9.079980667899115
9.95341744567412
8.797671185746971
10.075307369077334
7.81548758566289
3.9739022550015184
1.8876157144121037
12.59110246811462
11.648166483243177
11.824205874340098
12.03275230668076
13.23250991929355
12.067402125307666
10.46031597807225
13.080954835122384
12.550555800985371
11.2349163469454
12.774084289081964
12.469334331556162
5.065834509017155
12.728352563389569
10.871897560957319
13.250332361009026
12.350716307725543
11.998363404823019
11.89602888640942
0.7168367596551356
4.2372763494044765
11.097025802450178
12.326438003257525
0.924054201312594
