0.008432830000000002
0.0002878000000000047
0.0008578530000000195
0.00039635700000001384
0.00024187600000002973
0.0002472980000000069
0.00024721599999999455
0.0006589750000000061
0.00027969500000002423
0.0004648110000000094
0.0010776750000000002
0.00025154499999990865
0.00029500100000001694
0.005953237000000056
0.0003446429999999223
0.0002468399999999704
0.0002513149999999742
0.0002439929999999979
0.00024816300000007896
0.000246476000000051
0.00024386899999995215
0.00029609699999999517
0.0003925780000000323
0.00706539500000003
0.0002463799999999905
0.009967779999999982
0.00024895099999999726
0.0002568099999999962
0.0002798920000000038
0.0002593199999999518
0.0002478889999999456
0.004218677999999976
0.00022461299999998463
0.0003040930000000053
0.0002835709999999825
0.00021959399999993412
0.00022577099999998573
0.00024249600000003646
0.00026048000000000737
0.000220695000000104
0.0002689999999998527
0.0002284529999998508
0.00028402899999990794
0.0002740859999998957
0.0002529210000001836
