0.0003982129999995365
0.00032114199999977444
0.0003045159999999214
0.0015282819999997699
0.000294949999999794
0.001929721999999856
0.000669958000000026
0.00043969399999976844
0.0003077369999999746
0.00048399599999982
0.002100269999999682
0.001487073000000283
0.0003559909999997224
0.0004242130000005062
0.00032234600000036195
0.0009068540000001235
0.0003353379999997408
0.0003529030000000155
0.002084697999999996
0.001924448000000023
0.00034684699999987245
0.00032919999999991845
0.00032156899999957744
0.00031924100000013667
0.0003387570000001894
0.0003815070000001697
0.0015448550000001227
0.0003269999999999662
0.00034015999999992275
0.000326996999999718
0.0003350499999998924
0.00036421300000011314
0.0003220379999997469
0.0003269480000001046
0.002909187000000202
0.00032703900000008446
0.00040815900000001903
0.004977298000000019
0.005162573999999864
0.00035029000000008637
0.0003499699999998107
0.00031380000000025277
0.00035409600000013697
0.0003533890000002593
0.008202840000000045
