0.0018456409999991763
0.0023034690000001135
0.0003657549999998011
0.016530610000000223
0.0003574049999999218
0.00036795800000000156
0.017685292999999547
0.0003910870000005673
0.019050056000000204
0.0004193519999997619
0.00040872100000033385
0.0011154119999998713
0.0004064850000000675
0.0009650759999999536
0.00037860099999953434
0.03632303600000064
0.0003830620000000451
0.0003942299999994958
0.00813140400000023
0.00036867100000037567
0.0024824340000000333
0.0003597399999994977
0.007435461000000032
0.0003789220000003368
0.022556674999999693
0.0016324489999997027
0.0003158580000004463
0.00034247700000022974
0.049459225999999745
0.00037735800000060493
0.005418355000000652
0.0003489840000003852
0.00041367299999972573
0.000349973000000503
0.00040446700000007496
0.0003921789999994374
0.08396847100000038
0.0003861910000004798
0.00039308000000026766
0.00038134100000064564
0.06882196000000018
0.000383942000000026
0.0003610469999992816
0.0901167609999991
0.00040162799999876597
