0.029964813000106005
0.033933420000039405
0.024705291000032048
0.02496666899992306
0.034227715000042735
0.024017781999987164
0.04000160100008543
0.02494361900005515
0.026163214999996853
0.02370702800010349
0.027344891999973697
0.02556244099992
0.024803584999972372
0.025882972999966114
0.023948831000097925
0.024900101999946855
0.02399808099994516
0.021562307999943187
0.022569137999994382
0.024276346000078775
0.0248200439999664
0.025697754000020723
0.02545696999993652
0.0243412149999358
0.02371399699995891
0.02369577299998582
0.03599893600005544
0.038691002000064145
0.03834978400004729
0.03504953900005603
