0.02829747700002372
0.02514944499989724
0.031003813999973318
0.030224066999949173
0.03565237099996921
0.03086009699995884
0.03277070699994056
0.03157968499999697
0.024130970999976853
0.024753976000056355
0.02357002200005809
0.024405657999977848
0.04443634300002941
0.05868025600000237
0.05060923499991077
0.048036653000053775
0.04593345699993279
0.04838777800000571
0.05904230299995561
0.054576798000084636
0.055691975000058846
0.02961503099993479
0.028209107999941807
0.02968877999990127
0.028688696000017444
0.03110443299999588
0.031893260000060764
0.030326586000001043
0.03126945999997588
0.03045852399998239
