37.01925347846178
417.5008685581934
29.54280821917808
0.34508747585231137
0.7307094769549456
2.7512825994014536
0.9464578942208716
25.9570938215103
0.33902981599958615
22.82066163668021
1.409888686023912
1.7261579885747553
2.633227787372865
1.6831777716169176
2.142733531469847
22.13318371983487
1.1870343781323653
1.8122950461282847
4.2174380003905485
0.3562470207275178
90.55925460636516
489.2658371040724
496.2834193918531
35.0314205391103
22.16417665407979
1.4929738049767693
2.2933362134139754
6.252279297309317
3.785166019836136
1.7261182333319938
24.67030442274555
3.577155136788164
0.9405878859857483
2.742666782036861
36.81416957026713
1.3956430225215744
5.5920245398773005
2.0856183547845553
1.6876661426325568
160.56798623063682
3.097323600973236
32.43312101910828
1.9128898385174837
6.239337371739399
26.18607305936073
