0.851127654227918
26.771428571428572
0.6261320740061828
0.9644740933635331
3085.2661917098444
5.476118500604595
58.74222092570984
0.9266359742550219
26.16817593790427
34.55562784645413
0.3891070319810405
28.322087842138764
1.0844904959939852
35.96395311124496
31.753703220029102
136.59607142857143
124.08421804332302
56.19519819932475
0.5566408108879795
30.863456464379947
30.382467532467533
2.2001067869008066
506.9155423350685
2.4243562231759657
1.6087042991149856
1329.8266315095584
1.3886466091728733
37.62723066754792
2.4444444444444446
2.800941492938803
1.0196518394318967
80.0896118151881
83.81318861355724
0.6926408638727923
1.9442535688361964
5.942462900286384
1.4676291114749218
6.482676630434782
0.8843815857198993
60.79713423831071
821.0515595162317
53.07294371234018
1.7838318745792054
24.291421087098886
1.5797569074619384
