0.0004385520001051191
0.12595727400002943
0.029113156999983403
0.08964813000011418
0.1248580789999778
0.00040055200020105985
0.00039518900007351476
0.11591436399999111
0.00039266799990400614
0.0003837070000827225
0.0003774899998916226
0.00040432200012219255
0.08820098799992593
0.11911818299995502
0.022113998000122592
0.0003856340001675562
0.00035867100018549536
0.031295891999889136
0.05258220399991842
0.0003720240001712227
0.00036272700003792124
0.00038208199998734926
0.021165586000051917
0.00039293800000450574
0.17949832999988757
0.12354337100009616
0.00035165600002073916
0.00039336600002570776
0.00035343300010026724
0.0496002849999968
0.00039758699995218194
0.12574090600014642
0.06079832199998236
0.00036600699991140573
0.08390030100008516
0.02563026699999682
0.14681816699999217
0.00035048400013693026
0.0003658059999906982
0.2501294080000207
0.00036709400001200265
0.00045130299986340106
0.00035802699994746945
0.0003776290000132576
0.05294537399981891
