0.16812676199999999
0.11181222999999996
0.11253566199999998
0.11275066299999992
0.11238280300000003
0.1095367180000002
0.1066603589999997
0.13501252300000033
0.23258294599999996
0.19373270399999987
0.1302301899999998
0.08570084900000019
0.07896455799999957
0.11863021199999979
0.07668205899999991
0.0668731720000002
0.0709191640000002
0.0642454029999997
0.06517322899999956
0.0643563149999995
0.06523123299999956
0.06695488600000044
0.06477799299999987
0.0628346750000004
0.06261502700000054
0.06127564499999938
0.06296709999999983
0.06170036199999984
0.05283871400000084
0.05374207799999997
0.0523985920000003
0.06263785300000002
0.06304131000000002
0.06291347099999989
0.06749377000000045
0.059089303999999565
0.05970430300000018
0.06233116100000036
0.06134060899999927
0.060269043999999994
0.064250221
0.06034104200000012
0.0617649069999997
0.062162256999999776
0.06305680699999971
