0.06481582700000033
0.0651614149999995
0.06475409100000018
0.06536153500000008
0.06522298899999956
0.06516452500000014
0.06552140200000078
0.06490758799999963
0.07756768299999983
0.061167762999999375
0.0636573889999994
0.06452149400000007
0.062606583
0.06270222800000003
0.06481896799999998
0.06484030299999954
0.06230449500000024
0.06350447900000056
0.06398002900000144
0.07973160799999945
0.06371180500000051
0.06409614799999908
0.06405404400000059
0.06442509600000079
0.06429171199999928
0.0657843929999995
0.06459719599999936
0.06446234599999912
0.06872462199999951
0.0683406729999998
0.06790883699999917
0.06736852199999888
0.07261329899999858
0.07178837899999913
0.07295548299999943
0.07316018299999882
0.07177129699999973
0.07062981700000037
0.08555371899999997
0.06934924699999989
0.07167715199999947
0.07084675699999998
0.07222419799999891
0.10914175399999948
0.05819611999999985
