0.07087367599999972
0.07005886700000019
0.06996697599999813
0.08527015299999974
0.06973580500000054
0.0720326519999972
0.0646428539999988
0.06342886299999861
0.063457176
0.06102894800000058
0.061082240000001065
0.05871527899999762
0.058313870999999295
0.05898421099999851
0.0579735800000023
0.05918043600000189
0.07390244699999826
0.0571775090000024
0.05688099400000013
0.060327286000003255
0.05567420999999939
0.05685832400000024
0.04802937899999904
0.05318879800000076
0.054373311999999174
0.05337289699999914
0.051508650000002376
0.05236946799999842
0.05206024900000017
0.05306704099999848
0.06632890699999905
0.05296330699999885
0.051586810999999955
0.05135590100000087
0.0543709899999989
0.05419387099999895
0.05196033500000041
0.053967473000000155
0.052809456000002086
0.05270769399999864
0.05185601799999873
0.05222911000000252
0.05219160899999764
0.056883424999998766
0.047691113000002616
