0.08632831099999905
0.1876750989999998
0.12536235299999987
0.07765760999999927
0.10950506000000004
0.1921187059999987
0.17621439999999922
0.06365578199999788
0.06449916400000077
0.10804145800000242
0.10830794600000004
0.05158886799999962
0.07546971999999741
0.07003290999999834
0.06937307699999806
0.06934382899999747
0.08170328900000001
0.06564479200000051
0.06755263800000222
0.0677683920000014
0.06782647200000014
0.06890393100000125
0.05615326699999912
0.05531877800000018
0.056113996999997084
0.11227341999999751
0.12354501600000134
0.11043710599999912
0.11057722400000003
0.11154433100000105
0.10867691600000029
0.04935836099999946
0.04959242400000008
0.04875229199999964
0.05045991800000138
0.050982135999998235
0.05146607600000053
0.05154616800000156
0.04960579700000167
0.05019515499999727
0.049464735999997345
0.05124815299999952
0.06375408499999935
0.06414560500000022
0.0658584839999996
