0.051076391000002275
0.051430627000002005
0.05057574599999981
0.050062376999999714
0.049063950000000744
0.18426148200000014
0.04877713300000153
0.047066057999998634
0.04903550599999562
0.047700480000003154
0.046983366999995724
0.048729350000002114
0.04696085900000213
0.04765354299999558
0.04725425999999544
0.30492592100000593
3.8002853149999964
3.8294156110000017
3.897354440000001
3.7247037229999975
3.597055931
3.644043143999994
3.6652147030000037
3.6834848849999986
3.743684502999997
3.8460125719999922
3.716951869000013
3.914641474000007
3.5970153949999997
3.584688017000005
3.574327783000001
3.5945136300000087
3.5918127949999956
3.587962399999995
3.5705148919999914
3.5683033499999937
3.5967435439999917
3.5974924140000013
3.5747503869999946
3.557815841000007
3.529138629000016
3.6168802969999945
3.706224854999988
3.589648162000003
0.3052042399999948
