0.7872839260000006
0.8429570059999918
0.6624589949999802
1.0588222869999981
1.0623507029999928
0.6679263789999936
0.6279230869999992
0.625244734000006
0.8028582809999989
0.8139281980000135
0.8072906650000107
0.6822793569999988
0.7912718990000087
0.7882907119999913
0.8511224530000163
1.0631369879999966
1.0638201620000132
0.6532377640000107
0.6456831900000282
0.6451326549999976
0.6598123359999875
0.6574683210000103
0.6560270500000343
0.7131547030001002
0.6952889630000527
0.7150090000000091
0.6937557139999626
0.5511212760000035
1.0355183729999453
0.5770001460000458
0.9695892609998964
0.9765271940000275
0.9961275780000278
0.9819116180000265
0.8647207770000023
0.8783786709999504
0.6802057859999877
0.6852145670000027
0.8650461920000225
1.2277801889999864
0.9197764589999906
0.6967952039999545
1.0598428719999902
1.0395923750000975
1.0590710820000595
