1.0295667518834415
1564.227608874281
648.304664723032
886.1163130943672
1461.3621495327102
1461.3621495327102
545.9745642958078
597.1362649294246
431.9758278145695
1022.7289719626168
462.7904148783977
30.94296438033559
984.6674473067916
1522.0494821634063
471.075
51.56024533935921
1496.3091334894614
44.563544468900304
309.6610501567398
909.3808975834293
985.0468384074942
881.677094972067
445.967365967366
1207.4349827387803
557.3879151291513
41.44237830554152
679.9490175252257
44.84127682993946
1.0493570437430533
1580.5035046728972
1580.357476635514
1580.357476635514
1580.357476635514
1580.357476635514
1580.357476635514
1259.4069175991863
1446.2581775700935
56.25656170708373
722.7037634408603
50.86649258061842
556.6260623229462
875.8055235903337
891.0421545667448
1214.4441887226697
1235.7751756440282
