448.0175953079179
679.4988880652335
37.85214600882471
259.962962962963
165.69253836655494
183.5730956927647
624.6180505415163
643.6535849056604
14.088816399727907
528.3803773584906
31.370694613074317
741.011320754717
0.8969438699919748
353.54068241469815
396.0022573363431
18.687184309511014
524.9335849056604
1.0465109362958824
672.6498113207547
16.453096864902196
255.07482643353046
274.7848456501403
571.5491500369549
119.48798201625453
510.7161862527716
638.6143695014663
229.1174586225307
661.0417566594673
238.56066945606693
574.675305975522
592.4105660377359
565.1144708423326
79.9781198567141
246.3786897048236
97.67050836754026
73.05318118204328
19.38117834636702
142.17960561378575
346.1296854803964
594.9262603461249
585.2808573540281
484.2723852520692
16.272859541130387
0.8618432462829724
236.74223826714802
