464.7323395981854
33.98213172657386
431.8310231023102
18.172271609608472
66.83647688393718
197.10997442455243
204.3548172757475
196.6457800511509
163.5350897115603
21.411011113602154
435.7348837209302
20.22216444390065
51.668963878327
99.38742649117894
25.462340575796603
462.39156229400135
443.19250645994833
28.473257477686175
155.3203356367226
20.968744455615354
435.8018312622629
86.67536096879367
232.46970643347908
26.167124873390247
350.92043984476066
92.39488459139115
0.9768307812491934
24.966732502160227
59.3413874888823
256.11708253358927
265.3014511873351
257.3237364043506
61.0711869185227
221.77316114542393
43.117828739093504
352.58193548387095
123.14959310674963
56.97251794998762
105.13249835201054
102.81032258064516
105.04680290046144
24.58695313716332
104.72281167108753
33.87326376891714
93.49641128359205
