0.0021738939999949025
0.009382014000010486
0.0003305999999980713
0.006870585000001483
0.0023356540000065706
0.00715311700000143
0.0029700289999965435
0.0002993509999953403
0.003148475000003259
0.0004723739999974441
0.0004084070000089923
0.00035698099999592614
0.00037716499998907693
0.0003608319999983678
0.00032717999999931635
0.0018925929999937807
0.002169057999992674
0.007975927000003935
0.0003243379999986473
0.0023006729999934805
0.00209097700000882
0.0003420309999881965
0.0003859410000046637
0.006580479000007244
0.001979876999996577
0.0003830899999996973
0.00039126199999373057
0.0005282219999998006
0.00039734000000635206
7.754705021000007
0.0032814899999777936
0.00031832399997711036
0.009108962999988535
0.0003740450000009332
0.0003308899999865389
0.0004790810000088186
0.00030217700000889636
0.00035300100000768
0.000309410999989268
0.00742092100000491
0.0025059159999898384
0.009596881999982543
0.0003531209999891871
0.008701394999974355
0.002367098999997097
