0.0004288570000028358
0.0003767919999972946
0.0003511809999849902
0.00204928200000154
0.00040215799998577495
0.0003789319999896179
0.002457676000005904
0.0004229590000193184
0.005023964000002934
0.0004493649999801619
0.0037166850000005525
0.00039045100001544597
0.0003848270000048615
0.004851270000017394
0.00225495899999828
0.0013987660000225333
0.00035963800002036805
0.0059829669999942325
0.0005986700000164547
0.0018701099999987036
0.0003811450000057448
0.00036037199998872893
0.0003502910000179327
0.0020214420000002065
0.0029001520000235814
0.007913196000004064
25.964727562999997
0.0003578719999950408
0.00046091800001590855
0.008851520999996865
0.00041362600001093597
0.03128699399999846
0.0004038570000091113
0.0007454850000101487
0.17337232100001643
0.000490716000001612
0.001818712000016376
0.0038755639999976665
0.00800110099999074
0.0014864569999986088
0.00039596199999891724
0.004414177000001018
0.002861952000017709
0.0003847679999751108
0.0026375370000266685
