0.05936911700001701
0.00040427199996884156
0.0004162469999755558
0.2509326420000093
0.004346376999990298
0.0016663540000081412
0.0004072379999797704
0.0017886760000465074
0.004255458999978146
0.0012456050000082541
0.004213936999974521
0.4674520240000106
0.0003693219999831854
0.00047467199999573495
0.26321627700002637
0.0035755989999870508
0.0005174519999968652
0.00041808899999296045
0.0005270170000244434
0.00044424999998682324
0.004437984999981381
0.004110317000026953
0.11512715499998194
0.0011605380000219156
0.264732749000018
0.00037553999999317966
0.00042751699999143966
0.004497349999951439
0.0055840699999976096
0.001334635999967304
0.004289491999998063
0.0003526170000327511
0.005229079000002912
0.00038334300000997246
0.0003581749999739259
0.00038977899998826615
0.5930540159999964
0.00038036899996996
0.0035240130000033787
0.0014592279999874336
0.0015279350000128034
0.00040693999994800834
0.00035412699998005337
0.000359768000009808
0.005442712999979449
