3.185099465999997
0.0004963010000125223
0.00041292999999598123
0.00040529399998945337
0.6382991899999979
0.0003805020000129389
3.3368791870000223
0.0004285560000027999
0.0004159659999913856
0.0004291070000022046
0.0003565629999968678
0.00040436500000851083
4.68548912899999
0.00042487300001425865
0.0004481720000057976
0.00038042100001689505
0.0003904929999976048
0.0004353779999917151
0.00039842900000053305
0.00037573800000245683
0.0004464439999765091
0.00040394300000912153
0.00038626600002089617
0.0003811720000044261
0.0004203529999813327
0.0004306579999990845
0.00035355200000708464
0.00044945700000198485
0.00047387199998638607
0.00036188599997899473
0.0003824440000244067
0.0003631320000181404
0.0003671489999987898
0.0003673319999961677
0.0004678059999605466
0.00038967400001865826
0.000433687999986887
0.00043408499999486594
0.0003450240000120175
0.0003917690000321272
0.0011228949999804172
0.0004116069999895444
0.00038566199998513184
0.001988482000001568
0.00045849800000041796
