0.0020518263925306335
124.03869118630931
1676.8136174706565
806.8105023106448
1144.1452817785967
2798.688205334115
2590.557761942632
801.2090490592584
45.23792001181853
162.9661791862726
220.49796357793898
0.36893288604916497
186.96410868709918
967.463649847271
2113.6674673749667
163.23244231310608
63.55135673779999
2277.7986696318812
43.34212506749921
150.75773925552096
0.44102921852847154
133.19200575247038
0.28904673131262915
149.56501165086524
126.51858722612407
0.4944088651933519
191.89200129310274
179.78217317073245
208.13357202455092
197.0429144233778
2331.3400740738894
79.41357771351262
153.31383363122848
79.72019237579468
172.31885868259764
1755.4494047233338
166.1339976149527
0.2988896748804979
198.92190130551313
728.1688713413974
112.52939238096025
0.0015762135285784559
1459.7607490253722
36.30117364248521
277.99039340206656
