27.713906590262877
8.248625397734811
0.9277487662477335
147.81821173155865
0.9581360899337064
0.9513926540631954
0.7576648612455158
50.822624345046705
3338.6688909957174
0.21977201678387343
22.231531506545103
176.38069026962302
1097.6649381879984
76.16790547031785
813.7856709217461
0.6541831283244286
37.34713209310802
128.88549870312104
3.344985114901736
1187.0703620657923
161.86261098908628
60.655261115129825
1799.6525740999914
151.30760394805998
1828.659232120023
1732.2179051737498
90.51728972288883
0.9647749470081866
130.10343403927732
2170.0371615659315
31.626642624819013
218.2303500496097
49.39999554532607
0.1897311551468299
1209.295060654108
202.37547850387026
81.86501853696521
0.060670889328413816
43.8807294559737
9.682512719942244
1412.9804010255025
0.5351385006991553
42.53838183579087
125.94173900028804
0.02909734277253867
