4.61817340440901
43.543878950818936
44.057086395380324
47.52451006646209
40.20200716286071
45.89163620575165
45.76322537976676
3.6211277727487197
52.29616766210469
1.736129201168879
40.795292494663876
2.124666316118993
4.3536698976116925
50.64129719349975
45.55214726700872
51.98070817126378
53.24321014871901
52.28167740850139
48.09470046140004
45.42690933048614
50.340896794786204
50.6254716474856
6.030193990380381
54.32990475497818
61.26838338017092
2.053946480999185
42.3657024240393
41.469953557097746
45.22184728363667
44.06461588387509
48.05438992431238
3.154751001900545
51.638100633032415
50.61841608851522
54.64816916674052
58.536514841189636
55.32186538692814
47.055617288596366
57.01803021186158
54.37054600230575
45.534343573125454
58.21522692886823
3.4472724552736786
52.09130228954049
58.520325597636806
