51.259460216962154
40.269035718647146
38.95475569921734
37.8388954197451
42.68854279647443
7.975908864517337
106.56922702240531
2306.6813834132713
2542.557883152863
2560.6970189227263
2439.6089645130837
2508.525722385843
2192.423625203336
2600.5747208363946
2558.0664593491606
2.726684182291142
234.0062460851162
5270.917494974115
4928.8663778300015
5668.880630425926
6346.509017054002
5318.596017224122
4788.321355483845
5443.09918729241
5421.598049005111
5111.3957875415
4473.3813119843235
4939.856250876064
5338.5889224343
5532.329672867862
5648.76411073886
5477.755936916581
4624.506452248997
5463.631866977667
4581.226176597813
5983.314667645634
5322.100433733027
5475.636691709672
5536.520958083828
5011.560759469465
5728.594937117609
6062.825075815343
5473.892575418027
4709.453870504096
1.7190325448865262
