0.5803963359999997
0.41061072200000037
0.2885309840000003
0.2656578389999993
0.28048832900000065
0.27461110499999997
0.264863493
0.24104532099999965
0.2808539140000015
0.3093139950000001
0.2836638590000007
0.2883503400000009
0.2701024600000004
0.2684350689999988
0.18331214299999843
0.18239569900000063
0.27129711700000314
0.26017309400000244
0.30607871900000205
0.26987044500000223
0.28595415699999904
0.20981120800000141
0.20828185899999951
0.18859626600000112
0.27627587100000284
0.2779695839999974
0.2773569330000001
0.2747267750000013
0.27675601500000013
0.28007350900000105
0.2008005610000012
0.27484702699999985
0.2541451119999998
0.254903732999999
0.23012292399999978
0.2502965880000012
0.25978553899999923
0.23889049699999632
0.25544875699999636
0.25779678399999995
0.2514659010000031
0.2555436990000004
0.25173721499999857
0.25294314499999615
0.2528839400000038
