0.09861396399998057
0.08484967999999071
0.1901976819999902
2.6411392789999866
0.10280240700001286
0.09383166500001039
0.1765395590000196
1.9286051180000072
1.9869775149999782
3.375714082999991
3.3682099769999923
0.05888822099998947
2.210063921999989
0.05981509599999413
0.4091086679999876
0.08526706000000672
0.08329774199998496
0.08255302800000663
0.08139644300001692
0.08354467600000248
0.08501587399999266
0.08045961600001306
0.08604873600000928
0.012288345000001755
0.08720991499998831
0.0762879620000092
0.07259426799998892
0.07046214900000791
0.07309805299999539
0.07184568400001012
0.06880073799999309
0.057624970000006215
0.015398640000000796
0.07125523300001646
0.07428078000000937
0.07004182000000014
0.06814630800002419
0.07030692099999669
0.04529332000001318
0.04513828400001785
0.0641083980000019
0.060327324000013505
0.06090940899997577
0.058893866000005346
0.062271834999990006
