0.0022505409999986625
0.0004002380000009964
0.00034514100000038184
0.004992283999996516
0.0020671049999982927
0.018733814999997378
0.00036975200000100017
0.013356962999999666
0.0003842439999992564
0.004537784000000045
0.0003902579999994771
0.708313424
0.0029612479999983066
0.0003332709999988026
0.00036435600000217505
0.004957373999999959
0.0004003650000008463
0.01903216799999896
0.001708928999999415
0.00034636699999879283
0.00036016199999977516
0.17160847799999956
0.0003807040000012307
0.00042635999999873775
0.011719188000000713
0.0003953640000027292
0.0003393400000000213
0.0003681429999993213
0.006792353999998113
0.0040164350000004845
0.0003645270000021128
0.005835644000001139
0.008128390000003094
0.00446233699999965
0.0003693630000007886
0.00038652199999944514
0.004355632999999415
0.0004305430000002275
0.00628352400000054
0.00036927700000077834
0.0003518110000015895
0.00035986199999982205
0.005863716999996882
0.004059315999999313
0.003157098999999164
