1.448384706172975
18.661044613710555
31.512514008218155
63.8275
85.79789719626169
1.1054806405599753
75.77102803738318
12.62120272783633
95.35362997658079
9.512240846934274
101.00351288056206
11.314068965517242
96.0503512880562
66.55863708399366
98.12733644859813
62.23281596452328
79.7806167400881
105.7838785046729
69.91804570527975
59.25611510791367
95.71261682242991
11.639297124600638
85.31850117096019
97.05638665132336
69.0705596107056
98.00230149597238
95.49531615925059
10.744584382871537
74.92271662763466
86.62140391254316
79.76174496644295
11.93782629330802
45.833643699565485
84.55235903337169
85.6592505854801
84.46605293440736
85.9496487119438
41.073757349011224
9.226469736461048
74.6112412177986
73.3199079401611
51.20681063122924
13.174647887323944
58.13967022308439
77.12313003452243
