1.317878993881713
5.853185595567867
0.11912766140849927
5.0742401594419535
1.9229126033249744
3.837743066624163
5.977723774807615
2.4292307692307693
4.606155599886008
9.767195767195767
0.736087807606264
3.923254281949934
8.975885455915598
9.824574389341228
9.510926902788244
9.341968911917098
1.745844729644435
6.0
2.7523458445040214
1.716861298914157
4.593067068575735
2.8868976503385104
10.925395629238885
1.0991907514450867
4.500777604976672
10.463590483056958
10.159486016628874
0.60986875870665
3.6114890400604684
3.7042660882140277
1.2945992257409404
15.154195011337869
14.496746203904555
4.692142621327171
21.420497362471743
20.817371937639198
2.4555486798679866
0.9302721088435374
17.553713049747657
0.8076678669773353
5.297043979812545
1.5215526485095432
7.229415930438005e-05
4.393018544491195
0.22683398621654985
