0.0010543909999967127
0.0007888569999963124
0.0030695049999991397
0.0013916229999964003
0.0006133600000026718
0.0004361909999985869
0.0014732709999947247
0.0020568509999989715
0.00042151099999898634
0.0012442870000057837
0.0011450659999994173
0.012904436999995994
0.001964004999997826
0.0006906479999955195
0.0016691770000036854
0.0009684910000018476
0.0036509829999999965
0.0005109399999980724
0.0021882050000030517
0.0013082119999978659
0.0009544800000043097
0.01307165200000071
0.0013379950000000917
0.0013457769999973834
0.0006522990000021878
0.004199239999998383
0.00248792899999728
0.00045930699999985336
0.0016680729999976052
0.00125553000000167
0.0009297380000035105
0.00044988100000153963
0.0013726720000022397
0.000677955000000452
0.0005610689999997476
0.0005019199999978241
0.001065632999996069
0.0013849759999970956
0.0004432319999949641
0.0014031360000004156
0.0010649840000027666
0.008807266999994567
0.0020317099999971333
0.0006118689999965454
0.0016890610000004358
0.001082132000000513
0.0037404350000045383
0.0005131710000014778
0.002287113999997814
0.0013854580000014494
0.0007992640000011875
0.01315828899999616
0.0014544080000007398
0.0012257300000015903
0.0006930509999989454
0.00467166699999666
0.002426040999999657
0.00045101799999969217
0.0015868169999961879
0.0011620369999931768
