0.004502626000004284
0.09487964099999147
0.006067229999999313
0.000999207999996088
0.0005106959999920946
0.0008802299999928209
0.0019224530000059303
0.0034881729999938216
0.08118094900000017
0.0006765850000078899
0.0003790559999998777
0.0007289290000045412
0.0003918910000066944
0.0004951230000074247
0.0012250790000081224
0.0013684780000033925
0.026206011999988732
0.0008535380000012083
0.004865842999990377
0.000985417999999072
0.0007955809999913299
0.04501436400001069
0.032578806000003624
0.0007561050000077785
0.00052350200000717
0.05209653400000036
0.018587525000000937
0.00037756800000465773
0.023468889000000104
0.0012763309999996864
0.004513958000003981
0.09752380800000537
0.0058985379999967336
0.0009237510000019711
0.0005536409999962189
0.0008857620000100042
0.0018706019999967793
0.003523182999998653
0.08236361299999828
0.0007253529999928787
0.00037187699999208235
0.0007326519999963921
0.00035300399999016463
0.00047921300000552947
0.0012733039999943685
0.001384305000001973
0.02497312799999918
0.0008491760000026716
0.004981917000009162
0.001072116999992545
0.0009021179999990636
0.04608137299999271
0.03225162100000034
0.0007818509999992784
0.0004784909999955289
0.05297166399999753
0.01984067100001141
0.00039100399999369984
0.022450692999996136
0.0014132430000017848
