0.03180987899999993
0.0017348620000000592
0.00031355799999999157
0.0002480590000000227
0.000302237000000094
0.00023847799999998642
0.020187973999999942
0.00024887099999992834
0.00025065299999993407
0.0014483500000000982
0.0002172010000000002
0.0005263840000000464
0.001619618999999961
0.00026397499999997187
0.00023025699999990046
0.0002485569999999271
0.0002259540000000282
0.00021349299999995353
0.000232228000000001
0.00023641799999984947
0.00022516899999991402
0.00048114699999990407
0.0002968510000000979
0.0002647009999998673
0.0002540600000000559
0.0002246400000001092
0.00022503999999989865
0.00020181200000002342
0.0002450650000000998
0.0002683299999999278
0.00024118000000017403
0.00043671499999997643
0.00026387900000024445
0.0016288950000000746
0.00020905799999981767
0.0002701949999999176
0.00022615399999992292
0.00022419799999973122
0.00025268699999991817
0.017362169999999733
0.0002339519999998707
0.01986057200000002
0.00023097099999991322
0.0002798760000000122
0.0001928949999998597
