0.0005046640000001545
0.00036373599999972583
0.0003529259999996981
0.00032381100000034024
0.00042371799999951776
0.00034915500000032296
0.0007325159999993502
0.00031969600000003595
0.0003134719999993152
0.00031256300000048753
0.00036027999999976856
0.0002735039999999245
0.00033920500000039766
0.0004115909999997669
0.0003846670000005048
0.00030027799999921
0.0003324789999998856
0.0006844900000002596
0.00035409300000033284
0.0003431149999997274
0.0003485090000001634
0.0010868139999997695
0.0003046009999998489
0.0003116229999999831
0.0003152299999999997
0.0004146299999998604
0.0004344579999999709
0.0006045710000002202
0.0009942870000001491
0.0008062879999997108
0.0003378190000002945
0.0006261599999994871
0.0018665609999999333
0.00033048900000043346
0.00032523099999970384
0.0003316259999994742
0.0013576920000000214
0.0003021780000000973
0.0003364540000001526
0.00036796899999913535
0.0003526980000003732
0.0031731869999997997
0.0003055070000002047
0.0036453289999993643
0.0003514559999997502
