0.003918051000000311
0.00044058599999985404
0.001728545999999831
0.0011224379999994483
0.0004568749999993571
0.0003827650000003402
0.0004382489999992245
0.00040091100000072544
0.0010449080000007882
0.0005049169999997716
0.00041202899999959186
0.00036407199999999307
0.0004188529999993307
0.0004024379999991723
0.0005358810000002379
0.0007686140000000563
0.0003698959999995921
0.0004077359999996588
0.008741213000000414
0.0018548210000002285
0.0003987429999998682
0.003361919999999685
0.0004368289999998609
0.0004214330000005262
0.00039031500000064057
0.0032919269999993617
0.0016644669999994477
0.00036310900000025015
0.0012445429999994317
0.008353029999999428
0.00039747800000000666
0.0005187310000005496
0.0004405159999993913
0.0003844610000003357
0.00039180100000013596
0.0016861220000006227
0.00039717800000005354
0.0003963710000007836
0.0047379039999997374
0.0004463140000003918
0.005738637000000324
0.0003832839999997617
0.0004184289999997759
0.0018162159999999261
0.0004180739999988248
