0.00036587499999996
0.002232806000000309
0.0003636339999992799
0.0011430529999998384
0.00145984100000085
0.00043169499999962113
0.00038070899999986807
0.00035904799999997294
0.0003601800000012645
0.00034312100000022383
0.0003685180000001509
0.0003317139999996499
0.0004171779999992964
0.10569357400000001
0.0003518669999991175
0.00038143799999978967
0.0003427489999996425
0.0013784149999995776
0.0003872600000001114
0.0003632380000002655
0.000410364000000385
0.001400727000000046
0.0005176559999995334
0.13447450900000035
0.0003475689999987708
0.0003899840000016752
0.0003567000000010978
0.001270872000002754
0.00042925099999990834
0.0016429710000025466
0.0004070819999988373
0.04919617399999865
0.00038292200000000776
0.001171446000000742
0.0015287890000017512
0.0145797779999981
0.0015038320000009264
0.00037482499999796914
0.0005145419999976752
0.00038777099999975917
0.0003315579999991769
0.00036954699999824925
0.0003696059999995782
0.0009827899999983458
0.00038526900000235287
