1.078278573202607
16.3208534639093
32.86132446975858
47.00618623591701
10.79794760801464
22.632508176900135
23.950565329595513
15.744781359381244
16.362601041794903
18.055369310850555
69.80400352060249
40.52163187472263
23.071664018093426
24.713780988233513
16.537511016878877
21.2533504823976
30.32372226283848
53.49370907307437
36.350846225082165
35.40850181065992
15.95563377740181
12.934100277872627
25.48481840968242
11.145923026560736
27.639591845108924
28.84905371798748
8.100357779288167
25.32558201349137
31.849349934131993
74.22742316211854
