12.551792368382849
14.658032506178918
23.906191579454347
27.893163638698457
19.910628109133967
11.414784220625474
31.569187048173344
8.972566955322879
15.104219758244488
19.72692065471345
10.101201241861284
17.85395519723947
14.047509107176253
23.48400209190996
25.079325224573754
2.6821335180078805
32.46204244542327
32.48616807828121
14.042511138106748
16.176748903615053
5.845646555976465
9.58526159767537
3.0467162726407735
11.588398932164113
3.0019914742329794
5.311553322373537
11.11527749763361
10.329489468654497
2.6789545759984414
11.704341795804508
