3.6848044249336707
17.150356605141294
16.948656479773582
7.178938600920302
14.647345744541878
6.542988655829927
17.276717835754972
7.346580046204109
21.198599451148674
4.954509653044355
18.622953196350846
13.650194213733169
3.0977439428081692
4.959618421992627
3.8756150706459094
17.958519227609745
35.625646311953716
20.930909478610957
5.177981573506061
28.335189524346443
18.985769522262107
8.46309883053518
17.792257749437788
10.219659849429354
12.152954578583122
9.304922401859454
25.496583358333307
17.107131583917127
16.793892939037054
26.475369349430057
