29.759524476856548
27.230933555370182
13.153103127010356
26.7909051746061
11.693619101129142
24.849841790703664
31.91317381033679
19.95052405751284
16.669562980563057
9.668504667169147
16.659938120534548
4.677727865673954
17.232326093010187
6.072619122027285
11.55472846874922
1.181948008586106
10.45164558892575
11.295796639741242
17.208661689327585
16.18029439601307
19.974001338589797
2.633486852445823
16.61667856054599
34.59956418036489
23.138791519769487
1.7568160820398122
12.683370241756409
8.834330559574234
14.817096208608106
4.362651026377544
