9.010507302268355
6.070377197033891
27.713804335055222
51.862216670302445
10.131485068150802
4.499293894811552
9.638083489504844
5.743797416179217
32.34207134332581
8.057299612308595
11.44986190772277
4.294435496939509
42.387268633357984
4.151172202304822
14.979180136878007
8.497087450854295
13.772757237247532
14.824331707534082
5.108058798530071
11.949687770771636
4.396028370251771
6.191957794959915
12.625405700269994
9.93276672198484
5.704689251463437
21.871713488465563
12.925595587751387
16.118378389617448
9.003402982931954
0.291667840070288
