1.881562547830914
7.145406567276023
9.346404106211565
22.418660839361053
8.218533911867436
8.14559629589506
89.27125004836
1.943511034626058
0.5840450623130713
75.4739227991764
1.050876424449474
2.9405238832155787
4.192006240705274
11.71566531077187
12.933669289378098
12.571482544902377
21.194897178067947
2.8485314562412127
17.568827047260687
12.970190893277008
64.57881537320613
6.613808187507366
13.222203444017303
4.283679885262296
13.564150126927045
16.186860920136862
15.873318213629688
1.3495668531612068
13.24086482668822
8.778988253590294
