258.3638119768191
2.3680499919884634
4.836862408915559
71.08348837209303
20.02446851183313
20.722635927777212
386.5287539936102
32.98218334953029
46.11665664461816
66.12402088772846
37.9736727589208
36.10356536502547
56.518435754189944
119.8695652173913
18.630144927536232
161.7765278200061
63.68484587195516
29.631205673758867
3.497926673347386
14.259232068130093
3.8756111214778874
15.663552394097039
6.211308097747963
175.94131594546533
7.464910108464167
44.51563188022897
10.99388727724824
18.978425435276307
12.412391660810494
18.892504570383913
