20.45478398954348
21.88335876619508
8.720977676953034
25.13020363630489
26.042054296981973
8.900194780815372
21.813820982096427
20.45298090699369
3.7181030811392803
21.04603407983585
3.964219420145539
27.740469970479438
1.872965933423332
12.82534093798559
4.845719266742619
28.676028289498475
7.599671924867764
28.036210236535194
3.241357446823667
4.759700739395125
17.80269517259116
20.962517971190827
20.978992630522434
19.619400730861926
30.343169096210644
26.29428865476663
2.749997836934418
24.410369650676863
24.125399849473784
24.877265129357507
2.6496190671237283
27.597945622385524
31.231053121846998
21.39948054959922
25.788249572319614
16.545768479814658
17.480636531353365
24.29485101543548
4.699253010497962
26.39265402208757
23.219148119732406
25.192630735541915
14.042912621644092
34.623302089226165
38.32761808541357
