28.32508958113696
107.79560637459103
0.8251946077495887
92.3776577784192
27.515435037506286
34.98991548373863
26.3095927743986
28.314613458507054
44.33091763867237
126.06261433691911
10.405182126274008
23.028125031790772
2.89825183360199
23.755068442050735
24.63717003010715
27.386611907987408
2.1140043202117393
20.651645025842807
4.893742045480476
3.609988910785125
2.093407291037205
8.397092907758331
4.182483887135911
24.641508613960404
43.586582887286
0.44495243702349047
8.960238069682363
1.3331281700265976
1.300888846607307
0.8601968323569116
42.55317995366027
34.00589403627611
112.50038074161051
15.827045974274379
1.261695803309317
6.975177285201017
5.004338316644965
6.675318425460437
13.053794893909775
24.633838011886052
4.754751358421836
4.025403574607243
28.16764002010151
32.2268256572402
6.226858000216461
