1.116198097270383
302.46798603026775
26.994463258614203
231.9142091152815
25.346354554942597
398.5433255269321
24.226236283311955
120.37686139747996
361.1741122565865
296.28274616079494
375.6987399770905
376.73067915690865
368.5315005727377
283.73770491803276
194.48462021343377
17.48232138502804
324.458006718925
333.415420023015
83.47232360097324
24.133233058898035
347.4988344988345
327.82474226804123
214.62148876404495
360.8066743383199
113.61475713756025
366.44533947065594
364.51873536299763
27.634453416688373
372.6768149882904
23.0945556235253
214.83839881393624
25.786005619505122
68.82963179427236
267.5796105383734
217.68700475435816
168.55211267605634
24.745170268500328
353.96604215456676
202.72622478386168
161.2202937249666
252.7031070195627
167.16703296703298
24.766022055298066
176.35941644562334
137.90123456790124
