19.872455902306648
7.244719592134013
24.676283900750143
17.650817236255573
3.58752
15.20392156862745
7.102428393524284
2.34299343996808
2.5799671929464836
4.825703846980443
0.6150742504903334
0.5358456245798568
0.8068110559066133
34.71361900721256
186.69501958589817
192.29821531375936
0.8636128308561813
93.63503344481606
46.93893557422969
3.9092341632524423
0.5180052378873854
8.50233918128655
8.098717233686559
0.6817521699483265
0.6693051352113021
6.078635014836795
32.90204081632653
9.4120812490526
0.21982489055659787
5.268078203705285
34.355932203389834
12.038369008697797
0.4111977030352748
0.2931447418842722
14.643500260436044
49.65867066466767
6.552970246061979
37.17309941520468
0.9221546880548072
13.513729672087443
6.016125235404896
25.9867282169648
0.32200026968196793
19.00980392156863
23.24348810872027
