236.48129744651484
133.02507672729996
1.8518457752255948
181.3080148745945
0.7078371914728061
0.7183517619918861
1.2510587408690739
420.5353299017314
2400.688845401174
214.42582621611587
8.583769366675726
42.79399788870457
748.4505277044855
86.68713204373422
9.705868293686887
2.577976373120589
0.9781965172734715
619.3305785123966
165.61769087523277
33.191178965224765
9.519261213720316
11.559615384615384
963.9047381546135
7.263653701670231
331.1386496166711
278.8817321688501
3028.467678100264
2940.3431686978834
150.88236421113135
0.40805145307289187
568.4802890932983
100.04686472592505
1104.0131926121371
1070.5483045425465
158.7350331208599
45.365178297741906
16.152344183979558
3.292824448656896
87.47435897435898
86.50963455149501
67.45366938472942
36.49116305587229
82.53062540296582
84.78154050464808
3.5639855754154905
