293.81463259048235
133.65210340828295
56.4190802610448
289.2650259503853
23.13802748722216
254.8797309962131
177.05158426654953
530.7161639322164
49.4854653858853
278.9975504856062
180.83055606149514
208.17520281334814
117.36478305164079
64.87066538661222
254.809865573109
97.51419226526863
76.39204701338178
60.56984757147777
215.77007014832455
233.57422986243697
279.02776523769904
245.24456429139386
75.8278106192773
262.00306833955295
296.2025466128131
178.20477129022376
55.643055120011596
339.1181274365616
332.27408183516144
328.1792665697939
