81.99280731701734
126.67227073790383
93.17517704378079
130.62939870990053
206.90926433565238
219.97522051849336
178.75823609477717
183.93663630963755
53.37978776754152
30.412383086793263
109.08848511615248
48.40215984094535
86.65191005323112
132.27178765456233
127.51141451899078
62.944846553385126
90.20668792279358
156.30269803085957
58.265818111329985
146.24680315560698
323.11232377941184
28.879183804746194
57.67257897761861
147.9402991747796
83.21406834979554
59.725506574088705
236.4886298924994
241.12943535118535
216.40846975765388
217.50097386768326
