111.64241111801455
235.0632608401524
41.46164744612498
80.7619448149707
88.25951624301797
178.38349537101055
73.25404512142684
305.4702785235748
72.36036658277939
252.54550979689256
65.23443371118853
76.02531987401096
38.32616872006009
245.81743336737816
219.8561022400498
130.88748480335994
142.29122349354807
239.07807296147203
60.01719970647958
56.79225495432969
230.14580046689184
193.65075154540236
13.893442439732347
34.79213620685598
120.37435881276427
158.32170390391485
73.89786863537621
45.7442151488541
246.22445971096917
263.5708484488443
