0.08751836300007199
0.08601273199974457
0.08746216999998069
0.08623336499977086
0.0865646629999901
0.08433963700008462
0.08549488100015878
0.08475580000003902
0.08777852799994434
0.08748483699991993
0.08751849000009315
0.0877467219997925
0.08304980000002615
0.08611751799980993
0.08532894000018132
0.09176260899994304
0.0865084349998142
0.0838920030000736
0.08694749000005686
0.0870583899995836
0.08556315599980735
0.08389620699972511
0.0840523580000081
0.08183722700005092
0.08508758700008912
0.08688976100029322
0.08673303499972462
0.08663882499968167
0.09025535600039802
0.08990661699999691
0.08824112800039075
0.08708965100004207
0.08648956800016094
0.0900310819997685
0.08565569899974435
0.08401596799967592
0.08304781800006822
0.08565895799983991
0.08799463099967397
0.08749181000030148
0.08735067399993568
0.08757756499971947
0.08653748599999744
0.08727942799987431
0.08941961999971682
