0.09570222000002104
0.10804192800014789
0.11222052099992652
0.11059286099998644
0.089536464000048
0.08978841599991938
0.08946315200000754
0.07550364600001558
0.07355718000007982
0.07482858799994574
0.07332350900014717
0.10264601000017137
0.09279691299980186
0.08885245500005112
0.06957605300021896
0.06874212499997157
0.07011988500016741
0.07128478200002064
0.0695670479999535
0.06901255599996148
0.0693884639999851
0.09651943800008667
0.09778174100028991
0.10976356000037413
0.07069848699984504
0.11076480800011268
0.1064276570000402
0.10711656600005881
0.10522737900009815
0.10585688999981357
0.10612612899967644
0.10655669000016132
0.11999796100008098
0.11886242400032643
0.12012966600013897
0.12205763399970238
0.11949186300034853
0.11713509999981397
0.10861952899995231
0.07776711399992564
0.07679825399964102
0.10439899199991487
0.10425179699996079
0.10453255799984618
0.12670867799988628
