0.12251772399986294
0.12175921099969855
0.07044078899980377
0.09967436300030386
0.09940267000001768
0.09888739500001975
0.06426069600001938
0.06832125500022812
0.0702826459996686
0.09841373899962491
0.09905086600019786
0.06552103099966189
0.06449115799978244
0.06647833799979708
0.11144393700033106
0.10294586500003788
0.06682291100014481
0.06818799800021225
0.06635608099986712
0.09162428099989484
0.06689592300017466
0.06988588499962134
0.10622716499983653
0.06996126200010622
0.12429369900019083
0.09673271199972078
0.07974508300003436
0.0809009680001509
0.07947931400030939
0.0795595360000334
0.09042576299998473
0.10337182100010978
0.10380696099991837
0.10343458999977884
0.10247988000037367
0.12579971700006354
0.1256758310000805
0.09197342500010564
0.06773352699974566
0.06488525500026299
0.0682314289997521
0.07072637200008103
0.06661162299997159
0.06717500200011273
0.0997334920002686
