0.0035466569988784613
0.0006710739999107318
0.00035129299976688344
0.000686662000589422
0.00028886399923067074
0.0004090649999852758
0.0009424530016985955
0.00042547799966996536
0.000463009000668535
0.0003343379994475981
0.00099514899920905
0.0003951620001316769
0.0006887010003993055
0.0003989509987150086
0.004780801999004325
0.0004654730000765994
0.000321130999509478
0.0010092060001625214
0.00033178400008182507
0.006313403999229195
0.00042344199937360827
0.0028746049993060296
0.0007856499996705679
0.00041788399903452955
0.00034349899942753837
0.0005772010008513462
0.0008934269990277244
0.00037433600118674804
0.0026500209987716516
0.004425963999892701
