0.0003796090004470898
0.002190833998611197
0.0011115730012534186
0.0007880619996285532
0.0008309229997394141
0.0008418400011578342
0.000899939001101302
0.001026489000651054
0.015364544000476599
0.0008297559998027282
0.0008566129999962868
0.0007962649997352855
0.05038934399999562
0.0006274870011111489
0.0008068810002441751
0.0006125840009190142
0.002445377998810727
0.0018856580009014579
2.804620133998469
0.002561594999860972
0.0011783270001615165
0.0007979690017236862
0.0013230080003268085
0.00881128500077466
0.05270320000090578
0.002054587999737123
0.001806560998375062
0.0005306620005285367
0.0005095109991088975
0.0020010010011901613
