0.0008396329994866392
0.0009454899991396815
0.001080636000551749
0.0016590929990343284
0.0008188490010070382
0.0016451209994556848
0.0007338710001931759
0.0005499399994732812
0.0006957629993848968
0.00087690700092935
0.0011600760008150246
0.0005835230003867764
0.0017528380012663547
0.0008479770003759768
0.006964668998989509
0.0010062470009870594
0.0010096370006067446
0.0008290529985970352
0.0018919499998446554
0.0008883270002115751
0.0005457759998535039
0.0009639119998610113
0.0004983130002074176
0.0018170539988204837
0.0013241289998404682
0.0012619919998542173
0.004207518000839627
0.0007404110001516528
0.0011743300001398893
0.0010743669990915805
