0.0005579580010817153
0.0005928499995206948
0.005162767000001622
0.0031308920006267726
0.0003512090006552171
0.0026132990005862666
0.0015353160015365575
0.004150668000875157
0.0011738780012819916
0.0032645339997543488
0.0016017140005715191
0.0012134459993831115
0.001727868000671151
0.0013701339994440787
0.0013890799982618773
0.001500540000051842
0.0004193559998384444
0.0030768670003453735
0.0043402829996921355
0.0054491910013894085
0.00524051899992628
0.001167366999652586
0.0010847590001503704
0.002212450999650173
0.0007214470006147167
0.0013836399994033854
0.0005808189998788293
0.001255459999811137
0.0005873760001122719
0.0021595479993266053
