36.6938713395679
49.132908660533445
38.657129953727356
57.83524682484799
56.2931511735857
8.59631451468758
0.1683124767412955
28.130860680649366
0.028633866918863854
15.437234408598718
11.760303667256427
58.31481852292893
4.2371290695048645
41.01125600529412
21.44673259461087
30.361862695575567
22.57581661340971
47.14404104467902
53.812034979079364
14.456501520017337
15.832856397901807
29.310043106647854
34.87657734767143
90.54092146465908
11.49268810659786
81.88616945455945
22.748694528827404
12.357364887003095
7.646673295007909
37.8312045420177
