44.81152779262838
34.73714013281977
52.1149803416481
18.42001953157713
28.47161509831357
15.965644654683333
53.05093565962487
13.319349566380334
63.13987374718013
28.754394582087414
65.29833290702638
12.119090242929163
53.395311280924716
124.96435592993431
31.778989834048396
60.83486104707984
131.147789016333
17.89298061802528
22.211434027050117
63.686403541619214
71.91304051902544
65.60874092179039
65.56955409509607
14.191026722459572
69.0484053708455
65.73103778914437
19.460977328783677
23.35871089920179
22.948745502445735
60.716903882596604
