22.936015287043066
6.561917434142548
1899.8786663593812
15.594083425353686
305.946442380708
646.4879440258545
354.8158983103208
856.0693715582432
47.05062086346117
752.3510793403985
11.902549063073586
52.4309483139502
53.648045579440286
34.43333437730269
287.99967288838315
17.441050805258012
23.536481039261005
9.866569010812558
13.71769078578886
13.126598644162417
47.77512612740655
149.7497111293425
1519.308872730613
425.81174351059815
26.668768109956048
372.25134753486026
435.5442199228223
19.23988977449427
583.9191204133842
30.232984148058982
