2.784109599999965
2.7069458659999555
2.487581535000004
2.5368518299999323
2.488679090000005
2.531372264999959
2.4763047459999825
2.7614313779999975
3.0041411649999645
2.9952549859999635
2.5392487620000566
2.898293227999943
2.8308030579999013
3.035833362999938
3.055125192000105
2.435070021999991
2.521990648000042
2.714363558999935
2.6732191319999856
2.7292681730000368
2.4964938790000133
2.616833841000016
2.556796480999992
2.542379063999988
2.615262303999998
2.483812392999994
3.1249468839999963
3.264546999000004
2.5200718770000776
2.5288736240000844
2.4966029710000157
2.5058752859999913
3.175325495999914
3.2166874730000927
3.195857009000065
2.6797035179999966
3.7486436269999786
2.4401518170000145
2.4756425030000173
2.493311892000065
2.5077893959999074
2.4913060840001435
2.6592617239998617
2.6749996579999333
2.3529150889999073
