1.365127981968713
2.6647621175606875
195.41299303944317
2.60328917878727
3.001496899280063
190.83314415437005
4.608251645141031
192.43785632839226
195.78654292343387
192.43785632839226
1.2029264063008056
189.82782212086659
4.341230386826162
2.6697759415223263
2.2543684766037293
3.389781360552108
128.57810718358039
1.3700153007554747
132.65046296296296
132.65046296296296
132.65046296296296
136.04050925925927
5.7735718862437775
135.5787037037037
135.5787037037037
135.5787037037037
128.31365740740742
137.03587962962962
137.03587962962962
134.3587962962963
134.3587962962963
2.4473482732220084
137.207656612529
135.49828962371723
137.85614849187934
2.347594993203903
4.901613096905896
139.63169897377423
1.458728589043939
136.2405929304447
138.61136890951275
132.6704675028506
134.97911832946636
133.79247434435575
136.12064965197214
