129.15577889447235
1.8960744067981479
2.645679857975593
2.493797588620214
133.78248384781048
139.80420105026258
1.060125583425674
2.2566201665973704
118.07726931732934
7.185697764070933
139.41436050860133
2.545530219292859
139.93923480870217
133.91170136396266
139.93923480870217
133.91170136396266
2.6026282417536475
134.07178750897344
6.202233250620347
107.35146743020759
1.207690449347721
1.5445857246520218
138.03610906411203
1.158174389962568
2.2281944088957144
5.562773670231857
111.26346015793251
1.5931192010765636
129.17875089734386
2.7696828358208956
2.554073759467686
135.3390847711928
2.5545969574094842
132.8810770381451
127.17394416607016
2.9050161111912662
1.4835755020683874
2.195189413041153
146.77344336084022
140.45154343144293
138.20105026256564
0.7033611724103281
6.008236354695952
2.251023622047244
112.5933983495874
