5.014171806830149
5.153604325819736
92.72115384615384
94.05106138841079
2.236397124887691
142.80608146873206
140.78676470588235
142.80608146873206
2.205893162314633
137.7423981640849
135.79468325791856
1.5541026915013512
147.32107983917288
143.20826353992183
147.32107983917288
8.002564251996038
157.56282271944923
1.727042567003617
108.27151162790697
6.9171896844046525
134.96749854904238
1.2794940704938074
6.872204666990763
131.2698781195589
129.09703196347033
131.2698781195589
3.2102642252033884
5.46860479718699
2.394006568144499
4.841429476758604
2.6267527161296313
4.595308548985851
96.3583945732052
95.34633027522936
93.99886941775014
1.2969170053981978
2.325831833671555
141.26453488372093
137.27401129943502
141.26453488372093
137.27401129943502
1.6546816808707066
3.2128345421385247
128.4607122668174
6.559891764167841
