1.274596174929955
170.52086049543678
171.9783037475345
8.087864313703058
9.530469562955256
2.1370117026537003
102.35723684210527
5.578065816450637
2.1230836444515053
2.5166388949262237
1.1690565225579082
0.959188107999688
113.03808273145108
109.86407147415443
5.636973149926028
1.6818458190662102
172.4278215223097
167.69623484365027
172.4278215223097
167.69623484365027
8.786980682720296
1.7604923973121116
3.811763542168973
1.9468279732168707
9.505875152998776
198.24633056796426
203.3062827225131
2.045122197042349
8.213205771643663
2.2802292263610315
4.051318058635132
108.61492734478203
1.2372201194764922
107.59153998678123
103.55343511450381
107.59153998678123
3.8150172887425002
184.12994722955145
2.1088921717964224
1.7279915747310992
1.2782825719708293
120.6509186351706
117.3401403956605
120.6509186351706
0.7821433844681251
