1.7261570692890513
144.2979270602906
161.36180599965735
132.84689227933023
71.29915986819685
90.80714372181365
67.11650367259315
74.270582526753
60.606097247218365
64.67775480566718
82.06925627835689
83.53178049484714
81.59050692180122
86.20341150054992
84.82740548272552
107.98886164138882
95.027012531296
104.6023359573344
97.57260868387591
96.83179926255066
115.38817939621318
116.40595909235218
115.70107952044626
100.38782259544712
117.01811359398036
121.54268590031094
119.07442081067845
124.82540520356024
105.8512481459537
848.3043594500568
