9.37082105802485
1.5951151707704527
2.170787083753784
1.7484289479018853
1.7599904283321368
0.42745921898171035
2.109581646423752
1.9008820798514392
1.9970438054286481
2.170288024254674
2.2542327331362535
2.174077817079333
2.1588282719699006
2.1104738154613467
1.7583982800322493
2.112177867609904
2.2179521633969363
2.059878726629611
2.2136522440204245
1.9161192521475492
2.0634238108035476
1.6430015159171298
2.140284869658694
2.026932668329177
2.377586670249933
1.9646286003031834
1.4189733942488578
1.8774633653360282
2.1628594463853803
2.129358261748358
2.3138941144853535
1.8458817584638707
2.1005106154259607
2.152097018696311
2.2316581564095674
1.916877210712481
1.9373824240795485
1.9747347145022738
2.19672131147541
1.8337544214249621
2.2007524858908893
2.174077817079333
2.19672131147541
2.0885286783042396
2.316581564095673
2.059878726629611
2.2007524858908893
2.144264780192016
2.2449481157837248
2.0927036481759123
1.9379199140016126
1.9747347145022738
2.280032249395324
1.9398686205154119
2.125614418350628
2.12782340862423
2.1492537313432836
2.0213039014373715
2.38253178551686
2.01411704312115
1.8725815367606413
1.470482546201232
2.38253178551686
2.101899383983573
2.1061359867330016
2.2125256673511293
2.3839137645107793
1.9707392197125257
1.9115533443891652
2.1881559220389803
2.1005106154259607
2.0689742294087923
2.0190808922332706
2.0295603840323397
2.177102929320075
1.9608388074785246
2.1628594463853803
2.1331480545730166
1.8954582101585595
2.0856493178372917
2.153184627788229
2.0689742294087923
2.1005106154259607
2.1205154118241536
2.274388605213652
1.93911066195048
2.0897608169846817
1.7473471450227387
2.316581564095673
2.073521980798383
2.0518677774791723
1.658852867830424
2.2244675040961224
1.9604722792607803
2.3839137645107793
2.0980492813141685
2.345771144278607
1.9039923954372624
2.1907997909043386
1.8818973862536301
1.7809811671704254
1.909249129786176
1.889076848719188
1.9433117851815018
2.099323344610923
1.9783689706613625
1.6822136297728372
2.185231228244654
1.8554857419043016
1.9433117851815018
1.8791686805219914
2.0034808552958725
1.6434907695996164
2.0355456127268208
1.8861650485436894
2.142679592344022
1.8300970873786409
2.0355456127268208
2.0599514563106798
2.069351230425056
1.978883495145631
2.1516281382053193
1.840776699029126
1.9694258016405668
1.6786407766990292
1.9865771812080537
1.954126213592233
2.03181705195128
1.978883495145631
2.142679592344022
2.092233009708738
2.1556052696992296
1.840776699029126
1.9967685806611981
1.887378640776699
2.1439224459358686
1.6145631067961166
2.001242853591847
1.8970873786407767
2.1439224459358686
1.9533980582524273
2.1205567984091473
1.887378640776699
1.9391001739995029
1.987621359223301
1.6524981357196122
1.887378640776699
2.1439224459358686
2.1012135922330097
2.140193885160328
1.6356796116504855
2.10763112105394
1.8970873786407767
1.9356201839423315
1.8970873786407767
2.2125279642058167
1.987621359223301
1.9428287347750435
1.9893203883495145
1.9391001739995029
1.6152912621359223
2.1518767089236888
2.0934466019417477
2.0355456127268208
1.5238095238095237
1.7815063385533185
1.8970873786407767
2.2085508327119063
1.916504854368932
1.9627143922445935
1.9446601941747572
2.020382798906289
1.8970873786407767
2.106388267462093
1.841504854368932
2.197613721103654
2.0934466019417477
2.026597066865523
2.05873786407767
1.962962962962963
1.9621359223300971
2.10365398956003
1.8628640776699028
2.1439224459358686
1.840776699029126
1.9428287347750435
1.987621359223301
2.0372856077554062
2.0286407766990293
1.9546925566343043
2.0182215743440235
2.0228685060899827
1.8996598639455782
1.9428287347750435
2.0954810495626823
2.1556052696992296
2.0174927113702625
2.1603281133482475
2.1146744412050533
1.7822520507084265
2.0954810495626823
1.969674372358936
1.8989310009718172
2.0355456127268208
1.8892128279883382
1.8985831469052945
1.8556851311953353
2.060651255282128
1.8573858114674442
1.9428287347750435
1.8537414965986394
2.0947054436987322
1.946550048590865
1.8814317673378076
2.10689990281827
2.000497141436739
1.8892128279883382
1.969674372358936
1.8311467444120506
1.9015659955257271
2.0954810495626823
1.6263982102908277
1.98955296404276
1.9428287347750435
2.0954810495626823
1.9328859060402686
2.0918367346938775
1.9085259756400696
2.0918367346938775
2.142679592344022
1.5896501457725947
2.020382798906289
1.9808066083576288
1.9786229182202337
1.8396501457725947
2.1096196868008947
1.7976190476190477
1.9659458115833954
1.98955296404276
2.000497141436739
1.8989310009718172
2.1556052696992296
1.8989310009718172
1.9428287347750435
1.98955296404276
1.8376833209047974
1.98955296404276
2.0942083022619937
1.8989310009718172
2.1556052696992296
2.0954810495626823
2.0479741486452894
2.1124878522837705
1.9328859060402686
1.9560252672497571
1.9428287347750435
1.8989310009718172
1.8859060402684564
2.0954810495626823
2.1001739995028585
1.8556851311953353
2.10365398956003
2.127065111758989
2.1213025105642553
2.109815354713314
1.827491921451653
1.8892128279883382
1.9291573452647277
1.946550048590865
1.8714889386030327
1.8892128279883382
2.142679592344022
2.123906705539359
2.10763112105394
1.8892128279883382
2.309719115088243
2.073372206025267
2.0355456127268208
1.7665208940719144
1.9428287347750435
1.7135568513119535
2.0372856077554062
1.8549562682215743
1.9428287347750435
2.0918367346938775
1.9786229182202337
2.0954810495626823
2.026348496147154
1.98955296404276
2.2652249565001243
1.8432944606413995
1.9428287347750435
2.10689990281827
2.142679592344022
1.8556851311953353
2.1439224459358686
1.7113702623906706
2.127019637086751
2.073372206025267
1.9659458115833954
2.0954810495626823
1.6534924185930897
2.0055879494655007
1.8985831469052945
2.0352283770651116
1.9428287347750435
2.0954810495626823
1.3124533929903057
2.2218172983479105
1.6263982102908277
1.8493683187560739
1.9915485955754413
2.001214771622935
1.9428287347750435
1.946550048590865
1.9699229430773055
1.7755102040816326
1.9975142928163063
2.0942662779397474
2.064131245339299
1.8989310009718172
1.9428287347750435
2.0954810495626823
2.0355456127268208
1.9808066083576288
1.623912503107134
1.5235665694849367
2.018394233159334
1.9625850340136055
1.6987322893363161
2.0954810495626823
2.1439224459358686
2.0954810495626823
2.142679592344022
1.9939261418853256
1.8409147402435992
1.8432944606413995
2.0869997514292815
1.98955296404276
1.7847377578921204
1.8493683187560739
1.4581158339547602
1.8646744412050535
2.1556052696992296
1.1720467632175886
2.02591847005536
2.0195621797857477
1.9667840966280825
1.816022356776898
1.9084046300956214
1.8202142524452725
2.0478107700050328
1.8455985095482068
1.994212380473075
1.5214252445272474
2.0452944136889784
1.9867256637168142
2.051585304479114
1.8986958546809503
1.9778560644187217
1.8202142524452725
2.051333668847509
1.8751746623195156
1.9084046300956214
1.6022356776897997
1.9667840966280825
1.7780624126688402
2.06064418721691
1.7661853749417793
1.90463009562154
1.9073104076520155
2.04272430258859
0.4126733750339951
2.158933333333333
2.24012474012474
1.7729171786679774
2.187232905982906
2.2119155354449473
2.1124465811965814
2.007792860734037
2.1167200854700856
1.9648064353946706
2.3036858974358974
1.9547511312217194
2.2417200854700856
1.9856711915535445
2.312232905982906
1.9580191050779285
2.302350427350427
2.127450980392157
1.9887820512820513
1.9922071392659628
2.1776175213675213
2.1184012066365008
1.5368589743589745
2.0017596782302665
2.187232905982906
1.5532931121166416
2.3036858974358974
2.135243841126194
2.0876068376068377
2.077174459527401
2.0264423076923075
1.6759678230266466
2.187232905982906
1.5135746606334841
2.140758547008547
1.9298642533936652
2.3162393162393164
2.1669180492709903
1.9887820512820513
2.0585721468074407
2.083600427350427
2.127450980392157
2.236912393162393
2.1327300150829562
2.0876068376068377
1.746606334841629
2.1183226495726495
2.0585721468074407
2.0729166666666665
1.8946706887883358
2.338675213675214
2.007792860734037
2.361645299145299
2.1669180492709903
2.2646901709401708
2.0231271995977878
1.7724358974358974
2.033182503770739
1.7475961538461537
1.961035696329814
2.204861111111111
2.1314731020613373
2.0790598290598292
1.738562091503268
2.187232905982906
1.7702362996480643
2.187232905982906
2.038712921065862
2.0876068376068377
2.054801407742584
1.7123397435897436
1.6447963800904977
2.0264423076923075
1.7541478129713424
2.1776175213675213
2.179989944695827
1.7926605504587156
1.7853295716850475
1.8715083798882681
2.2108232880225698
2.1417930300611863
1.8153372659656322
2.068635275339186
2.2241600410361633
1.8762968874700718
2.1479866632469866
2.1785049215216814
1.994357527571172
2.2279861665336527
1.9740959220312901
1.3490164266882985
2.003194103194103
2.163473500870863
2.1307125307125308
2.162478228415029
2.1466830466830467
2.0597163473500872
1.6855036855036856
1.964916645931824
1.955036855036855
1.9718835531226673
1.9105651105651105
1.960686737994526
1.8864864864864865
2.1460562328937547
1.955036855036855
1.5702911171933316
1.864127764127764
1.9447623787011694
2.012039312039312
2.02861408310525
2.012039312039312
2.0308534461308785
1.9206388206388207
2.0430455337148543
1.9471744471744472
1.4273276474769012
1.953853706431026
2.0838517044040805
2.1286205203730977
2.109728788255785
2.115856651939126
1.9447623787011694
2.082474226804124
1.8840507588952475
2.0076092292587138
2.1577506842498133
1.9185076092292588
2.109728788255785
1.504909180166912
2.1047524259766113
1.9666175748649974
2.1117193331674544
2.1286205203730977
1.9348096541428217
2.1286205203730977
2.088330430455337
1.8748159057437408
1.9447623787011694
1.7152675503190966
2.144812142323961
1.932744231713304
1.8770838517044042
2.15193912616593
1.8748444886787758
1.8838978890525282
1.9718835531226673
1.9185076092292588
2.122667330181637
1.9185076092292588
1.9447623787011694
1.6413843888070692
1.8997263000746454
2.094747177221404
2.1577506842498133
1.606038291605302
2.1117193331674544
2.001227295041728
2.0375715352077632
1.9187530682376044
2.1460562328937547
1.9185076092292588
2.0375715352077632
1.9086892488954346
2.1460562328937547
2.1286205203730977
1.954963921373476
1.9452626411389298
2.162975864642946
2.1286205203730977
1.5267479472505598
2.072410407461954
1.9875590943020651
1.9086892488954346
2.1460562328937547
2.0940108001963673
2.088330430455337
2.094747177221404
1.899228663846728
2.001227295041728
1.1549580354367424
1.8401582131223826
1.435974901231699
1.7398790134946487
2.011852196142226
2.005583992554677
1.8071113176853357
1.9450907398790136
1.9511968394143622
1.5053513261982316
1.8071113176853357
1.7652396463471383
1.8889147106669766
1.8724988366682178
2.0153381361840577
1.9811540251279665
1.9030908668370905
1.513029315960912
2.004415524052986
1.5125639832480224
1.8710202184522426
1.9848766868310843
1.5424122705089471
1.8438808748255002
1.9832674877992098
1.9523033969288042
1.4905879618870554
1.513029315960912
1.9030908668370905
2.0421126105165195
1.8071113176853357
1.9492787342950209
1.9219149430629794
1.622847836202885
1.8947246107366953
1.9322940902745462
1.8164071577968859
1.8697068403908794
1.8703230304438763
1.2852807283763277
1.8310810810810811
1.2075153050453873
1.7683699324324325
1.4308634156639224
1.4119510135135136
1.7287312645134052
1.8486064189189189
1.5725142495250157
1.6205658783783783
1.8547603968756596
1.763724662162162
1.3795620437956204
1.7825168918918919
1.5212159594680177
1.591427364864865
1.481317289423686
1.7920185810810811
1.6499894447962846
1.7290962837837838
1.7679966223348111
1.7869510135135136
1.7679966223348111
1.5929054054054055
1.6430230103440997
1.6019847972972974
1.7679966223348111
1.7618243243243243
1.8306945324044754
1.669974662162162
1.739286468228837
1.7903293918918919
1.6499894447962846
1.624366554054054
1.6202237703187672
1.7504222972972974
1.641545281823939
1.650337837837838
1.5718809373020899
1.6418918918918919
1.790584758285835
1.7683699324324325
1.7302089930335656
1.7869510135135136
1.6995989022588136
1.6437922297297298
1.8306945324044754
1.5622888513513513
1.503694321300401
1.7290962837837838
1.8306945324044754
1.8019425675675675
1.7211315178382942
1.7825168918918919
1.5925691365843362
1.725929054054054
1.7082541693054676
1.7685810810810811
1.7287312645134052
1.7100929054054055
1.8207726409119696
1.7290962837837838
1.7211315178382942
1.772804054054054
1.6913658433607768
1.8201013513513513
1.8306945324044754
1.5920608108108107
1.6499894447962846
1.650337837837838
1.7603968756597002
1.8211570945945945
1.620857082541693
1.6733530405405406
1.77897403419886
1.8310810810810811
1.275279712898459
1.8310810810810811
1.7287312645134052
1.8201013513513513
1.6423896981211736
1.7290962837837838
1.670466540004222
1.7290962837837838
1.8306945324044754
1.4371457152384128
1.5442561205273069
1.801462680146268
1.8441096463695335
1.6812217681221768
1.6354885959405734
1.6726177672617768
1.8037246285833857
1.4073994407399442
1.369114877589454
1.6515379651537965
1.7857292320569156
1.4493439449343946
1.3513796716730702
1.6429339642933964
1.5855799373040753
1.7046676704667671
1.7113897596656218
1.804258980425898
1.8014629049111808
1.390406539040654
1.432601880877743
1.8541621854162185
1.812330198537095
1.6726177672617768
1.812330198537095
1.6233598623359862
1.8014629049111808
1.8541621854162185
1.6039707419017764
1.6726177672617768
1.6271682340647857
1.7483329748332974
1.7638453500522466
1.7614540761454076
1.4417416189697465
1.5803398580339858
1.812330198537095
1.6812217681221768
1.7828631138975966
1.7311249731124974
1.6334378265412748
1.6812217681221768
1.773667711598746
1.4493439449343946
1.8342737722048066
1.801462680146268
1.6819226750261234
1.6812217681221768
1.703866248693835
1.790062379006238
1.625078369905956
1.8726607872660788
1.7529780564263322
1.7317702731770273
1.7253918495297806
1.900408690040869
1.8014629049111808
1.7311249731124974
1.703866248693835
0.4092575138757985
1.5898813521379
2.194639956686519
1.7915696320447136
2.234188938872718
1.9142722562411683
2.06827202963747
1.7774375883184172
2.2384228631913206
1.9637305699481866
2.0928817147393493
1.920160150730099
