0.7317145580000215
0.7135898569999881
0.7281031279999866
0.7292976680000152
0.7306011800000078
0.7203359119999959
0.721316188000003
0.7170766570000069
0.8371044529999949
0.8148787989999846
1.1138650070000153
0.8330838759999892
0.8288515149999967
0.8260282490000463
0.82905236900001
0.8333891240000071
0.5645087590000344
0.8442148749999774
0.8391795679999632
0.7099078570000188
0.6598389640000164
0.6601525410000022
0.6579482399999961
0.8287334030000011
0.8266368479999642
0.8466554120000183
0.8227028729999688
0.6493177399999581
0.6388384190000238
0.8010638040000231
0.7532934560000513
0.5948319660000152
0.5860886989999585
0.587357542999996
0.5811230339999724
0.5993701570000098
0.853850078999983
0.8396610049999822
0.65985215500001
0.5933331329999874
0.5939205860000243
0.6755822469999657
0.6870305170000393
0.6858918629999948
0.6830870179999806
