0.5083802089999381
0.9201227229999631
0.8719297850000203
0.8776287120000461
0.5533601409999847
0.5686440780000339
0.5712359599999672
0.552230752000014
0.562194317000035
0.5649732720000884
0.5674899150000101
0.5563609770000539
0.7805561100000205
0.7743954110000004
0.922406613000021
0.9282484230000136
0.5171590229999765
0.5361173919999374
0.6077997670000741
0.8948006560000294
0.8956834670000262
0.89579856499995
1.0236553720000074
1.0145496869999988
0.8404757310000832
0.8386116740000489
0.8402101110000331
0.659566042999927
0.6431750949999469
0.6414875590000975
0.635509221999996
0.6491901079999707
0.6462725800000726
0.6236068790000218
0.8547090519999756
0.8627746509999952
0.818878924000046
1.0623914750000267
0.5986457139999857
0.8194189759999517
0.6191002020000269
0.8470502379999516
0.6043225950000988
0.6097572450000825
0.9420587150000301
