0.5483215860000428
0.590844486999913
0.6012597919999507
0.5821347959999912
0.5843174289999524
0.589616736000039
0.582483658000001
18.582034368999985
18.724988461999942
19.164787866999973
18.70039060800002
0.8686138030000166
0.8407016890000705
0.40604642999994667
0.4106445730000132
1.1891799709999304
1.2773209480000105
1.24450823199993
1.251289437999958
1.254663497000024
1.2600393369999665
2.7815041870001096
2.8182047190000503
2.7667205120000062
2.769140368999956
2.911282562999986
2.756647806999922
0.4439141560000053
0.4781871720000481
0.47933600500005014
0.7592991189999339
0.4533437459999732
0.5299677990000191
0.5301681460000509
0.6106680699999743
0.6017760979999593
0.4067634049999924
0.40878576399995836
0.4102446349999127
0.897177653999961
0.896330073999934
0.6717450049999343
0.7757329369999297
0.7821433420000403
0.4563676550000082
