1.412837005557601
223.69770365241772
27.991251671158746
413.86832926204835
24.130762733225666
267.7875996112811
22.682724562112277
146.1952272693442
221.58525901576095
207.70604365490135
323.3762686404289
231.62379698032547
265.89620530675546
169.45009448672738
124.62637421998164
17.375538174323072
304.90220196760515
221.92914491904025
246.41470429349403
254.17167341331637
114.09078777869142
21.908396430836476
225.96970441071326
27.538947348134176
166.31339596360712
206.984874866593
19.40717568452635
199.66742829223932
26.36916528192574
281.93660396614086
303.3280355117998
231.23135343585128
24.784278008596353
227.07853149951654
172.24494772320614
165.27530385089247
19.099695299740443
274.00687557297977
26.455011362951893
206.4401048849101
145.34109374137896
231.08516212369855
16.22349370527193
259.28943305303795
146.12448133801317
