0.08447712700000004
0.011231828
0.011300183999999991
0.01139275400000006
0.004477285999999969
0.0032568050000000293
0.0030283200000000843
0.002909284000000012
0.0029945410000000727
0.00301990799999996
0.0030469579999999885
0.003308763000000048
0.003187652000000041
0.0031839849999999448
0.0031097479999999678
0.00288782200000004
0.0029518590000000566
0.0030025989999999947
0.0029903240000000997
0.00310109599999997
0.003352613999999976
0.003246756999999989
0.0027683770000000996
0.002735651999999922
0.0031430439999999837
0.0031204460000000545
0.0032342770000000076
0.003017736000000104
0.0030953479999999978
0.003146653000000166
0.003029501000000101
0.0031813209999997927
0.003213265999999937
0.003213954000000019
0.003446988999999956
0.003396685999999871
0.0034339090000001793
0.0036078480000001356
0.003433471999999993
0.0034910850000000604
0.003514102000000019
0.0036355509999999036
0.0034727939999998902
0.0029003489999999132
0.0029718370000000327
