0.005454089999999745
0.3821297139999995
0.04276152500000041
0.04313509300000007
0.004014575000000242
0.009301296999999487
0.009254558999999496
0.004295390000000232
0.004292546000000286
0.004776475999999974
0.004082064000000329
0.004899707999999947
0.0050490930000002265
0.005298984000000395
0.004341651999999918
0.004547286000000206
0.005263549999999562
0.005147045000000183
0.020901848000000278
0.00425348300000028
0.004382591999999796
0.004877151000000524
0.004976038999999766
0.0046647779999995365
0.004615056999999645
0.004538782000000019
0.0044694729999994465
0.004370348000000135
0.005144398999998856
0.035252222000000444
0.035668148000000954
0.004607851000001162
0.00475274400000103
0.004495104000000083
0.05422944399999885
0.007274887999999535
0.004952861999999669
0.0044474169999997315
0.004400218000000677
0.004056152000000424
0.004238691999999489
0.0041353369999992395
0.004221461000000204
0.004163628000000585
0.004188305999999642
