19.100978876867593
18.739149888143178
16.12517862246356
4.912026204960225
2.480344266108397
9.30307467057101
11.031011235955056
0.9153759594050892
31.340619902120718
0.37836931741987395
19.100978876867593
18.739149888143178
16.12517862246356
4.912026204960225
2.480344266108397
9.30307467057101
11.031011235955056
0.9153759594050892
31.340619902120718
0.37836931741987395
19.100978876867593
18.739149888143178
16.12517862246356
4.912026204960225
2.480344266108397
9.30307467057101
11.031011235955056
0.9153759594050892
31.340619902120718
0.37836931741987395
