0.00033604999998715357
0.0018349880001551355
0.00039768000033291173
0.0022223249998205574
0.001638524999634683
0.0006201870000950294
0.0008717109999452077
0.000826415999654273
0.0010845529996004188
0.000801852000222425
0.003249300999868865
0.00044163699976706994
0.0007287819998964551
0.000611829000263242
0.0004609089996847615
0.0004849649999414396
0.00044610699978875346
0.0005597170002147323
0.0009603539997442567
0.0006701100001009763
0.00044066500004191766
0.0025398450002285244
0.0004346050000094692
0.0004612090001501201
0.0008931150000535126
0.002305714000158332
0.0005158260000825976
0.0004749489999085199
0.0008139669998854515
0.0007554869998784852
