0.0011327709999022773
0.00045185299995864625
0.0004140700002608355
0.00042465499973332044
0.0006801340000492928
0.00045493500010707066
0.00043616500033749617
0.0009684480000942131
0.0003608639999583829
0.0024221009998655063
0.00039470399997298955
0.0004364880001048732
0.00035319100015840377
0.0003794440003730415
0.0003675150001072325
0.004067461999966326
0.00041925899995476357
0.000378215999717213
0.00038132000008772593
0.00037685600000259
0.0013331320001270797
0.0004009939998468326
0.0004133120000915369
0.0004861509996771929
0.000493131999974139
0.00046147800003382144
0.0005518650000340131
0.00034625499984031194
0.0004134290002184571
0.0006372409998220974
