0.00038388199982364313
0.0004069050000907737
0.0006498889997601509
0.0007932779999464401
0.00047280200033128494
0.0003693439998642134
0.00035723800010600826
0.001088952999907633
0.0003590780002014071
0.0003476770002635021
0.0004092369999852963
0.0004195739998067438
0.0003750910000235308
0.0005146839998815267
0.00039183199987746775
0.0014826470001025882
0.007970755999849644
0.0007221539999591187
0.0007198160001280485
0.0007131720003599185
0.0007223100001283456
0.00043926600028498797
0.00033933300073840655
0.0003948980001950986
0.022037448000446602
0.00041860500004986534
0.00038993999987724237
0.00047545800043735653
0.0003600879999794415
0.00034858600065490464
