0.0003981529998782207
0.0009098700002141413
0.002185313000154565
0.001667323000219767
0.0005691559999831952
0.0009477229996264214
0.0020382610000524437
0.0027487329998621135
0.0010845819997484796
0.00041264999981649453
0.0005406000000220956
0.0012111850001019775
0.0006857980006316211
0.00068160099999659
0.000495199000397406
0.0004004079992228071
0.00048589100060780765
0.0004451489994607982
0.0004202740001346683
0.00043181999990338227
0.0014714949993503978
0.0005283999998937361
0.0020375300000523566
0.0005817530000058468
0.00039495199962402694
0.0006811709999965387
0.0009909689997584792
0.000433936000263202
0.000672828999995545
0.0005878800002392381
