8.933798295882614
3.9539728102695717
1.6266779697774418
0.6762520799678645
25.207371796886804
11.90570636843055
3.346449617890679
1.0033142705165068
4.2385221922692216
10.600766547537505
7.874776889423721
3.9248471091764054
1.85803984570213
0.6862855686800121
23.694448753899344
12.99256370125507
3.091703643957452
0.9674134026660783
4.061703435568965
10.676598219126213
7.888664890271183
3.2102516457097563
1.8398311761793842
0.6853204890660465
21.44729495325283
13.694177933882814
3.111002433905154
1.0011672605546587
3.5135012543509223
10.123640319045995
