7.63966735974297
8.969438049770732
4.534817129448051
2.3218328644560478
7.960347920809633
12.225426006518818
3.0877723431882305
2.2274215034234675
13.800436445745827
3.8600881543711525
8.008311758573647
9.787468354583421
5.121938762909194
2.329949540046011
8.325460881237897
10.917688930133847
3.0742313227265057
2.3465837077235996
12.873935374140933
3.990080240883079
8.165508991615386
9.83460803422787
4.888841989395192
2.2972450462668434
8.038506824900379
11.614509821121375
3.0775049021754257
2.210802260803917
13.203268385486412
4.207677030594739
