10.494952962967243
3.9133290703640724
3.914171284862195
2.3402786114119776
6.2688609235391555
0.8782928734332835
3.9892553245337545
5.794260861811117
12.152488762185301
5.857843249268107
10.411132943232648
3.232736979570734
4.588052382434933
2.337660528293744
6.375261465575128
0.8970280872587941
4.083537324963139
6.180890620228852
12.26687290388381
2.3665417987813524
9.324078077228593
3.5295278708506372
3.8553289124327095
2.1770363484699033
5.447887332501576
0.8487309032905445
4.305751930592274
5.241858862824175
11.239637739848865
4.859747027507111
