0.002511801000000702
0.00029248299999906635
0.00028306299999769635
0.0002798179999992101
0.00039044000000032497
0.0005173129999995751
0.0002872059999994292
0.0036129050000006657
0.0002732590000000812
0.00029858300000285
0.00023378000000207066
0.00023513800000074525
0.00030441400000214003
0.0002959890000013843
0.0002344349999994222
0.00026337799999964773
0.00029468299999990677
0.0002510439999987568
0.000291867000001389
0.001203538000002169
0.0002982459999998355
0.00027325299999958474
0.00030044200000034493
0.0002571049999993136
0.00041400399999957926
0.0004393440000001192
0.00025308200000040415
0.0003422010000022624
0.00027353700000176673
0.07851298700000342
0.0029203359999989686
0.0002504939999994349
0.00023993399999966414
0.00027850600000078884
0.0005249449999986666
0.0004946670000016695
0.00025616299999953185
0.0036535659999969994
0.00024111100000112629
0.0002796060000029854
0.00028519700000018133
0.00026157099999934985
0.00024699500000124885
0.0002466769999998064
0.00026833400000114693
0.00027751799999720106
0.0002764779999999689
0.0002449139999995964
0.00031951200000079893
0.0012780889999994827
0.00022057700000033265
0.0002771149999993838
0.00028198200000062457
0.0002447070000002327
0.0003844560000025865
0.0004390349999994214
0.00024593699999897467
0.0003149869999994337
0.00027874599999933025
0.0793019870000009
