0.0004146469999994906
0.0014125609999986466
0.0022408620000007318
0.000442040999999449
0.0004089709999988145
0.0004217850000003409
0.0004501619999999207
0.000811477999999255
0.0015444160000015472
0.0004603840000001469
0.0007277039999991075
0.0019505709999982912
0.0008477810000009356
0.0003658209999990447
0.0011211160000001996
0.002275811000000516
0.04932434500000227
0.000843265000000315
0.0005494500000011726
0.0005142929999983892
0.0006319369999978619
0.0004075760000006312
0.0028898419999983105
0.0004120350000000883
0.012689164999997615
0.0004020959999984086
0.0009588889999996297
0.016691414000000293
0.013698297999997777
0.00045948900000070125
0.0003870429999999203
0.001467298999997979
0.002010347000002355
0.0008970619999999485
0.00040015400000115164
0.0005144580000013832
0.0004271329999987472
0.0008306020000006242
0.0017140650000015967
0.0005428690000002234
0.0007001189999975566
0.0019508269999981565
0.0007826160000021787
0.00044192999999737026
0.0010925469999989446
0.0024892660000013223
0.04836784000000094
0.0009221850000002974
0.0005571010000018362
0.0004867100000005564
0.0004704340000003526
0.00042996500000214155
0.003018108000002684
0.0004786449999976128
0.012777355000000767
0.000376603999999503
0.0010141620000005958
0.016838620999998
0.013551699000000639
0.00048794699999987756
