0.00032007599999994696
0.0006467279999999853
0.0004831629999997311
0.00044213900000000805
0.0005645200000001793
0.0003904900000000211
0.00043392099999994826
0.00041943600000005077
0.00042043400000002507
0.00046387999999986107
0.00024828500000007026
0.0005234689999999986
0.0003997700000000215
0.0005391679999999788
0.0005712720000001781
0.0004526469999999172
0.0004404550000001173
0.0005381760000000568
0.000470663999999843
0.00047387199999970875
0.00028201699999996777
0.000608047000000056
0.00045183199999998536
0.000456018000000169
0.0005794149999998055
0.00042128300000010555
0.0004271619999998144
0.0005376109999999379
0.0004442590000000024
0.00044938800000027257
