0.0004397310000001653
0.00045998400000035744
0.00034052600000000766
0.0003176420000001734
0.0003562110000001617
0.0003350250000000443
0.0003965049999998804
0.00039626299999984127
0.00035788299999994777
0.00035906000000007765
0.0004944060000000583
0.0004267659999999118
0.00034837400000009566
0.0003633199999999448
0.0003623789999998017
0.0003567459999995748
0.00031611899999983706
0.00033885800000010846
0.0003683670000000916
0.0003534720000000213
0.000419912999999994
0.000395960000000084
0.00039513199999952064
0.00035164599999992774
0.000357425999999883
0.0003979509999996189
0.0003920900000000671
0.0003142490000000997
0.0003452889999997488
0.0003934509999998781
