0.00035253300000004373
0.0004240209999997191
0.000413238000000149
0.0003851100000002994
0.00035530599999988866
0.000342949999999842
0.0003304240000003844
0.00039572499999973587
0.00032008500000024753
0.00041440700000006103
0.00036703800000026376
0.00034093700000026317
0.00032379200000010044
0.0003499489999998495
0.0003369079999999691
0.0002861690000002248
0.00035565800000014747
0.000355655999999982
0.0003540939999999715
0.0003578429999997468
0.00033617299999999517
0.0003655569999998498
0.0003134280000001155
0.00036255699999987456
0.00038712200000023955
0.00034780000000012024
0.0003556120000003382
0.00033808100000021213
0.00038498900000005776
0.00032878499999977606
