0.0004198450000005849
0.0004229200000001043
0.00040771799999994585
0.00035983900000058355
0.0005033330000001612
0.000311656000000049
0.00039429999999995857
0.00044082199999984084
0.00042164200000005536
0.0003539100000002904
0.00040812900000020136
0.0003329269999996498
0.00044544500000043286
0.0004298989999993452
0.00044206299999949294
0.0004426899999998568
0.00035735400000014295
0.000387575999999612
0.0003924770000001132
0.00041786199999993556
0.0004373010000007227
0.00035056600000071825
0.0003769269999995828
0.0003882179999994406
0.00042028000000016164
0.0003688510000001699
0.000417792000000361
0.0007543630000004242
0.0003742159999999828
0.00037227600000022676
